person 0.6789 -5 166 179 491
person 0.6195 11 140 310 495
person 0.2500 150 100 338 490
person 0.0352 1 259 34 288
person 0.0250 3 240 36 282
person 0.0137 0 258 18 291
person 0.0081 200 47 333 389
person 0.0031 53 25 329 405
person 0.0019 123 226 296 496
person 0.0018 1 246 42 298
person 0.0013 211 308 330 503
person 0.0013 196 450 310 499
car 0.0016 0 40 329 465
bus 0.0044 -4 23 335 406
train 0.0034 -4 23 335 406
chair 0.0012 207 476 290 499
chair 0.0012 117 483 197 500
chair 0.0010 192 453 303 499
sofa 0.0018 -1 218 321 488
sofa 0.0013 169 311 328 503
