person 0.0923 483 223 499 327
person 0.0135 481 136 499 333
person 0.0027 453 211 500 335
person 0.0015 403 143 429 219
person 0.0015 486 218 499 291
person 0.0012 409 145 428 173
bicycle 0.0282 403 143 429 219
motorbike 0.0018 403 143 429 219
bird 0.0043 483 223 499 327
cat 0.0017 483 223 499 327
dog 0.0031 483 223 499 327
horse 0.0038 483 223 499 327
horse 0.0017 481 136 499 333
sheep 0.9851 53 188 276 312
sheep 0.0390 483 223 499 327
sheep 0.0346 182 191 267 310
sheep 0.0342 233 261 278 308
sheep 0.0117 481 136 499 333
sheep 0.0071 454 145 500 321
sheep 0.0070 57 193 151 300
sheep 0.0059 412 151 498 314
sheep 0.0054 214 243 276 309
sheep 0.0017 405 224 494 332
sheep 0.0015 485 202 499 268
sheep 0.0014 59 187 124 244
sheep 0.0012 32 101 468 316
sheep 0.0011 248 256 273 303
sheep 0.0011 213 205 301 301
cow 0.0074 483 223 499 327
cow 0.0025 403 143 429 219
cow 0.0016 481 136 499 333
sofa 0.0010 483 223 499 327
