person 0.0462 10 314 34 354
person 0.0053 1 316 20 345
person 0.0027 484 282 500 336
person 0.0011 472 332 498 365
car 0.9949 358 324 499 384
car 0.9805 233 328 328 373
car 0.9367 173 325 242 363
car 0.6893 108 326 139 350
car 0.6460 85 325 115 347
car 0.5834 19 311 83 366
car 0.5748 133 323 183 358
car 0.2712 1 316 20 345
car 0.1313 10 314 34 354
car 0.0909 250 324 309 344
car 0.0795 472 332 498 365
car 0.0379 220 327 251 359
car 0.0316 270 323 323 343
car 0.0234 123 321 164 348
car 0.0166 479 333 499 387
car 0.0132 230 335 294 367
car 0.0102 5 306 55 357
car 0.0090 163 327 195 358
car 0.0081 220 323 250 345
car 0.0068 190 324 249 345
car 0.0066 80 324 104 352
car 0.0044 291 336 334 366
car 0.0044 407 320 462 341
car 0.0044 450 313 492 336
car 0.0038 455 322 497 383
car 0.0035 240 326 312 357
car 0.0030 299 319 331 342
car 0.0029 425 320 475 339
car 0.0029 270 329 330 362
car 0.0021 120 316 216 369
car 0.0017 25 310 74 345
car 0.0016 157 322 199 344
car 0.0014 448 309 500 355
car 0.0013 398 325 464 372
car 0.0012 395 317 431 341
car 0.0012 51 308 84 343
car 0.0010 5 301 54 322
motorbike 0.0077 1 316 20 345
bus 0.0022 15 308 84 362
bus 0.0013 5 301 54 322
