person 0.2445 1 0 56 68
person 0.0765 23 69 349 436
person 0.0478 1 -5 146 289
person 0.0323 2 71 154 423
person 0.0255 11 1 139 49
person 0.0178 2 3 122 85
person 0.0059 120 129 315 452
person 0.0040 -2 0 50 22
person 0.0016 7 -7 233 363
bicycle 0.0012 212 215 317 423
car 0.0081 59 -3 389 114
car 0.0010 -26 -25 411 238
motorbike 0.0014 22 90 349 476
boat 0.0016 22 90 349 476
bird 0.2611 23 69 349 436
bird 0.0156 120 129 315 452
bird 0.0030 53 103 168 170
bird 0.0020 17 88 181 340
bird 0.0019 223 42 369 231
bird 0.0016 68 278 145 388
bird 0.0015 23 230 281 504
bird 0.0013 45 58 258 307
cat 0.0049 23 69 349 436
cat 0.0034 64 272 149 389
cat 0.0015 49 102 164 158
dog 0.0278 23 69 349 436
horse 0.0140 23 69 349 436
horse 0.0011 120 129 315 452
sheep 0.0047 23 69 349 436
sheep 0.0013 114 211 318 495
cow 0.0948 102 39 363 236
cow 0.0378 23 69 349 436
cow 0.0045 -4 3 387 284
cow 0.0027 120 129 315 452
cow 0.0014 45 58 258 307
bottle 0.0013 7 17 68 71
chair 0.0042 23 69 349 436
chair 0.0023 120 129 315 452
chair 0.0019 42 1 150 42
chair 0.0015 22 86 170 407
chair 0.0013 229 238 294 415
chair 0.0011 233 193 366 390
sofa 0.0094 9 90 305 477
sofa 0.0043 5 97 149 472
sofa 0.0025 1 -5 146 289
pottedplant 0.0024 42 1 150 42
pottedplant 0.0014 291 272 369 372
pottedplant 0.0013 23 69 349 436
pottedplant 0.0010 233 193 366 390
diningtable 0.0041 6 161 309 484
diningtable 0.0018 -13 277 395 512
tvmonitor 0.0019 59 -3 389 114
