person 0.0067 439 191 457 211
person 0.0012 116 104 141 133
car 0.0701 266 205 303 225
car 0.0273 319 207 362 226
car 0.0095 218 201 261 225
car 0.0094 287 206 351 224
car 0.0031 238 207 278 227
car 0.0027 241 219 278 234
aeroplane 0.0024 266 205 303 225
aeroplane 0.0010 218 201 261 225
bus 0.0093 218 201 261 225
bus 0.0082 266 205 303 225
train 0.0012 266 205 303 225
train 0.0010 218 201 261 225
boat 0.5878 41 73 231 265
boat 0.3028 45 125 383 268
boat 0.0564 70 200 362 269
boat 0.0126 439 191 457 211
boat 0.0099 271 206 309 226
boat 0.0098 319 207 362 226
boat 0.0085 31 44 465 293
boat 0.0064 139 184 365 251
boat 0.0053 218 201 261 225
boat 0.0019 287 206 351 224
boat 0.0011 207 190 267 231
