person 0.0612 9 298 415 367
person 0.0138 0 0 62 147
person 0.0071 68 0 503 368
person 0.0033 -16 222 440 357
person 0.0011 37 243 317 370
boat 0.0141 9 298 415 367
boat 0.0011 47 225 533 362
bird 0.0010 142 -9 487 370
dog 0.7374 26 16 475 358
dog 0.0197 70 37 288 256
dog 0.0082 206 -21 503 327
dog 0.0010 2 302 362 371
horse 0.0022 142 -9 487 370
sheep 0.0022 30 303 303 370
sheep 0.0013 142 -9 487 370
cow 0.0092 142 -9 487 370
chair 0.0077 26 16 475 358
chair 0.0064 0 0 62 147
chair 0.0018 1 1 57 49
sofa 0.2528 26 16 475 358
sofa 0.0077 9 298 415 367
sofa 0.0018 0 0 62 147
sofa 0.0015 47 225 533 362
