person 0.6726 303 139 329 169
person 0.0460 330 136 370 164
person 0.0345 272 144 310 169
person 0.0216 258 129 296 157
person 0.0128 225 126 298 169
person 0.0052 270 134 328 175
person 0.0023 232 137 281 170
person 0.0023 277 131 311 159
person 0.0012 260 131 392 163
person 0.0011 49 123 452 311
car 0.4879 56 91 516 293
car 0.0186 21 130 340 297
car 0.0012 193 126 306 161
car 0.0012 272 144 310 169
car 0.0010 293 117 490 266
motorbike 0.0045 69 134 511 298
aeroplane 0.0212 69 134 511 298
aeroplane 0.0178 28 46 543 277
bus 0.0017 56 91 516 293
boat 0.0051 69 134 511 298
bird 0.0094 258 129 296 157
bird 0.0078 225 126 298 169
bird 0.0017 269 140 301 171
bird 0.0014 330 136 370 164
bird 0.0012 232 137 281 170
chair 0.0012 329 134 369 161
