person 0.9565 171 73 481 376
person 0.8022 91 134 238 372
person 0.0262 0 98 23 379
person 0.0185 0 52 48 383
person 0.0148 202 65 377 246
person 0.0147 17 142 403 377
person 0.0094 1 66 103 375
person 0.0057 483 116 499 320
person 0.0045 201 121 298 246
person 0.0036 484 210 500 334
person 0.0021 1 323 27 367
person 0.0020 188 97 319 283
person 0.0019 26 144 172 371
person 0.0017 156 167 345 364
person 0.0010 72 290 148 374
boat 0.0012 -6 220 434 371
cat 0.0015 484 210 500 334
cat 0.0014 256 270 308 364
dog 0.0025 256 270 308 364
dog 0.0013 484 210 500 334
dog 0.0012 91 134 238 372
bottle 0.0300 256 270 308 364
bottle 0.0137 13 331 77 375
bottle 0.0058 287 10 311 52
bottle 0.0048 75 318 126 374
bottle 0.0042 1 323 27 367
bottle 0.0042 253 9 278 44
bottle 0.0032 215 7 235 42
bottle 0.0031 72 2 93 49
bottle 0.0022 215 30 238 61
bottle 0.0020 56 309 149 375
bottle 0.0020 125 330 153 372
bottle 0.0018 42 1 96 53
bottle 0.0016 305 0 330 17
bottle 0.0014 81 349 123 377
bottle 0.0014 194 203 222 236
bottle 0.0013 246 281 334 372
bottle 0.0013 180 7 211 36
chair 0.1613 484 210 500 334
chair 0.0916 171 110 262 197
chair 0.0298 414 210 489 368
chair 0.0207 0 1 105 295
chair 0.0128 85 111 169 208
chair 0.0119 303 179 481 362
chair 0.0093 223 129 261 189
chair 0.0050 285 84 313 163
chair 0.0045 0 141 24 368
chair 0.0039 168 124 239 183
chair 0.0035 485 204 500 268
chair 0.0034 483 116 499 320
chair 0.0031 80 234 128 305
chair 0.0031 74 128 189 238
chair 0.0029 171 73 481 376
chair 0.0027 41 237 297 371
chair 0.0026 162 16 210 39
chair 0.0026 447 190 501 350
chair 0.0025 243 86 288 190
chair 0.0024 13 331 77 375
chair 0.0024 1 65 179 304
chair 0.0022 83 117 127 204
chair 0.0022 10 239 94 368
chair 0.0020 91 134 238 372
chair 0.0019 0 6 53 370
chair 0.0019 171 285 330 372
chair 0.0018 11 90 102 213
chair 0.0017 201 121 298 246
chair 0.0015 180 57 321 236
chair 0.0015 75 296 130 373
chair 0.0014 70 232 141 374
chair 0.0013 129 223 219 370
chair 0.0012 217 4 272 50
chair 0.0012 0 61 18 255
chair 0.0011 180 7 211 36
chair 0.0010 489 229 500 321
chair 0.0010 -7 20 202 214
sofa 0.0913 484 210 500 334
sofa 0.0121 17 142 403 377
sofa 0.0120 414 210 489 368
sofa 0.0104 151 142 498 359
sofa 0.0092 262 73 466 373
sofa 0.0084 303 179 481 362
sofa 0.0050 41 237 297 371
sofa 0.0045 0 141 24 368
sofa 0.0030 91 134 238 372
sofa 0.0025 171 285 330 372
sofa 0.0017 447 190 501 350
sofa 0.0016 483 116 499 320
sofa 0.0015 70 232 141 374
sofa 0.0015 10 239 94 368
sofa 0.0014 1 66 103 375
sofa 0.0012 485 204 500 268
sofa 0.0010 379 70 491 371
diningtable 0.0085 149 245 358 371
diningtable 0.0059 43 279 385 374
diningtable 0.0043 35 217 469 372
diningtable 0.0040 0 1 105 295
diningtable 0.0016 4 46 262 243
diningtable 0.0013 0 -4 348 306
diningtable 0.0012 123 35 317 85
diningtable 0.0011 484 210 500 334
tvmonitor 0.0482 84 -17 198 23
tvmonitor 0.0448 0 141 24 368
tvmonitor 0.0369 107 21 225 65
tvmonitor 0.0307 88 1 205 43
tvmonitor 0.0093 98 0 183 21
tvmonitor 0.0027 217 4 272 50
tvmonitor 0.0014 180 7 211 36
tvmonitor 0.0011 0 0 51 52
