person 0.6817 154 82 331 355
person 0.0158 148 102 175 178
person 0.0110 111 71 471 375
person 0.0065 422 29 471 62
person 0.0051 152 110 172 161
person 0.0048 477 215 500 289
person 0.0037 201 107 295 251
person 0.0036 201 92 369 285
person 0.0024 128 134 155 184
person 0.0022 476 131 499 217
person 0.0021 478 249 499 289
person 0.0014 153 66 290 246
person 0.0014 0 157 19 317
person 0.0013 226 4 250 36
person 0.0012 449 210 501 260
person 0.0011 476 254 499 336
person 0.0011 427 96 506 358
person 0.0010 164 63 275 174
person 0.0010 452 139 479 207
cat 0.0167 15 159 73 207
cat 0.0012 237 275 348 330
dog 0.0015 15 159 73 207
dog 0.0013 422 29 471 62
bottle 0.6327 482 117 500 170
bottle 0.5420 457 118 478 167
bottle 0.3902 467 55 486 99
bottle 0.3808 437 131 456 181
bottle 0.2887 454 152 477 205
bottle 0.1934 437 128 467 200
bottle 0.0626 358 40 379 76
bottle 0.0492 396 64 420 103
bottle 0.0423 387 65 414 99
bottle 0.0418 483 93 499 149
bottle 0.0398 411 82 429 106
bottle 0.0373 357 266 379 307
bottle 0.0338 477 116 500 197
bottle 0.0243 394 46 418 74
bottle 0.0237 305 221 329 273
bottle 0.0226 347 39 368 78
bottle 0.0221 365 30 387 67
bottle 0.0189 481 85 499 113
bottle 0.0178 447 145 468 203
bottle 0.0151 455 109 482 138
bottle 0.0104 350 248 386 302
bottle 0.0095 478 156 499 202
bottle 0.0080 375 161 408 231
bottle 0.0065 420 179 453 214
bottle 0.0060 406 112 495 214
bottle 0.0052 417 64 455 90
bottle 0.0044 477 67 495 105
bottle 0.0042 425 193 450 228
bottle 0.0042 429 65 469 93
bottle 0.0041 431 88 468 108
bottle 0.0034 406 172 456 225
bottle 0.0033 479 175 500 212
bottle 0.0031 380 39 417 96
bottle 0.0030 433 159 469 228
bottle 0.0030 79 34 105 60
bottle 0.0028 480 200 499 239
bottle 0.0027 432 207 467 230
bottle 0.0026 445 176 467 213
bottle 0.0025 436 113 471 169
bottle 0.0023 246 87 273 122
bottle 0.0022 330 42 350 77
bottle 0.0021 377 255 398 288
bottle 0.0021 330 37 352 63
bottle 0.0021 353 157 398 237
bottle 0.0020 453 86 491 109
bottle 0.0019 377 176 400 226
bottle 0.0019 451 156 490 227
bottle 0.0017 387 167 435 226
bottle 0.0015 237 275 348 330
bottle 0.0014 79 44 106 66
bottle 0.0014 353 76 386 92
bottle 0.0014 329 96 405 196
bottle 0.0013 302 230 410 295
bottle 0.0012 453 87 494 154
bottle 0.0012 400 147 463 205
bottle 0.0012 482 232 499 283
bottle 0.0011 403 84 496 158
bottle 0.0011 452 206 497 232
bottle 0.0011 154 102 172 148
bottle 0.0011 417 57 474 104
bottle 0.0011 482 213 500 257
bottle 0.0011 422 91 479 149
bottle 0.0011 77 100 95 145
bottle 0.0011 350 35 389 88
bottle 0.0010 171 0 194 22
chair 0.6958 120 179 240 364
chair 0.2232 265 120 337 229
chair 0.1591 0 162 123 337
chair 0.1496 422 29 471 62
chair 0.1146 329 96 405 196
chair 0.0734 334 112 400 169
chair 0.0618 128 134 155 184
chair 0.0599 148 86 298 351
chair 0.0538 110 121 139 199
chair 0.0519 59 155 134 305
chair 0.0376 107 158 170 307
chair 0.0310 321 138 402 240
chair 0.0249 151 242 247 365
chair 0.0233 403 84 496 158
chair 0.0229 258 100 414 267
chair 0.0191 0 191 22 318
chair 0.0154 255 146 292 247
chair 0.0140 343 149 398 211
chair 0.0135 51 42 143 275
chair 0.0131 277 192 380 248
chair 0.0131 280 207 309 237
chair 0.0129 225 37 250 80
chair 0.0125 70 97 133 265
chair 0.0115 245 23 281 56
chair 0.0111 114 150 134 201
chair 0.0109 0 186 57 335
chair 0.0090 240 12 283 71
chair 0.0084 221 4 254 79
chair 0.0080 85 118 124 198
chair 0.0076 203 50 240 81
chair 0.0076 280 122 393 231
chair 0.0065 145 133 170 176
chair 0.0065 120 180 165 361
chair 0.0063 246 51 274 83
chair 0.0055 228 29 252 61
chair 0.0054 257 33 292 59
chair 0.0052 152 110 172 161
chair 0.0046 110 119 138 277
chair 0.0046 232 92 279 144
chair 0.0044 4 5 115 305
chair 0.0043 73 76 187 305
chair 0.0043 126 153 153 190
chair 0.0042 244 170 488 368
chair 0.0041 148 102 175 178
chair 0.0039 203 148 233 182
chair 0.0038 67 110 113 202
chair 0.0037 400 103 462 164
chair 0.0037 200 61 240 93
chair 0.0035 201 107 295 251
chair 0.0035 229 61 249 102
chair 0.0033 197 39 248 89
chair 0.0032 131 212 357 368
chair 0.0032 125 105 168 181
chair 0.0031 347 121 393 147
chair 0.0031 107 68 140 172
chair 0.0029 272 160 328 234
chair 0.0028 5 150 95 239
chair 0.0027 97 88 171 210
chair 0.0026 113 121 132 169
chair 0.0026 0 199 13 268
chair 0.0025 196 5 247 77
chair 0.0025 245 60 270 93
chair 0.0025 252 154 273 195
chair 0.0025 79 142 429 377
chair 0.0025 243 135 284 223
chair 0.0024 282 4 306 44
chair 0.0024 164 118 277 235
chair 0.0024 234 281 362 378
chair 0.0022 226 4 250 36
chair 0.0022 222 154 242 194
chair 0.0022 117 134 161 213
chair 0.0021 102 83 246 300
chair 0.0020 253 39 308 86
chair 0.0020 0 247 18 302
chair 0.0020 89 167 198 356
chair 0.0019 423 54 473 76
chair 0.0019 394 46 418 74
chair 0.0019 347 39 368 78
chair 0.0018 277 0 320 52
chair 0.0017 217 57 365 246
chair 0.0017 93 128 117 179
chair 0.0017 232 108 281 207
chair 0.0017 162 150 258 289
chair 0.0016 223 144 244 179
chair 0.0016 242 52 281 119
chair 0.0016 276 186 320 240
chair 0.0016 315 75 466 172
chair 0.0016 269 140 362 251
chair 0.0015 249 11 277 33
chair 0.0015 248 0 304 52
chair 0.0015 117 163 211 299
chair 0.0015 303 31 325 60
chair 0.0014 237 275 348 330
chair 0.0014 155 313 244 377
chair 0.0014 56 57 120 188
chair 0.0014 401 34 494 103
chair 0.0014 233 121 281 147
chair 0.0014 216 45 256 112
chair 0.0014 246 127 314 263
chair 0.0013 62 77 99 161
sofa 0.0031 422 29 471 62
sofa 0.0021 0 162 123 337
sofa 0.0010 234 281 362 378
pottedplant 0.0477 49 36 81 62
pottedplant 0.0222 50 7 86 43
pottedplant 0.0074 15 159 73 207
pottedplant 0.0034 365 30 387 67
pottedplant 0.0023 449 210 501 260
pottedplant 0.0021 482 213 500 257
pottedplant 0.0020 477 215 500 289
pottedplant 0.0015 282 4 306 44
pottedplant 0.0015 480 200 499 239
pottedplant 0.0015 358 40 379 76
pottedplant 0.0014 298 3 322 38
pottedplant 0.0010 402 212 504 268
diningtable 0.3927 244 170 488 368
diningtable 0.0898 156 73 496 376
diningtable 0.0600 0 162 123 337
diningtable 0.0046 128 134 155 184
diningtable 0.0046 403 84 496 158
diningtable 0.0044 242 291 478 375
diningtable 0.0026 406 112 495 214
diningtable 0.0025 275 269 448 349
diningtable 0.0022 114 129 134 188
diningtable 0.0021 85 118 124 198
diningtable 0.0020 305 94 502 282
diningtable 0.0019 364 215 510 381
diningtable 0.0019 323 73 407 174
diningtable 0.0019 310 25 501 201
diningtable 0.0016 313 54 470 152
diningtable 0.0016 222 24 430 204
diningtable 0.0015 261 108 339 213
diningtable 0.0013 244 51 348 115
diningtable 0.0012 277 192 380 248
diningtable 0.0012 302 230 410 295
diningtable 0.0011 325 50 485 96
diningtable 0.0010 204 213 394 369
tvmonitor 0.0061 357 -2 392 14
tvmonitor 0.0048 249 11 277 33
tvmonitor 0.0028 262 122 335 233
tvmonitor 0.0016 394 46 418 74
tvmonitor 0.0011 330 113 396 164
