person 0.9665 232 132 339 217
person 0.9025 146 144 213 248
person 0.8528 2 185 116 371
person 0.8477 393 222 483 372
person 0.5114 383 132 437 217
person 0.5075 79 162 187 354
person 0.4684 357 150 437 295
person 0.0660 96 154 188 279
person 0.0528 333 146 422 258
person 0.0326 66 180 133 348
person 0.0216 338 200 364 233
person 0.0197 324 209 499 373
person 0.0123 137 327 205 371
person 0.0111 335 192 373 250
person 0.0110 153 68 175 105
person 0.0081 417 173 440 216
person 0.0079 378 190 442 313
person 0.0078 34 121 55 154
person 0.0069 393 133 421 172
person 0.0066 281 78 303 108
person 0.0055 354 304 381 370
person 0.0055 7 294 96 374
person 0.0049 -1 189 16 361
person 0.0041 364 157 417 236
person 0.0039 330 219 409 305
person 0.0038 106 141 227 324
person 0.0037 50 196 227 383
person 0.0032 90 312 195 376
person 0.0029 16 111 36 155
person 0.0022 470 183 500 259
person 0.0020 375 133 427 188
person 0.0020 278 184 392 257
person 0.0019 407 173 433 215
person 0.0019 388 210 432 299
person 0.0018 0 288 19 372
person 0.0018 476 283 499 373
person 0.0018 18 299 178 377
person 0.0018 478 196 499 351
person 0.0017 95 157 153 226
person 0.0017 482 147 500 178
person 0.0015 141 156 254 273
person 0.0015 402 77 430 114
person 0.0015 384 133 417 159
person 0.0014 292 166 447 372
person 0.0012 398 237 431 311
person 0.0012 162 70 190 104
person 0.0012 478 181 498 222
person 0.0011 217 121 358 251
person 0.0010 301 176 415 291
person 0.0010 474 331 499 373
person 0.0010 366 217 468 331
person 0.0010 287 135 339 208
person 0.0010 0 109 18 288
bird 0.0014 153 68 175 105
cat 0.0014 153 68 175 105
dog 0.0061 153 68 175 105
dog 0.0041 162 70 190 104
horse 0.0017 153 68 175 105
bottle 0.5307 354 304 381 370
bottle 0.0492 268 249 295 294
bottle 0.0330 338 200 364 233
bottle 0.0302 203 314 228 348
bottle 0.0275 404 267 428 307
bottle 0.0186 97 193 406 357
bottle 0.0179 322 204 349 234
bottle 0.0177 241 247 268 288
bottle 0.0176 270 231 293 280
bottle 0.0163 34 121 55 154
bottle 0.0143 317 216 344 251
bottle 0.0108 203 238 226 272
bottle 0.0088 208 216 228 249
bottle 0.0064 137 327 205 371
bottle 0.0059 357 302 383 333
bottle 0.0048 194 178 212 224
bottle 0.0047 198 222 235 281
bottle 0.0042 345 214 374 252
bottle 0.0041 16 111 36 155
bottle 0.0040 235 251 259 284
bottle 0.0037 325 251 350 290
bottle 0.0032 317 220 352 287
bottle 0.0031 268 215 289 252
bottle 0.0030 298 204 329 231
bottle 0.0028 174 224 258 311
bottle 0.0028 187 237 220 270
bottle 0.0027 313 204 357 260
bottle 0.0025 291 199 376 255
bottle 0.0022 322 242 348 277
bottle 0.0019 366 323 418 374
bottle 0.0018 239 226 276 286
bottle 0.0017 239 214 329 309
bottle 0.0017 263 206 286 233
bottle 0.0017 198 211 304 306
bottle 0.0016 398 237 431 311
bottle 0.0015 181 230 227 280
bottle 0.0014 276 215 311 294
bottle 0.0014 191 243 239 306
bottle 0.0013 285 219 311 255
bottle 0.0013 19 48 48 86
bottle 0.0012 235 359 291 375
bottle 0.0012 312 304 412 373
bottle 0.0011 375 319 405 349
bottle 0.0011 30 105 55 145
bottle 0.0010 400 330 428 371
bottle 0.0010 335 192 373 250
bottle 0.0010 200 314 236 374
chair 0.4385 390 217 489 371
chair 0.3566 478 196 499 351
chair 0.1799 460 192 488 228
chair 0.1332 473 190 500 285
chair 0.1080 451 190 499 275
chair 0.0805 0 288 19 372
chair 0.0781 441 199 500 348
chair 0.0540 0 325 22 374
chair 0.0413 473 194 497 243
chair 0.0333 417 173 440 216
chair 0.0286 476 283 499 373
chair 0.0253 338 200 364 233
chair 0.0238 433 208 472 231
chair 0.0225 404 267 428 307
chair 0.0220 484 259 499 333
chair 0.0181 0 292 101 372
chair 0.0175 474 331 499 373
chair 0.0156 455 286 494 374
chair 0.0145 388 210 432 299
chair 0.0142 432 291 472 371
chair 0.0142 478 204 498 261
chair 0.0128 0 299 43 370
chair 0.0128 428 209 485 265
chair 0.0118 0 278 12 349
chair 0.0103 392 294 489 372
chair 0.0088 481 303 499 360
chair 0.0080 0 225 15 364
chair 0.0073 478 181 498 222
chair 0.0066 7 218 103 372
chair 0.0060 -1 259 11 324
chair 0.0060 0 245 14 303
chair 0.0058 427 188 484 244
chair 0.0057 409 191 502 283
chair 0.0056 472 146 500 249
chair 0.0055 455 175 499 228
chair 0.0054 417 272 443 312
chair 0.0053 150 147 208 239
chair 0.0053 194 178 212 224
chair 0.0053 407 173 433 215
chair 0.0051 456 332 486 374
chair 0.0051 423 199 450 230
chair 0.0051 77 250 129 330
chair 0.0043 355 222 381 253
chair 0.0042 430 215 478 245
chair 0.0041 398 237 431 311
chair 0.0037 322 204 349 234
chair 0.0036 484 216 499 291
chair 0.0035 224 179 249 212
chair 0.0030 426 324 479 374
chair 0.0029 403 235 424 280
chair 0.0028 323 184 348 217
chair 0.0027 208 177 229 214
chair 0.0023 399 251 466 333
chair 0.0022 149 215 176 258
chair 0.0021 309 184 335 210
chair 0.0020 454 214 491 251
chair 0.0019 67 303 116 364
chair 0.0019 110 278 140 310
chair 0.0018 433 276 459 309
chair 0.0018 52 332 89 365
chair 0.0018 144 157 192 267
chair 0.0017 439 183 464 217
chair 0.0017 378 190 442 313
chair 0.0017 148 237 181 270
chair 0.0017 392 298 433 368
chair 0.0015 400 330 428 371
chair 0.0015 335 192 373 250
chair 0.0014 130 214 156 259
chair 0.0014 69 234 93 263
chair 0.0014 140 200 183 265
chair 0.0013 93 295 123 328
chair 0.0013 379 278 405 311
chair 0.0013 69 230 140 350
chair 0.0012 461 275 487 314
chair 0.0012 404 222 461 292
chair 0.0012 89 317 119 346
chair 0.0012 437 307 463 356
chair 0.0011 68 334 101 366
chair 0.0011 437 285 461 336
chair 0.0011 72 310 105 352
chair 0.0011 0 227 13 283
chair 0.0011 127 180 151 214
chair 0.0010 458 310 484 356
chair 0.0010 48 270 85 358
chair 0.0010 100 264 148 325
chair 0.0010 380 256 405 288
chair 0.0010 90 333 124 367
chair 0.0010 357 150 437 295
sofa 0.0026 0 225 15 364
sofa 0.0024 0 288 19 372
sofa 0.0021 387 211 496 375
sofa 0.0015 0 260 102 367
sofa 0.0013 479 259 499 360
sofa 0.0011 -1 259 11 324
pottedplant 0.1740 16 102 40 148
pottedplant 0.1477 14 98 54 155
pottedplant 0.0341 34 121 55 154
pottedplant 0.0057 30 105 55 145
pottedplant 0.0022 291 199 376 255
pottedplant 0.0010 20 90 50 121
diningtable 0.3266 62 218 435 372
diningtable 0.0074 255 214 465 375
diningtable 0.0066 143 295 376 372
diningtable 0.0046 479 214 499 364
diningtable 0.0031 433 208 472 231
diningtable 0.0026 80 167 255 362
diningtable 0.0015 473 194 497 243
diningtable 0.0013 312 304 412 373
diningtable 0.0012 129 308 290 374
diningtable 0.0012 460 192 488 228
diningtable 0.0011 484 259 499 333
