person 0.8448 4 85 168 360
person 0.5994 320 91 508 369
person 0.4817 92 88 487 290
person 0.0915 154 79 417 244
person 0.0185 130 136 179 195
person 0.0163 0 130 14 180
person 0.0151 71 86 287 290
person 0.0124 0 74 18 245
person 0.0100 143 151 172 194
person 0.0095 1 75 61 375
person 0.0062 0 158 17 270
person 0.0060 347 125 458 232
person 0.0059 0 137 17 365
person 0.0050 444 214 499 379
person 0.0049 241 142 350 238
person 0.0046 -3 83 364 354
person 0.0043 95 158 167 287
person 0.0031 99 134 177 244
person 0.0018 0 14 14 184
person 0.0016 0 153 15 198
person 0.0014 4 126 105 259
person 0.0014 202 52 520 346
person 0.0012 0 84 10 156
person 0.0012 378 196 408 230
person 0.0010 140 141 175 179
person 0.0010 1 109 43 204
person 0.0010 434 67 501 384
person 0.0010 321 88 495 237
bottle 0.7664 178 262 219 368
bottle 0.1718 315 253 342 301
bottle 0.0872 304 254 342 324
bottle 0.0819 212 286 244 370
bottle 0.0681 208 263 236 359
bottle 0.0534 233 240 259 317
bottle 0.0119 209 247 239 309
bottle 0.0091 283 272 309 310
bottle 0.0085 238 215 273 285
bottle 0.0075 232 235 258 276
bottle 0.0074 0 130 14 180
bottle 0.0063 237 261 267 323
bottle 0.0053 209 267 233 320
bottle 0.0047 137 260 283 371
bottle 0.0044 230 263 251 320
bottle 0.0036 93 292 327 373
bottle 0.0034 296 288 328 326
bottle 0.0032 183 259 212 282
bottle 0.0032 210 246 234 276
bottle 0.0032 0 74 18 245
bottle 0.0029 304 276 336 315
bottle 0.0026 248 216 271 260
bottle 0.0025 240 253 265 294
bottle 0.0024 185 267 215 312
bottle 0.0021 237 303 288 359
bottle 0.0021 296 281 341 333
bottle 0.0021 212 279 234 338
bottle 0.0019 228 314 255 354
bottle 0.0019 211 319 261 369
bottle 0.0018 201 271 374 347
bottle 0.0018 213 312 240 349
bottle 0.0018 288 289 316 329
bottle 0.0017 0 257 424 370
bottle 0.0017 241 291 267 328
bottle 0.0015 178 319 218 375
bottle 0.0015 263 273 292 310
bottle 0.0015 259 303 371 366
bottle 0.0013 115 275 147 359
bottle 0.0013 215 331 249 366
bottle 0.0010 220 265 252 353
chair 0.1045 104 222 156 290
chair 0.0489 113 232 148 312
chair 0.0322 126 239 151 280
chair 0.0122 95 158 167 287
chair 0.0106 2 129 123 378
chair 0.0081 444 214 499 379
chair 0.0077 368 158 428 228
chair 0.0071 378 196 408 230
chair 0.0056 0 130 14 180
chair 0.0055 225 224 411 289
chair 0.0043 99 134 177 244
chair 0.0043 352 129 502 382
chair 0.0040 327 219 370 239
chair 0.0035 419 271 437 323
chair 0.0035 341 220 403 241
chair 0.0033 472 242 499 380
chair 0.0031 -1 103 17 256
chair 0.0029 414 200 490 345
chair 0.0028 138 88 426 276
chair 0.0027 263 143 369 241
chair 0.0026 87 227 166 320
chair 0.0026 347 125 458 232
chair 0.0024 5 177 97 267
chair 0.0022 137 226 290 287
chair 0.0019 260 190 383 263
chair 0.0018 8 149 37 179
chair 0.0016 0 197 105 314
chair 0.0016 119 244 143 300
chair 0.0015 453 283 499 374
chair 0.0015 0 89 173 292
chair 0.0015 136 143 176 196
chair 0.0014 184 134 307 241
chair 0.0013 84 232 134 308
chair 0.0013 363 202 396 237
chair 0.0013 444 311 465 356
chair 0.0012 147 233 170 276
chair 0.0012 343 188 404 244
chair 0.0012 82 290 125 309
chair 0.0011 352 204 462 332
chair 0.0011 367 186 424 241
chair 0.0011 324 187 376 243
chair 0.0010 115 207 164 275
chair 0.0010 147 164 298 269
chair 0.0010 316 179 412 259
chair 0.0010 210 246 234 276
sofa 0.0434 86 113 489 331
sofa 0.0093 49 238 517 375
sofa 0.0081 164 197 478 347
sofa 0.0072 138 88 426 276
sofa 0.0054 260 190 383 263
sofa 0.0027 4 85 168 360
sofa 0.0022 241 142 350 238
sofa 0.0020 264 224 379 300
sofa 0.0018 -32 170 456 360
sofa 0.0010 319 124 506 380
pottedplant 0.0013 0 116 13 171
pottedplant 0.0012 0 72 17 202
pottedplant 0.0012 176 222 324 297
diningtable 0.3764 17 241 472 369
diningtable 0.0518 149 276 500 376
diningtable 0.0394 93 292 327 373
diningtable 0.0143 333 295 470 371
diningtable 0.0140 13 290 179 375
diningtable 0.0133 112 275 213 355
diningtable 0.0121 20 247 258 378
diningtable 0.0109 255 310 372 370
diningtable 0.0102 84 279 166 379
diningtable 0.0074 103 325 301 376
diningtable 0.0060 164 197 478 347
diningtable 0.0058 163 259 242 373
diningtable 0.0048 81 350 349 385
diningtable 0.0038 220 266 421 351
diningtable 0.0033 0 256 110 364
diningtable 0.0027 62 311 187 380
diningtable 0.0026 -23 147 388 379
diningtable 0.0022 86 113 489 331
diningtable 0.0017 319 124 506 380
diningtable 0.0014 187 301 339 365
diningtable 0.0012 393 290 498 375
diningtable 0.0012 84 298 123 312
diningtable 0.0011 270 252 398 330
diningtable 0.0010 235 352 357 380
diningtable 0.0010 28 216 399 331
tvmonitor 0.0038 0 14 14 184
