person 0.0025 128 103 158 128
person 0.0017 69 107 99 139
person 0.0013 176 152 219 176
person 0.0012 232 151 284 173
person 0.0012 219 109 265 128
person 0.0012 218 150 266 174
person 0.0010 28 159 40 234
car 0.7183 -12 69 445 323
car 0.0455 143 117 479 315
car 0.0101 107 91 489 202
car 0.0044 29 68 234 256
car 0.0020 26 70 107 148
car 0.0019 33 123 61 143
aeroplane 0.0046 11 77 490 317
bus 0.0209 83 112 488 319
bus 0.0019 147 92 481 210
bus 0.0011 1 107 24 140
train 0.0066 11 77 490 317
train 0.0049 175 104 464 136
train 0.0015 244 99 477 126
train 0.0013 107 91 489 202
train 0.0011 301 107 486 132
boat 0.0170 78 67 493 323
