person 0.0079 379 90 498 307
person 0.0052 486 183 499 293
person 0.0049 0 25 16 213
person 0.0044 456 276 500 377
person 0.0041 400 1 494 131
person 0.0040 98 41 192 163
person 0.0029 382 -3 499 228
person 0.0027 470 207 498 381
person 0.0026 71 3 268 151
person 0.0025 0 63 22 292
person 0.0021 0 220 15 286
person 0.0021 0 200 21 301
person 0.0017 79 40 428 393
person 0.0016 435 50 500 322
person 0.0014 138 1 287 68
person 0.0013 0 1 17 120
person 0.0013 69 45 214 244
person 0.0012 488 191 500 247
person 0.0011 44 -46 451 206
person 0.0010 116 38 214 114
person 0.0010 409 246 499 382
car 0.0020 1 9 95 287
car 0.0014 0 24 72 176
car 0.0012 490 200 499 276
car 0.0011 0 2 16 157
motorbike 0.0010 -4 61 114 386
bird 0.0108 82 8 424 381
cat 0.0020 400 1 494 131
dog 0.0010 400 1 494 131
sheep 0.0099 130 40 208 81
sheep 0.0053 115 43 210 123
sheep 0.0029 98 41 192 163
sheep 0.0012 82 8 424 381
bottle 0.0037 490 200 499 276
bottle 0.0013 0 207 25 375
bottle 0.0013 0 200 21 301
bottle 0.0011 485 197 499 309
bottle 0.0011 0 220 15 286
chair 0.0929 3 4 86 135
chair 0.0674 456 276 500 377
chair 0.0083 380 115 497 325
chair 0.0058 -1 6 65 76
chair 0.0054 480 183 500 365
chair 0.0049 400 1 494 131
chair 0.0047 0 0 18 85
chair 0.0041 489 215 500 288
chair 0.0040 406 276 501 376
chair 0.0038 78 7 339 140
chair 0.0037 257 5 385 113
chair 0.0031 485 197 499 309
chair 0.0028 382 -3 499 228
chair 0.0022 1 9 95 287
chair 0.0017 407 199 488 331
chair 0.0017 159 4 329 59
chair 0.0014 47 0 144 128
chair 0.0014 53 -2 220 159
chair 0.0013 256 1 477 141
chair 0.0013 0 36 67 176
chair 0.0012 0 29 14 89
chair 0.0010 204 17 450 192
sofa 0.0029 380 115 497 325
sofa 0.0010 456 276 500 377
pottedplant 0.0379 442 34 498 205
pottedplant 0.0145 382 -3 499 228
pottedplant 0.0094 400 1 494 131
pottedplant 0.0084 82 8 424 381
pottedplant 0.0080 379 90 498 307
pottedplant 0.0042 435 50 500 322
pottedplant 0.0033 201 157 387 365
pottedplant 0.0028 98 41 192 163
pottedplant 0.0023 469 37 501 206
pottedplant 0.0017 116 38 214 114
diningtable 0.0052 0 2 95 126
diningtable 0.0050 -4 61 114 386
diningtable 0.0034 456 276 500 377
diningtable 0.0033 10 6 74 31
diningtable 0.0027 109 3 454 379
diningtable 0.0017 25 156 166 370
diningtable 0.0013 12 219 96 369
diningtable 0.0012 406 276 501 376
diningtable 0.0010 480 183 500 365
tvmonitor 0.0098 3 4 86 135
tvmonitor 0.0072 0 36 67 176
tvmonitor 0.0010 1 9 95 287
