person 0.8562 101 80 187 238
person 0.5939 141 72 255 277
person 0.4649 263 119 488 309
person 0.4640 292 189 377 286
person 0.1398 126 165 376 336
person 0.0686 291 188 340 272
person 0.0589 202 251 300 332
person 0.0550 249 192 350 290
person 0.0485 211 161 447 326
person 0.0213 304 177 399 263
person 0.0191 281 216 304 243
person 0.0190 175 195 320 295
person 0.0136 322 207 385 262
person 0.0100 153 80 491 336
person 0.0091 0 167 121 312
person 0.0087 247 219 307 278
person 0.0069 273 202 322 271
person 0.0049 140 240 289 335
person 0.0046 259 216 299 244
person 0.0039 97 99 143 176
person 0.0031 94 165 121 184
person 0.0027 138 132 179 218
person 0.0027 217 236 338 311
person 0.0026 247 214 281 240
person 0.0020 236 236 285 270
person 0.0020 123 108 177 209
person 0.0020 1 242 85 316
person 0.0018 67 163 100 182
person 0.0017 282 204 303 235
person 0.0017 14 134 47 170
person 0.0017 0 186 68 313
person 0.0014 0 128 22 266
person 0.0014 121 129 195 256
person 0.0013 228 250 294 300
person 0.0013 121 243 222 331
person 0.0012 108 122 139 155
person 0.0012 311 231 333 270
person 0.0011 4 59 355 341
person 0.0011 238 204 289 258
person 0.0010 300 191 341 229
train 0.0024 3 -30 347 287
cat 0.0044 4 242 78 311
cat 0.0014 0 263 22 310
dog 0.1765 1 242 85 316
dog 0.0115 -2 194 104 305
dog 0.0091 0 263 22 310
dog 0.0023 0 238 29 313
dog 0.0010 281 216 304 243
bottle 0.0375 14 134 47 170
bottle 0.0251 27 144 58 172
bottle 0.0195 94 165 121 184
bottle 0.0097 11 126 70 176
bottle 0.0086 67 163 100 182
bottle 0.0083 151 168 175 211
bottle 0.0073 249 202 280 235
bottle 0.0029 36 121 54 165
bottle 0.0023 21 164 72 180
bottle 0.0018 281 216 304 243
bottle 0.0013 5 164 50 178
bottle 0.0011 244 183 265 215
bottle 0.0010 311 231 333 270
chair 0.1182 -6 174 116 293
chair 0.0294 292 189 377 286
chair 0.0253 2 238 84 313
chair 0.0240 152 196 260 286
chair 0.0155 163 149 246 264
chair 0.0153 402 241 499 329
chair 0.0142 139 75 258 311
chair 0.0140 126 165 376 336
chair 0.0135 322 207 385 262
chair 0.0104 409 284 500 333
chair 0.0084 0 186 68 313
chair 0.0068 14 130 51 159
chair 0.0063 6 129 58 175
chair 0.0056 151 168 175 211
chair 0.0055 100 157 144 240
chair 0.0054 0 132 21 302
chair 0.0048 139 163 178 225
chair 0.0044 176 182 300 255
chair 0.0040 104 87 183 256
chair 0.0037 175 195 320 295
chair 0.0035 202 251 300 332
chair 0.0032 360 215 391 255
chair 0.0032 110 177 139 254
chair 0.0028 128 153 169 239
chair 0.0028 94 143 123 173
chair 0.0026 241 194 283 242
chair 0.0026 103 141 132 172
chair 0.0025 127 170 157 252
chair 0.0024 130 182 147 238
chair 0.0024 377 212 399 248
chair 0.0023 0 238 29 313
chair 0.0023 -4 146 115 193
chair 0.0022 443 262 500 328
chair 0.0021 0 256 23 301
chair 0.0018 128 191 220 305
chair 0.0018 94 165 121 184
chair 0.0018 327 285 485 332
chair 0.0017 247 186 305 244
chair 0.0017 242 206 355 296
chair 0.0015 101 162 134 188
chair 0.0014 311 231 333 270
chair 0.0013 -1 171 14 217
chair 0.0012 278 216 319 291
chair 0.0012 -4 75 128 274
chair 0.0012 127 134 211 272
chair 0.0012 310 254 498 324
chair 0.0011 437 171 500 328
chair 0.0011 290 211 337 288
chair 0.0011 249 253 302 304
chair 0.0010 247 214 281 240
chair 0.0010 423 296 484 330
chair 0.0010 211 161 447 326
sofa 0.0581 149 204 420 337
sofa 0.0364 -6 173 126 291
sofa 0.0240 218 249 349 325
sofa 0.0212 292 189 377 286
sofa 0.0195 249 135 502 324
sofa 0.0166 322 207 385 262
sofa 0.0084 242 206 355 296
sofa 0.0051 142 275 364 332
sofa 0.0043 267 244 377 309
sofa 0.0039 402 241 499 329
sofa 0.0030 175 195 320 295
sofa 0.0028 50 148 455 341
sofa 0.0024 182 253 307 331
sofa 0.0020 278 216 319 291
sofa 0.0019 247 219 307 278
sofa 0.0019 4 59 355 341
sofa 0.0018 304 177 399 263
sofa 0.0015 437 171 500 328
sofa 0.0012 360 215 391 255
sofa 0.0012 311 231 333 270
sofa 0.0011 310 254 498 324
sofa 0.0010 74 258 427 350
sofa 0.0010 1 242 85 316
pottedplant 0.0216 249 202 280 235
pottedplant 0.0012 14 134 47 170
pottedplant 0.0010 281 216 304 243
diningtable 0.1818 -4 177 116 295
diningtable 0.0241 -4 146 115 193
diningtable 0.0093 -3 157 130 244
diningtable 0.0083 210 252 381 327
diningtable 0.0067 267 244 377 309
diningtable 0.0041 247 214 281 240
diningtable 0.0025 139 163 178 225
diningtable 0.0024 151 168 175 211
diningtable 0.0024 -17 119 194 297
diningtable 0.0020 84 142 175 244
diningtable 0.0017 21 164 72 180
diningtable 0.0016 307 272 342 298
diningtable 0.0015 1 242 85 316
diningtable 0.0015 101 80 187 238
diningtable 0.0015 5 164 50 178
diningtable 0.0015 250 259 299 310
diningtable 0.0014 -20 135 151 178
diningtable 0.0012 0 169 48 299
diningtable 0.0011 94 143 123 173
diningtable 0.0011 312 258 353 316
diningtable 0.0010 259 216 299 244
diningtable 0.0010 67 163 100 182
