person 0.8560 50 285 129 370
person 0.6376 125 303 206 369
person 0.6097 272 290 405 370
person 0.5519 137 152 227 309
person 0.2375 29 314 70 374
person 0.2207 141 151 268 361
person 0.1646 209 167 434 369
person 0.1439 79 282 131 345
person 0.1340 26 294 56 329
person 0.1283 231 0 419 298
person 0.1047 185 247 290 369
person 0.0674 29 282 55 313
person 0.0603 168 203 260 333
person 0.0403 153 228 339 374
person 0.0372 117 315 174 371
person 0.0343 151 295 275 370
person 0.0312 0 174 27 378
person 0.0306 50 304 76 328
person 0.0304 3 288 45 374
person 0.0291 475 333 498 373
person 0.0287 155 298 203 360
person 0.0249 147 299 180 334
person 0.0240 388 4 496 362
person 0.0219 462 333 493 373
person 0.0218 211 -18 499 392
person 0.0214 139 288 195 340
person 0.0189 93 290 126 334
person 0.0173 -1 179 52 362
person 0.0148 79 292 198 370
person 0.0148 212 278 377 375
person 0.0141 157 99 179 145
person 0.0140 249 232 467 374
person 0.0138 31 312 67 345
person 0.0137 -3 41 51 405
person 0.0131 206 38 230 85
person 0.0131 451 297 499 372
person 0.0127 362 51 383 102
person 0.0120 25 286 66 338
person 0.0111 478 306 499 357
person 0.0090 409 231 495 372
person 0.0085 52 310 79 343
person 0.0084 108 316 135 349
person 0.0083 404 306 494 372
person 0.0078 229 6 353 216
person 0.0076 96 313 124 350
person 0.0072 77 325 131 373
person 0.0069 96 303 146 365
person 0.0068 24 316 122 374
person 0.0067 471 350 495 375
person 0.0065 467 313 499 377
person 0.0063 123 313 167 348
person 0.0063 37 305 87 367
person 0.0063 315 72 500 380
person 0.0060 122 333 155 370
person 0.0056 301 290 492 374
person 0.0047 170 80 202 152
person 0.0046 299 103 329 142
person 0.0041 80 278 127 306
person 0.0040 129 298 163 329
person 0.0038 204 94 231 135
person 0.0037 459 316 493 350
person 0.0037 297 92 346 149
person 0.0036 99 -4 415 382
person 0.0036 114 328 140 369
person 0.0033 311 51 351 115
person 0.0029 195 92 236 185
person 0.0029 470 260 499 368
person 0.0027 176 100 199 144
person 0.0027 172 323 236 373
person 0.0023 141 214 220 332
person 0.0022 119 284 175 348
person 0.0022 149 323 208 373
person 0.0021 422 99 449 137
person 0.0020 137 184 161 213
person 0.0018 187 140 210 175
person 0.0018 380 102 406 138
person 0.0017 153 270 177 311
person 0.0017 475 129 500 340
person 0.0016 298 56 348 139
person 0.0015 476 296 499 338
person 0.0015 475 64 499 255
person 0.0014 63 293 113 329
person 0.0014 151 110 353 354
person 0.0014 200 335 233 372
person 0.0013 0 240 19 299
person 0.0013 181 196 231 243
person 0.0013 209 27 230 70
person 0.0013 9 180 47 217
person 0.0012 127 239 205 351
person 0.0012 136 336 192 372
person 0.0012 208 122 233 159
person 0.0012 80 357 130 374
person 0.0012 376 102 411 173
person 0.0012 186 122 228 197
person 0.0011 381 61 407 97
person 0.0011 0 77 131 372
person 0.0011 176 76 198 122
person 0.0011 107 289 133 329
person 0.0011 444 253 497 338
person 0.0011 2 168 50 226
bicycle 0.0037 437 242 500 370
bicycle 0.0024 381 150 499 375
bicycle 0.0012 444 235 497 307
car 0.0028 81 112 121 135
car 0.0017 149 144 185 167
car 0.0015 144 129 184 152
car 0.0013 6 200 46 228
car 0.0011 145 184 166 209
car 0.0010 23 151 70 172
bus 0.0010 3 114 169 330
cat 0.0014 209 39 508 401
dog 0.0681 186 -3 471 381
dog 0.0449 229 6 353 216
dog 0.0087 209 167 434 369
dog 0.0040 117 306 176 368
horse 0.1266 125 303 206 369
horse 0.1159 171 239 272 364
horse 0.0240 155 298 203 360
horse 0.0204 173 52 483 389
horse 0.0198 141 151 268 361
horse 0.0182 151 295 275 370
horse 0.0175 209 167 434 369
horse 0.0113 153 228 339 374
horse 0.0048 135 227 228 361
horse 0.0044 165 217 246 333
horse 0.0042 0 239 29 380
horse 0.0036 170 301 233 366
horse 0.0027 231 0 419 298
horse 0.0022 229 6 353 216
horse 0.0020 138 187 210 321
horse 0.0016 162 249 202 337
horse 0.0016 92 228 275 375
horse 0.0015 185 279 304 373
horse 0.0014 174 272 228 353
cow 0.2154 172 175 413 367
cow 0.0283 153 228 339 374
cow 0.0193 185 247 290 369
cow 0.0192 186 -3 471 381
cow 0.0048 219 267 359 368
cow 0.0036 125 303 206 369
cow 0.0031 168 203 260 333
cow 0.0028 151 295 275 370
cow 0.0028 141 151 268 361
cow 0.0012 208 205 377 309
cow 0.0011 229 6 353 216
bottle 0.0018 454 260 482 293
bottle 0.0017 444 253 497 338
bottle 0.0017 451 274 480 310
bottle 0.0015 206 38 230 85
bottle 0.0013 462 333 493 373
bottle 0.0012 355 289 385 307
bottle 0.0010 451 297 499 372
chair 0.0658 167 229 203 318
chair 0.0390 171 239 272 364
chair 0.0112 138 187 210 321
chair 0.0099 135 227 228 361
chair 0.0064 165 217 246 333
chair 0.0063 176 229 224 319
chair 0.0058 157 281 201 351
chair 0.0028 138 232 189 316
chair 0.0023 153 270 177 311
chair 0.0021 171 247 196 301
chair 0.0020 147 299 180 334
chair 0.0020 121 272 207 363
chair 0.0015 170 229 197 279
chair 0.0014 139 288 195 340
chair 0.0013 167 271 194 317
chair 0.0012 451 297 499 372
chair 0.0011 250 327 275 369
sofa 0.0028 209 167 434 369
sofa 0.0017 186 -3 471 381
