person 0.9815 50 104 386 401
person 0.0251 34 142 250 410
person 0.0145 476 80 498 130
person 0.0144 418 99 438 142
person 0.0128 433 278 498 390
person 0.0071 480 310 499 358
person 0.0023 51 358 160 407
person 0.0023 470 95 500 138
person 0.0021 415 129 445 154
person 0.0021 482 283 498 340
person 0.0021 182 147 381 349
person 0.0018 455 81 474 130
person 0.0015 482 325 499 368
person 0.0013 415 96 447 151
person 0.0013 411 -1 498 89
person 0.0010 107 14 470 337
dog 0.0018 57 356 159 412
bottle 0.0174 418 99 438 142
bottle 0.0045 424 280 495 380
bottle 0.0020 430 276 486 341
bottle 0.0020 104 394 141 414
bottle 0.0018 482 283 498 340
bottle 0.0017 455 81 474 130
bottle 0.0015 480 310 499 358
bottle 0.0014 435 294 482 405
bottle 0.0011 422 284 442 333
bottle 0.0010 441 347 469 388
chair 0.2467 16 186 160 399
chair 0.0800 57 356 159 412
chair 0.0720 34 142 250 410
chair 0.0236 330 283 376 334
chair 0.0112 52 246 377 404
chair 0.0069 433 278 498 390
chair 0.0043 422 284 442 333
chair 0.0041 430 276 486 341
chair 0.0037 284 325 344 348
chair 0.0028 14 204 109 361
chair 0.0024 480 310 499 358
chair 0.0023 55 295 162 412
chair 0.0020 285 284 377 359
chair 0.0018 204 189 248 206
chair 0.0015 218 196 261 225
chair 0.0014 324 289 400 363
chair 0.0013 113 394 169 413
chair 0.0013 205 195 298 297
chair 0.0012 477 275 499 354
chair 0.0012 410 252 498 331
chair 0.0011 68 128 412 416
chair 0.0011 203 166 240 197
chair 0.0011 27 181 138 312
chair 0.0010 104 394 141 414
chair 0.0010 415 129 445 154
chair 0.0010 287 285 343 344
sofa 0.3183 18 135 340 406
sofa 0.0360 16 186 160 399
sofa 0.0179 52 246 377 404
sofa 0.0047 57 356 159 412
pottedplant 0.0598 396 91 494 336
pottedplant 0.0415 470 95 500 138
pottedplant 0.0313 454 81 495 147
pottedplant 0.0232 458 92 481 141
pottedplant 0.0170 418 99 438 142
pottedplant 0.0118 412 119 478 283
pottedplant 0.0093 415 129 445 154
pottedplant 0.0079 476 80 498 130
pottedplant 0.0053 410 0 498 120
pottedplant 0.0046 455 81 474 130
pottedplant 0.0046 436 35 499 380
pottedplant 0.0040 433 278 498 390
pottedplant 0.0025 440 108 467 141
pottedplant 0.0021 392 93 423 117
pottedplant 0.0020 434 85 477 150
pottedplant 0.0017 432 73 503 201
pottedplant 0.0017 442 41 466 71
pottedplant 0.0015 465 72 500 204
pottedplant 0.0015 423 6 485 67
pottedplant 0.0013 379 49 422 115
pottedplant 0.0012 413 106 451 165
pottedplant 0.0011 433 121 473 196
pottedplant 0.0011 454 119 486 150
pottedplant 0.0011 455 116 493 200
pottedplant 0.0011 474 96 500 301
pottedplant 0.0011 455 143 477 182
pottedplant 0.0011 409 88 488 173
pottedplant 0.0010 444 76 466 123
diningtable 0.4127 172 309 499 418
diningtable 0.1223 251 342 413 406
diningtable 0.0404 231 350 487 418
diningtable 0.0287 298 331 509 407
diningtable 0.0261 411 297 503 405
diningtable 0.0238 187 347 335 403
diningtable 0.0121 51 293 376 411
diningtable 0.0050 241 251 484 407
diningtable 0.0034 123 322 306 409
diningtable 0.0020 316 318 425 384
diningtable 0.0020 89 338 419 431
diningtable 0.0014 72 225 495 413
diningtable 0.0013 167 321 355 387
diningtable 0.0010 342 323 398 364
