person 0.0144 214 343 247 410
person 0.0103 78 346 130 412
person 0.0098 0 183 24 227
person 0.0073 132 330 151 380
person 0.0071 168 326 185 381
person 0.0050 251 221 289 257
person 0.0046 77 327 157 423
person 0.0045 208 323 227 350
person 0.0039 124 329 155 413
person 0.0039 133 317 152 360
person 0.0038 0 247 17 307
person 0.0035 128 354 151 391
person 0.0027 160 372 186 412
person 0.0026 66 219 110 265
person 0.0019 170 353 187 400
person 0.0017 77 320 126 389
person 0.0015 84 362 147 419
person 0.0014 150 323 166 382
person 0.0013 113 343 135 373
person 0.0013 167 323 188 359
person 0.0012 146 378 178 418
person 0.0011 143 315 171 398
person 0.0011 144 316 162 361
person 0.0010 85 380 116 413
person 0.0010 163 321 189 395
person 0.0010 0 179 24 303
person 0.0010 126 375 153 413
person 0.0010 80 356 121 381
bicycle 0.0035 52 405 145 498
bicycle 0.0014 75 410 235 496
bicycle 0.0013 110 405 159 423
bicycle 0.0010 67 332 144 461
car 0.0200 0 191 37 287
car 0.0122 16 242 39 282
car 0.0087 16 257 38 291
car 0.0064 0 197 22 319
car 0.0047 326 243 363 266
car 0.0041 15 222 38 256
car 0.0034 2 232 36 317
car 0.0034 0 240 18 283
car 0.0014 354 263 375 290
car 0.0013 5 198 32 236
car 0.0011 0 223 22 256
car 0.0010 330 261 365 291
motorbike 0.0012 -8 35 374 450
aeroplane 0.0012 -8 35 374 450
bus 0.0156 -4 21 367 395
bus 0.0015 0 191 37 287
train 0.7812 -4 21 367 395
train 0.0061 35 135 172 433
train 0.0019 183 136 322 426
train 0.0014 0 191 37 287
train 0.0011 320 234 376 291
train 0.0010 326 243 363 266
train 0.0010 21 197 354 503
boat 0.0117 4 86 362 472
bird 0.0012 78 346 130 412
chair 0.0148 0 310 23 411
chair 0.0053 78 346 130 412
chair 0.0024 -1 313 25 347
chair 0.0022 61 327 143 423
chair 0.0022 0 247 17 307
chair 0.0012 -1 228 23 360
chair 0.0011 101 412 263 501
chair 0.0011 0 281 34 397
chair 0.0011 16 257 38 291
pottedplant 0.0013 6 282 34 316
pottedplant 0.0010 -1 245 37 346
pottedplant 0.0010 326 243 363 266
diningtable 0.0188 0 310 23 411
diningtable 0.0021 -1 313 25 347
tvmonitor 0.0037 116 412 273 501
