person 0.9819 53 122 94 263
person 0.8194 0 120 43 302
person 0.3737 62 -9 350 388
person 0.0859 14 104 34 146
person 0.0624 10 105 34 177
person 0.0348 197 6 315 370
person 0.0274 0 117 18 165
person 0.0227 91 145 114 177
person 0.0096 57 137 138 377
person 0.0080 0 101 16 142
person 0.0073 70 285 97 374
person 0.0060 1 133 25 178
person 0.0048 73 76 260 373
person 0.0042 12 144 35 177
person 0.0041 72 140 98 176
person 0.0039 68 146 96 360
person 0.0037 0 121 28 244
person 0.0033 119 18 301 201
person 0.0032 0 229 24 313
person 0.0029 51 126 95 192
person 0.0026 88 127 122 191
person 0.0026 58 123 86 153
person 0.0022 52 144 121 283
person 0.0021 65 124 98 153
person 0.0020 272 99 315 298
person 0.0016 73 151 96 197
person 0.0013 14 157 37 190
person 0.0012 220 97 337 354
person 0.0011 0 213 25 261
person 0.0011 54 143 88 178
bicycle 0.0051 62 -9 350 388
car 0.0056 55 -15 302 395
car 0.0013 430 275 467 302
car 0.0012 12 144 35 177
motorbike 0.0124 62 -9 350 388
boat 0.0047 62 -9 350 388
boat 0.0035 88 157 476 366
horse 0.0078 55 -15 302 395
bottle 0.0200 151 41 255 176
bottle 0.0149 142 93 227 190
bottle 0.0133 119 18 301 201
bottle 0.0016 78 9 263 366
bottle 0.0010 168 113 220 175
bottle 0.0010 165 102 243 267
chair 0.0014 73 76 260 373
sofa 0.0015 55 -15 302 395
tvmonitor 0.0055 0 -1 61 142
tvmonitor 0.0011 0 81 16 124
