person 0.0136 112 124 167 189
person 0.0125 282 125 386 243
person 0.0107 93 111 175 256
person 0.0037 265 117 391 172
person 0.0026 110 96 211 183
person 0.0025 19 149 44 180
person 0.0011 12 159 38 184
bicycle 0.8846 72 105 424 344
bicycle 0.0111 224 109 434 287
bicycle 0.0063 54 97 217 364
bicycle 0.0045 81 159 177 272
bicycle 0.0030 77 92 283 295
bicycle 0.0018 249 166 457 340
bicycle 0.0012 154 195 259 308
bicycle 0.0011 246 180 355 285
bicycle 0.0010 12 159 38 184
car 0.0148 267 127 332 145
car 0.0133 470 137 500 171
car 0.0054 452 111 497 135
car 0.0040 263 133 304 147
car 0.0038 33 150 66 176
car 0.0028 165 143 207 161
car 0.0023 437 134 473 155
car 0.0022 110 96 211 183
car 0.0019 0 164 29 186
car 0.0015 167 134 209 156
car 0.0013 224 109 434 287
car 0.0012 457 139 494 173
car 0.0011 19 149 44 180
motorbike 0.0021 72 105 424 344
train 0.0030 112 124 167 189
train 0.0014 265 117 391 172
boat 0.0028 165 143 207 161
boat 0.0013 470 137 500 171
boat 0.0012 58 87 390 366
cat 0.0046 194 194 242 245
cat 0.0021 112 124 167 189
cat 0.0010 167 182 268 255
bottle 0.2276 194 194 242 245
bottle 0.1769 247 186 278 256
bottle 0.1369 226 217 251 253
bottle 0.1001 209 211 242 248
bottle 0.0928 260 185 295 282
bottle 0.0372 241 204 266 256
bottle 0.0360 193 191 222 232
bottle 0.0124 164 178 262 280
bottle 0.0102 265 188 286 240
bottle 0.0099 188 189 219 215
bottle 0.0098 217 203 260 263
bottle 0.0074 181 202 230 266
bottle 0.0073 186 213 223 251
bottle 0.0057 171 197 199 231
bottle 0.0053 262 233 288 279
bottle 0.0040 274 191 319 281
bottle 0.0037 229 230 257 266
bottle 0.0032 201 231 241 268
bottle 0.0031 221 214 264 289
bottle 0.0026 168 178 196 216
bottle 0.0023 262 206 283 263
bottle 0.0023 236 206 275 297
bottle 0.0016 174 213 202 248
bottle 0.0016 186 170 299 289
bottle 0.0014 147 172 176 209
bottle 0.0012 182 238 231 270
bottle 0.0011 193 220 247 281
bottle 0.0010 178 223 231 288
chair 0.0117 470 137 500 171
chair 0.0019 142 129 421 329
chair 0.0015 282 125 386 243
chair 0.0013 265 117 391 172
chair 0.0011 452 111 497 135
pottedplant 0.0030 342 58 444 152
pottedplant 0.0025 360 52 417 121
pottedplant 0.0019 445 49 498 118
pottedplant 0.0019 438 50 500 173
pottedplant 0.0012 317 78 419 150
tvmonitor 0.0025 112 124 167 189
