person 0.0050 164 50 189 86
person 0.0016 483 119 499 163
person 0.0015 481 95 500 225
person 0.0012 187 218 301 322
person 0.0010 0 114 17 206
person 0.0010 164 222 315 376
car 0.0011 170 33 276 95
car 0.0011 136 0 311 158
motorbike 0.0010 312 0 500 157
bird 0.0043 0 119 16 158
bird 0.0016 0 92 17 190
bird 0.0014 14 309 40 338
bottle 0.0013 180 292 297 374
chair 0.0674 331 125 389 146
chair 0.0638 164 222 315 376
chair 0.0512 161 166 413 364
chair 0.0389 401 217 486 366
chair 0.0281 311 217 396 366
chair 0.0232 265 165 455 366
chair 0.0166 162 154 402 223
chair 0.0145 143 117 418 256
chair 0.0094 454 211 499 371
chair 0.0056 321 4 404 142
chair 0.0055 483 119 499 163
chair 0.0054 194 219 310 313
chair 0.0049 481 103 500 250
chair 0.0047 312 0 500 157
chair 0.0047 112 26 461 355
chair 0.0041 321 77 420 141
chair 0.0039 265 129 387 177
chair 0.0032 477 188 499 362
chair 0.0030 136 0 311 158
chair 0.0030 222 247 331 355
chair 0.0028 320 203 492 374
chair 0.0026 175 292 299 372
chair 0.0026 404 0 494 155
chair 0.0025 311 130 371 146
chair 0.0022 478 158 500 281
chair 0.0021 300 147 409 224
chair 0.0019 0 114 17 206
chair 0.0017 402 218 456 329
chair 0.0016 331 117 387 138
chair 0.0015 262 125 415 155
chair 0.0015 480 87 500 187
chair 0.0014 0 70 17 172
chair 0.0012 308 93 501 283
chair 0.0012 73 130 182 236
chair 0.0012 330 118 406 152
chair 0.0012 282 144 385 161
chair 0.0012 359 130 426 147
chair 0.0012 213 22 447 183
chair 0.0011 268 80 393 148
chair 0.0011 366 227 461 362
chair 0.0011 121 17 161 141
chair 0.0011 244 291 313 338
chair 0.0010 141 236 181 382
chair 0.0010 485 93 499 153
sofa 0.0061 162 154 402 223
sofa 0.0018 161 166 413 364
sofa 0.0018 143 117 418 256
sofa 0.0013 112 26 461 355
sofa 0.0011 73 90 349 277
sofa 0.0011 73 130 182 236
pottedplant 0.0109 471 3 499 160
pottedplant 0.0048 443 0 499 157
pottedplant 0.0025 39 181 67 205
pottedplant 0.0013 338 126 401 148
pottedplant 0.0011 382 -5 499 164
diningtable 0.0806 161 166 413 364
diningtable 0.0125 171 266 313 360
diningtable 0.0080 265 165 455 366
diningtable 0.0063 174 59 313 156
diningtable 0.0035 162 154 402 223
diningtable 0.0023 -1 214 179 377
diningtable 0.0019 169 41 314 105
diningtable 0.0018 394 176 499 368
diningtable 0.0017 112 26 461 355
diningtable 0.0017 292 132 500 184
diningtable 0.0014 331 125 389 146
diningtable 0.0012 193 108 443 266
diningtable 0.0010 308 93 501 283
tvmonitor 0.0027 171 1 306 83
tvmonitor 0.0017 194 219 310 313
tvmonitor 0.0017 146 154 416 229
tvmonitor 0.0015 174 59 313 156
