person 0.0409 396 -1 496 260
person 0.0057 290 0 319 19
person 0.0033 284 1 317 32
person 0.0024 228 -8 480 281
person 0.0010 310 0 489 182
person 0.0010 413 156 441 224
bicycle 0.0020 -25 51 446 355
car 0.0018 -35 134 459 344
car 0.0012 290 0 319 19
boat 0.0019 204 7 506 315
bird 0.0019 204 7 506 315
bird 0.0010 290 0 319 19
cat 0.0025 396 -1 496 260
dog 0.6268 182 13 476 310
dog 0.0351 396 -1 496 260
dog 0.0023 258 2 469 179
horse 0.0215 182 13 476 310
sheep 0.0036 182 13 476 310
sheep 0.0012 220 261 402 330
sheep 0.0010 396 -1 496 260
cow 0.2329 182 13 476 310
cow 0.0032 396 -1 496 260
bottle 0.9830 123 61 178 302
bottle 0.0029 125 69 170 166
bottle 0.0025 415 163 436 221
chair 0.0072 25 57 481 344
chair 0.0047 396 -1 496 260
chair 0.0015 204 7 506 315
sofa 0.0051 204 7 506 315
sofa 0.0031 -25 51 446 355
pottedplant 0.0013 220 261 402 330
pottedplant 0.0011 404 16 472 171
diningtable 0.0537 -25 51 446 355
diningtable 0.0399 11 236 408 328
diningtable 0.0081 211 229 424 337
diningtable 0.0030 379 234 504 322
diningtable 0.0027 188 169 460 333
diningtable 0.0015 392 286 496 332
diningtable 0.0013 297 249 491 332
diningtable 0.0013 204 7 506 315
