person 0.3977 56 70 270 376
person 0.3073 65 10 437 382
person 0.0696 100 61 191 163
person 0.0259 54 58 230 241
person 0.0230 1 18 115 196
person 0.0219 106 42 312 263
person 0.0126 77 25 270 191
person 0.0125 39 221 65 254
person 0.0110 17 46 167 329
person 0.0100 386 61 499 379
person 0.0082 243 51 397 383
person 0.0072 123 14 172 67
person 0.0068 146 10 343 208
person 0.0065 0 182 46 251
person 0.0064 119 16 221 137
person 0.0051 36 174 65 256
person 0.0049 1 210 27 251
person 0.0047 0 243 18 380
person 0.0046 139 12 173 43
person 0.0040 170 28 266 161
person 0.0039 0 329 15 374
person 0.0037 84 20 175 113
person 0.0035 108 3 176 47
person 0.0034 13 190 41 239
person 0.0031 86 44 119 80
person 0.0030 90 10 184 70
person 0.0029 77 84 199 204
person 0.0028 0 178 23 374
person 0.0022 448 72 499 132
person 0.0021 478 60 500 218
person 0.0020 375 26 497 215
person 0.0015 0 298 11 372
person 0.0015 -15 0 301 306
person 0.0014 39 193 59 240
person 0.0013 479 117 500 314
person 0.0013 190 329 250 373
person 0.0012 65 20 145 129
person 0.0012 443 70 499 210
person 0.0010 238 15 411 195
person 0.0010 19 184 43 219
person 0.0010 0 143 29 256
person 0.0010 131 30 167 63
bird 0.0016 192 337 217 368
bird 0.0012 287 325 335 374
bottle 0.0177 192 337 217 368
bottle 0.0142 205 337 243 370
bottle 0.0110 177 261 200 291
bottle 0.0038 39 221 65 254
bottle 0.0034 13 190 41 239
bottle 0.0029 287 325 335 374
bottle 0.0027 206 232 238 307
bottle 0.0025 36 174 65 256
bottle 0.0024 39 193 59 240
bottle 0.0021 190 329 250 373
bottle 0.0019 55 157 82 196
bottle 0.0017 225 333 251 370
bottle 0.0015 196 355 239 375
bottle 0.0014 86 44 119 80
bottle 0.0011 0 329 15 374
bottle 0.0010 19 184 43 219
bottle 0.0010 0 182 46 251
chair 0.3329 51 174 270 362
chair 0.1525 0 40 101 171
chair 0.0693 38 66 302 384
chair 0.0557 166 19 270 145
chair 0.0472 29 82 158 365
chair 0.0448 131 30 167 63
chair 0.0444 0 34 115 263
chair 0.0348 397 47 456 107
chair 0.0280 123 14 172 67
chair 0.0193 371 42 459 123
chair 0.0178 141 41 171 70
chair 0.0175 100 61 191 163
chair 0.0128 6 305 110 369
chair 0.0108 111 0 447 398
chair 0.0104 0 49 25 150
chair 0.0094 375 26 497 215
chair 0.0088 22 250 104 360
chair 0.0087 0 243 18 380
chair 0.0087 0 329 15 374
chair 0.0086 86 44 119 80
chair 0.0084 448 72 499 132
chair 0.0074 122 31 172 84
chair 0.0066 77 56 122 150
chair 0.0064 84 20 175 113
chair 0.0056 0 182 46 251
chair 0.0054 164 15 245 33
chair 0.0054 -1 59 61 230
chair 0.0049 423 203 481 265
chair 0.0046 111 29 136 64
chair 0.0039 62 66 82 104
chair 0.0036 243 51 397 383
chair 0.0035 56 143 134 291
chair 0.0032 0 53 29 223
chair 0.0030 48 168 237 273
chair 0.0029 47 48 138 164
chair 0.0028 -2 26 62 142
chair 0.0027 102 40 137 74
chair 0.0027 53 63 88 142
chair 0.0025 386 61 499 379
chair 0.0025 398 38 499 127
chair 0.0022 33 324 99 369
chair 0.0022 -1 126 56 258
chair 0.0021 119 16 221 137
chair 0.0021 80 45 129 114
chair 0.0021 0 298 11 372
chair 0.0020 146 9 278 59
chair 0.0020 0 35 53 90
chair 0.0018 0 178 23 374
chair 0.0018 94 320 266 376
chair 0.0017 139 12 173 43
chair 0.0017 1 195 28 244
chair 0.0017 136 33 185 120
chair 0.0016 165 10 206 32
chair 0.0016 72 58 95 99
chair 0.0015 0 119 24 156
chair 0.0015 10 14 168 201
chair 0.0015 89 339 113 373
chair 0.0014 478 60 500 218
chair 0.0013 13 157 114 368
chair 0.0013 0 88 17 148
chair 0.0013 87 34 150 84
chair 0.0012 170 40 193 78
chair 0.0012 163 28 247 48
chair 0.0012 158 3 200 18
chair 0.0011 96 10 149 71
chair 0.0011 78 7 276 155
chair 0.0011 162 27 196 60
chair 0.0010 4 40 51 72
sofa 0.0502 83 49 426 379
sofa 0.0470 377 42 498 252
sofa 0.0051 0 243 18 380
sofa 0.0047 448 72 499 132
sofa 0.0040 333 16 497 370
sofa 0.0039 370 45 463 148
sofa 0.0036 393 41 503 156
sofa 0.0034 268 33 451 261
sofa 0.0026 0 178 23 374
sofa 0.0024 242 12 402 385
sofa 0.0022 0 40 101 171
sofa 0.0022 440 71 500 207
sofa 0.0022 0 190 48 267
sofa 0.0018 62 56 275 322
sofa 0.0016 0 329 15 374
sofa 0.0015 171 15 262 148
sofa 0.0015 1 183 55 355
sofa 0.0010 433 56 498 319
sofa 0.0010 388 155 500 377
pottedplant 0.0032 190 329 250 373
pottedplant 0.0016 205 337 243 370
pottedplant 0.0011 192 337 217 368
diningtable 0.0108 131 40 169 70
diningtable 0.0064 86 44 119 80
diningtable 0.0044 78 30 174 92
diningtable 0.0040 0 40 101 171
diningtable 0.0039 164 15 245 33
diningtable 0.0027 146 9 278 59
diningtable 0.0027 51 174 270 362
diningtable 0.0026 102 40 137 74
diningtable 0.0019 80 45 129 114
diningtable 0.0017 77 56 122 150
diningtable 0.0017 87 60 118 92
diningtable 0.0016 72 177 253 262
diningtable 0.0015 94 320 266 376
diningtable 0.0015 166 19 270 145
diningtable 0.0013 0 243 18 380
diningtable 0.0013 100 61 191 163
diningtable 0.0012 78 7 276 155
diningtable 0.0011 250 320 392 375
diningtable 0.0011 81 244 281 336
