person 0.8116 260 108 475 328
person 0.0465 434 195 463 228
person 0.0170 369 100 499 329
person 0.0167 475 126 499 302
person 0.0160 417 206 454 230
person 0.0108 441 23 501 301
person 0.0089 6 111 46 206
person 0.0080 0 110 18 203
person 0.0078 281 58 316 92
person 0.0073 161 161 196 198
person 0.0057 20 115 40 162
person 0.0053 218 225 300 328
person 0.0048 439 226 499 330
person 0.0045 443 177 498 248
person 0.0045 17 126 89 210
person 0.0043 220 68 346 137
person 0.0041 475 228 500 324
person 0.0039 176 51 213 118
person 0.0039 136 54 222 135
person 0.0039 66 74 512 327
person 0.0036 163 175 200 203
person 0.0036 312 91 496 252
person 0.0036 0 145 15 198
person 0.0035 471 60 498 250
person 0.0033 426 190 473 233
person 0.0032 399 193 502 322
person 0.0029 403 14 499 239
person 0.0025 225 94 338 296
person 0.0024 172 153 330 325
person 0.0022 477 214 498 258
person 0.0020 480 229 500 279
person 0.0020 226 180 258 323
person 0.0020 208 178 303 305
person 0.0019 151 154 216 200
person 0.0019 483 182 499 249
person 0.0018 457 23 493 222
person 0.0018 342 107 451 229
person 0.0017 146 159 177 197
person 0.0017 101 118 145 148
person 0.0017 233 261 290 328
person 0.0016 0 117 25 270
person 0.0015 217 91 342 162
person 0.0014 203 -1 354 183
person 0.0014 436 189 466 216
person 0.0013 289 89 346 153
person 0.0012 440 128 469 217
person 0.0012 449 196 483 236
person 0.0012 202 157 235 200
person 0.0011 275 35 322 91
person 0.0011 98 107 125 136
person 0.0010 412 190 457 236
car 0.1615 17 151 262 323
car 0.0896 99 109 155 136
car 0.0895 71 122 98 151
car 0.0563 101 118 145 148
car 0.0535 220 88 338 261
car 0.0529 27 124 74 154
car 0.0293 42 129 87 152
car 0.0169 238 153 321 270
car 0.0148 116 123 303 301
car 0.0141 17 126 89 210
car 0.0104 95 119 125 150
car 0.0080 157 148 257 257
car 0.0073 135 126 202 147
car 0.0069 79 115 201 152
car 0.0065 98 107 125 136
car 0.0061 251 209 305 265
car 0.0060 0 129 15 191
car 0.0060 74 269 217 315
car 0.0054 117 119 164 148
car 0.0049 33 118 96 157
car 0.0047 143 110 194 128
car 0.0046 35 141 152 194
car 0.0040 208 178 303 305
car 0.0037 434 195 463 228
car 0.0034 64 235 228 313
car 0.0034 0 66 22 206
car 0.0031 45 140 81 164
car 0.0031 270 133 478 327
car 0.0027 172 153 330 325
car 0.0024 20 115 40 162
car 0.0022 152 113 211 134
car 0.0021 53 143 227 195
car 0.0021 217 91 342 162
car 0.0020 65 138 102 161
car 0.0017 47 103 145 161
car 0.0017 6 111 46 206
car 0.0016 113 108 229 148
car 0.0015 29 138 65 167
car 0.0014 96 189 245 306
car 0.0014 426 190 473 233
car 0.0014 241 191 318 314
car 0.0013 294 101 345 166
car 0.0013 59 116 110 155
car 0.0012 253 193 337 272
car 0.0011 0 106 16 173
car 0.0011 9 82 89 191
motorbike 0.0020 266 218 516 335
motorbike 0.0012 270 133 478 327
bus 0.0487 21 135 260 299
bus 0.0137 99 109 155 136
bus 0.0053 225 94 338 296
bus 0.0027 234 130 321 259
bus 0.0026 53 143 227 195
bus 0.0012 -19 10 294 318
bus 0.0011 116 123 303 301
train 0.0012 101 1 477 332
boat 0.0033 270 133 478 327
boat 0.0013 -4 18 350 314
boat 0.0010 266 218 516 335
boat 0.0010 21 135 260 299
horse 0.0022 395 225 496 330
bottle 0.0101 5 133 49 217
bottle 0.0086 216 -1 298 95
bottle 0.0084 30 143 71 209
bottle 0.0083 38 156 62 204
bottle 0.0031 31 167 55 214
bottle 0.0028 12 162 53 222
bottle 0.0027 234 14 278 93
bottle 0.0023 17 176 47 217
bottle 0.0017 49 154 71 203
bottle 0.0016 406 253 456 328
bottle 0.0013 18 163 46 197
bottle 0.0011 225 2 261 90
chair 0.3631 224 99 329 248
chair 0.1327 217 91 342 162
chair 0.0266 294 101 345 166
chair 0.0240 95 142 244 193
chair 0.0184 117 119 164 148
chair 0.0149 101 118 145 148
chair 0.0144 220 68 346 137
chair 0.0135 66 154 138 199
chair 0.0091 53 147 205 200
chair 0.0069 151 124 211 145
chair 0.0069 163 151 240 202
chair 0.0069 113 108 229 148
chair 0.0063 215 93 340 111
chair 0.0061 146 159 177 197
chair 0.0058 155 58 216 128
chair 0.0054 35 141 152 194
chair 0.0047 197 147 243 205
chair 0.0045 135 151 192 200
chair 0.0041 203 -1 354 183
chair 0.0036 161 161 196 198
chair 0.0030 100 113 177 151
chair 0.0029 17 151 262 323
chair 0.0029 115 148 174 201
chair 0.0029 264 118 335 164
chair 0.0025 240 149 309 204
chair 0.0022 150 100 215 146
chair 0.0021 97 126 151 189
chair 0.0019 152 113 211 134
chair 0.0018 133 155 162 198
chair 0.0018 102 160 141 194
chair 0.0016 181 161 219 200
chair 0.0015 477 240 499 335
chair 0.0014 64 235 228 313
chair 0.0013 221 111 296 160
chair 0.0013 146 151 256 235
chair 0.0013 111 50 323 288
chair 0.0013 236 151 319 172
chair 0.0012 322 137 343 179
chair 0.0012 219 104 339 124
chair 0.0012 232 123 280 153
chair 0.0012 271 82 353 160
chair 0.0012 124 103 286 156
chair 0.0012 216 6 302 102
chair 0.0011 102 113 175 132
chair 0.0011 184 103 306 211
chair 0.0010 17 126 89 210
chair 0.0010 173 178 230 202
pottedplant 0.0039 176 51 213 118
diningtable 0.1387 53 143 227 195
diningtable 0.0307 213 91 344 149
diningtable 0.0239 21 135 260 299
diningtable 0.0207 151 124 211 145
diningtable 0.0186 35 141 152 194
diningtable 0.0171 215 93 340 111
diningtable 0.0119 97 118 224 151
diningtable 0.0070 117 119 164 148
diningtable 0.0058 66 154 138 199
diningtable 0.0055 73 145 138 161
diningtable 0.0041 101 143 188 160
diningtable 0.0041 149 142 256 205
diningtable 0.0040 209 106 321 230
diningtable 0.0038 219 104 339 124
diningtable 0.0027 124 103 286 156
diningtable 0.0024 236 151 319 172
diningtable 0.0021 25 8 396 322
diningtable 0.0019 65 138 102 161
diningtable 0.0017 102 113 175 132
diningtable 0.0013 123 132 241 186
diningtable 0.0013 17 126 89 210
diningtable 0.0011 235 135 323 263
diningtable 0.0011 35 154 251 225
diningtable 0.0010 200 58 314 133
tvmonitor 0.0038 151 124 211 145
tvmonitor 0.0014 202 -1 293 91
tvmonitor 0.0011 21 135 260 299
