person 0.9477 151 193 186 290
person 0.3158 208 143 227 188
person 0.0101 277 169 308 195
person 0.0095 301 167 333 194
person 0.0058 57 104 81 130
person 0.0035 164 197 185 234
person 0.0017 466 135 488 173
person 0.0015 328 173 354 217
person 0.0010 479 133 499 173
bicycle 0.0178 229 194 289 225
bicycle 0.0010 249 198 299 226
car 0.9064 240 157 405 230
car 0.1877 228 182 298 225
car 0.0506 277 169 308 195
car 0.0087 219 173 339 226
car 0.0087 293 171 348 222
car 0.0058 398 150 437 166
car 0.0053 267 164 303 190
car 0.0052 230 189 260 220
car 0.0049 249 198 299 226
car 0.0024 266 170 331 223
car 0.0017 254 184 305 215
car 0.0017 251 134 408 179
car 0.0014 208 143 227 188
car 0.0013 301 167 333 194
car 0.0012 204 137 436 243
motorbike 0.0067 229 190 296 226
bus 0.0016 240 157 405 230
chair 0.0022 5 134 38 153
