person 0.9020 111 0 138 79
person 0.7888 70 7 100 82
person 0.6787 3 0 43 96
person 0.3812 35 0 72 80
person 0.3732 98 1 122 78
person 0.1307 171 2 199 55
person 0.1187 434 -1 498 108
person 0.0566 480 8 500 208
person 0.0491 34 26 55 79
person 0.0314 474 20 500 122
person 0.0304 432 3 472 99
person 0.0304 116 3 138 52
person 0.0258 55 19 76 79
person 0.0238 457 30 496 106
person 0.0196 34 7 60 55
person 0.0195 115 32 136 78
person 0.0145 0 7 22 48
person 0.0143 185 3 206 51
person 0.0127 148 7 172 53
person 0.0112 72 13 96 52
person 0.0103 99 1 118 37
person 0.0099 397 10 438 92
person 0.0092 1 0 30 36
person 0.0087 157 -1 175 40
person 0.0081 19 27 40 86
person 0.0079 72 3 95 37
person 0.0076 9 0 83 91
person 0.0069 435 6 456 60
person 0.0051 0 24 18 84
person 0.0051 449 -23 499 327
person 0.0045 133 5 166 70
person 0.0045 399 26 493 124
person 0.0043 371 15 413 89
person 0.0041 35 2 65 36
person 0.0041 51 2 73 31
person 0.0032 435 28 460 73
person 0.0030 469 0 499 30
person 0.0030 376 60 409 90
person 0.0029 416 12 442 49
person 0.0027 466 0 501 69
person 0.0021 262 6 284 51
person 0.0020 241 12 278 51
person 0.0017 429 58 461 92
person 0.0016 435 1 457 36
person 0.0015 145 95 183 119
person 0.0013 134 25 154 70
person 0.0013 446 60 501 160
person 0.0013 360 13 396 87
person 0.0013 371 18 499 223
person 0.0013 413 3 447 37
person 0.0012 475 7 499 53
person 0.0012 14 8 41 45
person 0.0012 47 0 143 87
person 0.0010 389 2 442 63
person 0.0010 132 1 158 31
person 0.0010 385 1 480 103
bicycle 0.0013 115 32 136 78
bicycle 0.0012 99 18 118 78
bicycle 0.0010 12 72 102 173
car 0.1744 119 27 507 304
car 0.0027 367 80 424 104
car 0.0020 12 72 102 173
car 0.0017 171 2 199 55
car 0.0017 25 27 356 305
car 0.0015 366 62 397 89
car 0.0014 371 87 491 153
car 0.0012 364 65 430 109
car 0.0011 156 28 417 132
motorbike 0.0680 -4 47 437 323
aeroplane 0.0055 -15 27 449 311
bus 0.0874 6 30 506 309
bus 0.0023 371 18 499 223
bus 0.0016 449 -23 499 327
bus 0.0013 481 21 500 233
train 0.0063 119 27 507 304
bottle 0.0026 457 30 496 106
bottle 0.0021 481 21 500 233
bottle 0.0018 416 12 442 49
bottle 0.0017 458 47 481 102
bottle 0.0011 409 14 443 92
chair 0.0046 479 160 500 201
chair 0.0038 241 12 278 51
chair 0.0031 429 58 461 92
chair 0.0026 421 54 449 95
chair 0.0025 366 62 397 89
chair 0.0024 430 39 475 101
chair 0.0022 479 152 499 262
chair 0.0019 115 32 136 78
chair 0.0019 376 60 409 90
chair 0.0015 408 51 430 95
chair 0.0015 432 71 464 101
chair 0.0013 408 42 453 97
chair 0.0013 366 51 424 98
chair 0.0013 0 24 18 84
chair 0.0011 481 21 500 233
chair 0.0010 371 15 413 89
pottedplant 0.0019 387 -2 444 42
pottedplant 0.0014 432 4 501 130
diningtable 0.0054 -4 47 437 323
