car 0.0015 92 127 125 141
car 0.0014 392 117 495 217
car 0.0014 115 129 173 146
car 0.0012 -12 126 435 345
boat 0.6906 185 156 468 274
boat 0.3603 90 168 199 235
boat 0.3426 92 205 235 292
boat 0.1728 80 166 247 319
boat 0.0572 47 146 526 326
boat 0.0511 92 127 125 141
boat 0.0508 254 181 474 253
boat 0.0481 183 159 312 206
boat 0.0305 74 213 176 300
boat 0.0239 161 160 286 236
boat 0.0211 115 129 173 146
boat 0.0187 147 191 265 296
boat 0.0162 182 162 390 241
boat 0.0107 128 161 383 306
boat 0.0097 92 127 154 143
boat 0.0048 237 109 276 125
boat 0.0047 78 209 132 263
boat 0.0040 -13 61 371 350
boat 0.0039 89 157 197 208
boat 0.0026 199 152 366 213
boat 0.0019 83 214 117 251
boat 0.0017 48 130 90 146
boat 0.0015 142 107 432 248
boat 0.0014 97 181 265 249
boat 0.0014 102 200 191 225
boat 0.0014 184 179 309 292
boat 0.0013 6 173 91 325
boat 0.0012 261 139 402 215
boat 0.0012 19 107 64 125
boat 0.0012 85 206 115 231
boat 0.0012 11 109 49 129
boat 0.0011 264 100 474 246
boat 0.0010 260 107 294 124
boat 0.0010 76 154 287 205
pottedplant 0.0544 307 118 415 217
pottedplant 0.0248 241 139 476 269
pottedplant 0.0246 303 92 499 247
pottedplant 0.0043 392 117 495 217
pottedplant 0.0018 331 186 467 247
pottedplant 0.0016 332 93 477 183
pottedplant 0.0016 393 95 492 175
pottedplant 0.0012 6 173 91 325
pottedplant 0.0010 318 6 500 184
diningtable 0.0056 -12 126 435 345
diningtable 0.0043 78 223 201 312
diningtable 0.0014 55 212 278 324
