person 0.0023 239 426 278 451
person 0.0012 201 74 227 103
car 0.0045 150 45 375 454
aeroplane 0.0058 87 -11 364 434
aeroplane 0.0038 172 53 252 454
train 0.0017 152 -12 375 436
boat 0.6137 165 400 217 465
boat 0.3804 93 430 136 449
boat 0.1723 7 439 156 452
boat 0.1006 13 444 110 455
boat 0.0868 235 440 283 462
boat 0.0780 18 425 140 452
boat 0.0643 79 437 135 452
boat 0.0590 166 404 272 465
boat 0.0536 173 88 253 473
boat 0.0176 184 349 286 469
boat 0.0165 239 426 278 451
boat 0.0159 165 400 188 457
boat 0.0090 288 451 338 466
boat 0.0076 166 436 222 462
boat 0.0074 235 370 278 453
boat 0.0061 6 448 86 459
boat 0.0048 198 415 329 465
boat 0.0047 202 441 274 462
boat 0.0047 171 -14 273 381
boat 0.0044 257 450 331 465
boat 0.0038 160 365 241 461
boat 0.0033 26 429 99 449
boat 0.0032 22 -33 364 458
boat 0.0028 292 457 338 469
boat 0.0026 191 342 241 361
boat 0.0024 227 427 286 466
boat 0.0019 2 433 133 459
boat 0.0017 231 414 251 451
boat 0.0017 234 457 310 470
boat 0.0017 238 386 256 441
boat 0.0017 227 425 363 470
boat 0.0015 183 437 249 461
boat 0.0015 15 388 141 447
boat 0.0014 224 368 259 454
boat 0.0013 85 411 142 452
bird 0.1034 165 400 217 465
bird 0.0041 163 402 270 462
bird 0.0022 165 400 188 457
bird 0.0014 166 436 222 462
bottle 0.0185 172 53 252 454
