person 0.0065 229 225 361 471
person 0.0038 52 94 374 471
person 0.0031 156 391 257 477
person 0.0025 -3 113 58 377
person 0.0014 149 354 360 483
bird 0.0020 52 94 374 471
cat 0.0699 52 94 374 471
cat 0.0233 138 122 361 358
cat 0.0027 -35 73 265 475
cat 0.0027 44 170 248 464
cat 0.0015 151 206 361 484
dog 0.1111 52 94 374 471
dog 0.0032 138 122 361 358
dog 0.0020 151 206 361 484
dog 0.0010 31 200 257 483
horse 0.0021 52 94 374 471
horse 0.0014 151 206 361 484
sheep 0.0107 52 94 374 471
cow 0.0073 52 94 374 471
cow 0.0020 229 225 361 471
bottle 0.0259 -3 113 58 377
chair 0.0047 49 61 374 431
chair 0.0018 -3 113 58 377
chair 0.0010 138 122 361 358
sofa 0.0094 52 94 374 471
diningtable 0.0015 11 14 365 401
tvmonitor 0.0545 -3 113 58 377
tvmonitor 0.0028 4 -2 281 57
tvmonitor 0.0018 61 15 285 74
tvmonitor 0.0012 10 2 340 107
tvmonitor 0.0012 -8 41 154 371
tvmonitor 0.0010 79 0 372 25
