person 0.0251 341 73 359 131
person 0.0038 222 0 241 95
person 0.0034 340 36 366 131
person 0.0011 221 1 243 175
person 0.0010 132 443 172 499
cat 0.7888 139 191 223 282
cat 0.1082 98 187 131 248
cat 0.0835 118 186 148 212
cat 0.0546 141 181 187 264
cat 0.0544 147 177 181 215
cat 0.0267 182 184 273 287
cat 0.0207 98 205 137 273
cat 0.0098 98 215 126 258
cat 0.0040 84 125 141 276
cat 0.0038 168 192 220 263
cat 0.0038 112 175 199 269
cat 0.0030 146 178 200 226
cat 0.0030 99 254 131 307
cat 0.0027 108 179 159 265
cat 0.0024 80 181 140 308
cat 0.0012 74 165 233 339
dog 0.0015 147 177 181 215
bottle 0.0046 132 443 172 499
bottle 0.0018 222 0 241 95
bottle 0.0011 157 178 186 215
bottle 0.0010 118 186 148 212
chair 0.8169 37 370 196 499
chair 0.5328 183 181 269 271
chair 0.1706 18 314 293 493
chair 0.0706 165 459 287 497
chair 0.0422 165 396 279 498
chair 0.0287 210 260 308 485
chair 0.0282 268 297 307 459
chair 0.0107 163 179 282 333
chair 0.0100 149 174 298 477
chair 0.0094 238 322 303 483
chair 0.0074 31 369 96 498
chair 0.0060 167 384 197 476
chair 0.0057 118 186 148 212
chair 0.0054 237 269 269 484
chair 0.0047 37 448 273 499
chair 0.0046 144 191 218 293
chair 0.0038 157 377 241 486
chair 0.0038 183 475 250 500
chair 0.0034 211 481 294 499
chair 0.0029 233 193 270 276
chair 0.0028 105 178 272 397
chair 0.0024 203 379 316 502
chair 0.0022 194 185 268 211
chair 0.0019 177 476 220 500
chair 0.0019 122 441 167 499
chair 0.0018 183 347 271 482
chair 0.0017 8 66 294 440
chair 0.0016 181 469 361 499
chair 0.0016 69 407 247 496
chair 0.0015 210 180 285 305
chair 0.0013 89 363 228 472
chair 0.0013 263 329 297 492
chair 0.0012 110 370 135 395
chair 0.0012 18 449 133 499
chair 0.0011 126 133 240 306
chair 0.0011 10 444 66 500
chair 0.0010 99 433 138 499
chair 0.0010 5 327 70 500
chair 0.0010 254 484 330 500
sofa 0.0037 173 462 338 499
sofa 0.0011 92 125 136 239
pottedplant 0.7493 92 125 136 239
pottedplant 0.1476 98 187 131 248
pottedplant 0.0218 97 201 121 243
pottedplant 0.0049 98 205 137 273
pottedplant 0.0045 106 183 137 223
pottedplant 0.0037 23 3 115 345
pottedplant 0.0035 118 186 148 212
pottedplant 0.0025 106 127 134 167
pottedplant 0.0025 71 99 94 267
pottedplant 0.0021 98 215 126 258
pottedplant 0.0017 102 163 128 209
pottedplant 0.0016 93 123 136 181
pottedplant 0.0013 77 180 94 224
pottedplant 0.0010 68 111 141 322
diningtable 0.6943 56 266 293 487
diningtable 0.0604 165 459 287 497
diningtable 0.0247 105 178 272 397
diningtable 0.0214 149 174 298 477
diningtable 0.0178 26 366 267 497
diningtable 0.0135 37 448 273 499
diningtable 0.0124 72 270 279 365
diningtable 0.0069 246 281 305 470
diningtable 0.0053 134 252 227 315
diningtable 0.0050 271 322 306 466
diningtable 0.0041 194 185 268 211
diningtable 0.0039 28 80 278 492
diningtable 0.0034 54 469 264 497
diningtable 0.0028 189 476 280 500
diningtable 0.0026 210 260 308 485
diningtable 0.0023 165 396 279 498
diningtable 0.0015 34 171 186 483
diningtable 0.0010 191 183 270 273
diningtable 0.0010 181 469 361 499
diningtable 0.0010 18 449 133 499
tvmonitor 0.0064 239 0 361 125
tvmonitor 0.0054 143 402 260 499
tvmonitor 0.0045 339 0 368 134
tvmonitor 0.0026 299 0 377 129
tvmonitor 0.0015 163 405 198 496
