person 0.0281 169 104 200 136
person 0.0273 277 124 312 153
person 0.0226 262 123 297 150
person 0.0078 74 67 403 282
person 0.0066 179 106 220 134
person 0.0045 239 126 282 154
person 0.0029 193 109 242 136
person 0.0028 223 130 263 152
person 0.0022 175 99 235 143
person 0.0020 165 119 201 142
person 0.0019 190 121 243 144
person 0.0017 160 97 207 141
person 0.0016 349 146 377 168
person 0.0014 272 115 326 157
person 0.0012 259 140 303 161
person 0.0012 275 140 317 160
person 0.0011 249 116 308 157
person 0.0010 284 110 315 135
bicycle 0.0011 74 67 403 282
car 0.8018 90 70 385 286
car 0.0010 349 146 377 168
motorbike 0.0120 90 82 395 298
bus 0.0181 70 70 377 279
