person 0.7520 168 37 343 312
person 0.2570 86 -2 128 19
person 0.2365 100 -3 137 22
person 0.1173 43 -3 86 13
person 0.1135 124 -2 166 23
person 0.0938 365 1 432 55
person 0.0916 143 -3 187 25
person 0.0907 67 -2 106 16
person 0.0221 238 -3 271 39
person 0.0211 469 4 499 69
person 0.0181 126 25 454 326
person 0.0101 161 -1 192 31
person 0.0094 187 -2 246 37
person 0.0094 375 13 412 55
person 0.0085 47 0 216 38
person 0.0077 1 -2 54 12
person 0.0060 267 0 372 47
person 0.0054 132 0 278 40
person 0.0041 360 5 392 47
person 0.0039 110 -2 185 33
person 0.0034 321 3 468 68
person 0.0021 97 166 336 338
person 0.0019 247 35 378 317
person 0.0019 14 22 347 311
person 0.0017 9 -4 116 29
person 0.0017 173 -2 347 47
person 0.0014 88 -3 161 26
person 0.0014 252 0 314 42
person 0.0014 325 -1 382 48
person 0.0013 146 -2 216 36
person 0.0012 194 -2 238 24
person 0.0011 390 2 431 45
bicycle 0.5242 95 162 401 341
bicycle 0.0156 118 66 458 332
bicycle 0.0036 198 69 362 324
bicycle 0.0030 179 218 309 331
bicycle 0.0027 247 224 346 322
bicycle 0.0024 63 205 296 339
car 0.0024 126 25 454 326
motorbike 0.0029 126 25 454 326
aeroplane 0.0016 126 25 454 326
bus 0.0109 126 25 454 326
boat 0.0028 126 25 454 326
horse 0.0074 86 87 407 321
bottle 0.0065 215 233 262 317
bottle 0.0049 235 268 257 318
bottle 0.0024 227 228 257 269
bottle 0.0021 262 269 290 306
bottle 0.0018 258 234 294 311
bottle 0.0013 273 233 330 314
chair 0.0021 123 70 376 323
chair 0.0014 124 -2 166 23
