person 0.5475 34 6 302 325
person 0.0250 148 3 269 325
person 0.0063 26 8 171 329
person 0.0044 122 241 226 328
person 0.0029 155 261 220 328
person 0.0021 453 104 493 128
person 0.0019 0 246 13 300
person 0.0019 43 247 87 305
person 0.0015 31 148 62 179
person 0.0014 190 76 287 326
person 0.0013 118 246 166 330
person 0.0012 163 251 202 290
person 0.0011 0 196 16 308
person 0.0010 48 158 79 184
person 0.0010 7 114 93 215
person 0.0010 320 46 347 80
bicycle 0.0014 14 6 272 330
car 0.0045 31 157 66 183
car 0.0018 9 156 40 181
car 0.0017 48 158 79 184
car 0.0015 39 234 208 318
car 0.0010 21 151 79 197
motorbike 0.0388 34 6 302 325
motorbike 0.0011 61 148 276 323
dog 0.0022 34 6 302 325
horse 0.0018 14 6 272 330
horse 0.0016 61 148 276 323
chair 0.0114 31 157 66 183
chair 0.0061 48 158 79 184
chair 0.0041 9 156 40 181
chair 0.0016 1 144 25 180
chair 0.0013 21 133 73 185
