person 0.0020 363 169 392 190
person 0.0016 78 172 110 189
person 0.0013 375 171 399 193
person 0.0011 441 181 474 205
person 0.0011 0 167 26 186
bicycle 0.0126 363 169 392 190
bicycle 0.0010 82 170 112 189
car 0.9229 231 166 326 206
car 0.8352 442 176 501 206
car 0.5968 78 172 110 189
car 0.2347 45 170 77 186
car 0.0810 0 167 26 186
car 0.0632 441 181 474 205
car 0.0151 19 166 45 185
car 0.0115 299 167 326 195
car 0.0030 467 171 500 198
car 0.0028 363 169 392 190
car 0.0025 232 176 294 204
car 0.0024 231 178 257 202
car 0.0023 228 170 256 194
car 0.0019 236 169 279 197
car 0.0012 375 171 399 193
car 0.0010 272 166 325 200
car 0.0010 399 167 420 193
motorbike 0.0100 78 172 110 189
motorbike 0.0014 0 167 26 186
bus 0.0092 232 159 327 206
bus 0.0067 37 169 69 185
bus 0.0059 78 172 110 189
bus 0.0020 0 167 26 186
bus 0.0020 22 148 45 175
bus 0.0014 34 151 67 175
bus 0.0012 1 145 25 182
bus 0.0010 442 176 501 206
bus 0.0010 45 151 79 177
pottedplant 0.0039 363 169 392 190
