person 0.9179 26 152 191 489
person 0.6764 23 184 71 284
person 0.5752 1 179 33 291
person 0.5261 138 63 385 462
person 0.5143 258 89 368 277
person 0.4455 64 188 100 262
person 0.1266 26 163 103 284
person 0.1071 70 194 95 247
person 0.1059 73 186 95 222
person 0.0971 25 180 54 213
person 0.0617 4 180 31 219
person 0.0454 357 262 377 303
person 0.0344 326 198 348 246
person 0.0340 268 192 358 293
person 0.0323 0 183 22 223
person 0.0303 308 196 350 279
person 0.0253 0 178 37 236
person 0.0225 71 215 99 261
person 0.0173 82 136 162 276
person 0.0138 245 83 370 423
person 0.0131 293 138 371 281
person 0.0130 49 185 78 219
person 0.0122 13 142 192 295
person 0.0112 290 160 374 491
person 0.0091 335 198 353 254
person 0.0086 46 394 120 503
person 0.0084 354 216 377 303
person 0.0076 71 173 95 203
person 0.0069 21 180 71 229
person 0.0068 0 193 21 244
person 0.0056 158 101 375 322
person 0.0046 328 443 374 499
person 0.0045 8 281 128 506
person 0.0045 145 87 297 273
person 0.0041 26 251 98 299
person 0.0041 50 199 77 243
person 0.0041 5 176 30 203
person 0.0038 267 140 309 226
person 0.0038 355 259 376 455
person 0.0037 268 185 311 258
person 0.0031 150 129 172 164
person 0.0027 82 229 105 261
person 0.0025 355 239 376 284
person 0.0025 339 98 371 268
person 0.0022 -15 221 396 498
person 0.0022 0 284 34 428
person 0.0021 282 212 308 257
person 0.0019 334 183 366 264
person 0.0019 323 209 345 263
person 0.0018 -3 175 82 414
person 0.0018 295 213 320 264
person 0.0018 303 126 357 237
person 0.0018 75 151 118 256
person 0.0017 28 197 58 239
person 0.0017 292 193 338 262
person 0.0017 72 242 100 270
person 0.0016 288 218 376 340
person 0.0016 298 200 323 243
person 0.0015 51 225 103 284
person 0.0014 0 259 37 343
person 0.0014 242 104 277 186
person 0.0014 336 245 376 469
person 0.0013 6 55 313 456
person 0.0013 -5 175 61 278
person 0.0012 272 92 360 197
person 0.0012 339 260 374 332
person 0.0012 256 168 307 239
person 0.0012 236 113 317 250
person 0.0011 3 232 87 320
person 0.0011 9 290 73 452
person 0.0011 253 102 287 182
person 0.0010 240 90 264 118
person 0.0010 356 159 375 283
person 0.0010 318 189 345 219
cat 0.0012 26 152 191 489
bottle 0.0105 335 198 353 254
bottle 0.0045 308 196 350 279
bottle 0.0037 326 198 348 246
bottle 0.0034 341 260 369 293
bottle 0.0034 357 262 377 303
bottle 0.0033 43 399 119 499
bottle 0.0028 66 407 121 470
bottle 0.0016 334 183 366 264
bottle 0.0016 72 242 100 270
bottle 0.0015 323 209 345 263
chair 0.0321 7 241 31 289
chair 0.0255 0 284 34 428
chair 0.0207 3 284 32 317
chair 0.0174 9 290 73 452
chair 0.0125 328 443 374 499
chair 0.0121 72 242 100 270
chair 0.0115 44 245 78 279
chair 0.0086 29 246 61 282
chair 0.0079 22 224 72 288
chair 0.0079 33 259 88 287
chair 0.0078 71 215 99 261
chair 0.0077 26 260 62 288
chair 0.0073 26 251 98 299
chair 0.0059 341 260 369 293
chair 0.0040 82 229 105 261
chair 0.0033 1 238 22 287
chair 0.0024 357 262 377 303
chair 0.0021 335 214 355 259
chair 0.0021 25 285 52 315
chair 0.0019 360 213 376 265
chair 0.0015 -15 221 396 498
chair 0.0015 0 284 35 352
chair 0.0012 18 386 71 447
chair 0.0011 8 183 81 294
chair 0.0011 5 397 34 428
sofa 0.0153 9 290 73 452
sofa 0.0097 0 284 34 428
sofa 0.0071 328 443 374 499
sofa 0.0041 -15 221 396 498
diningtable 0.0311 357 262 377 303
diningtable 0.0228 341 260 369 293
diningtable 0.0166 3 284 32 317
diningtable 0.0163 1 220 32 291
diningtable 0.0140 336 251 375 275
diningtable 0.0130 0 284 34 428
diningtable 0.0095 0 287 65 445
diningtable 0.0071 0 284 35 352
diningtable 0.0065 333 226 377 291
diningtable 0.0061 26 251 98 299
diningtable 0.0055 336 252 377 306
diningtable 0.0050 355 239 376 284
diningtable 0.0042 29 246 61 282
diningtable 0.0042 44 245 78 279
diningtable 0.0042 33 259 88 287
diningtable 0.0040 8 183 81 294
diningtable 0.0038 354 216 377 303
diningtable 0.0033 -28 284 406 507
diningtable 0.0032 7 255 32 291
diningtable 0.0029 71 215 99 261
diningtable 0.0024 22 224 72 288
diningtable 0.0022 43 399 119 499
diningtable 0.0019 3 215 30 260
diningtable 0.0018 72 242 100 270
diningtable 0.0013 335 214 355 259
diningtable 0.0013 1 238 22 287
diningtable 0.0013 331 200 370 273
diningtable 0.0011 26 260 62 288
