person 0.0291 81 111 116 142
person 0.0121 6 210 265 300
person 0.0074 75 112 124 163
person 0.0064 -3 243 134 304
person 0.0057 47 183 290 281
person 0.0049 -1 220 190 374
person 0.0032 190 222 226 250
person 0.0032 -2 251 124 361
person 0.0030 72 337 99 373
person 0.0023 470 57 500 143
person 0.0022 0 122 11 196
person 0.0020 50 110 145 188
person 0.0018 92 219 277 287
person 0.0017 171 215 233 261
person 0.0016 133 322 202 371
person 0.0015 98 326 159 375
person 0.0014 145 337 179 366
person 0.0014 85 300 185 375
person 0.0011 102 353 150 374
car 0.0047 80 116 115 146
cat 0.0324 190 222 226 250
cat 0.0010 237 165 260 191
dog 0.0243 190 222 226 250
bottle 0.0400 403 294 435 327
bottle 0.0035 249 326 272 363
bottle 0.0033 402 282 434 312
bottle 0.0028 174 41 220 111
bottle 0.0027 459 120 486 149
bottle 0.0025 237 165 260 191
bottle 0.0018 177 81 197 110
bottle 0.0015 0 122 11 196
bottle 0.0014 194 61 216 108
bottle 0.0014 201 336 236 365
bottle 0.0014 187 339 219 368
bottle 0.0014 453 181 475 205
bottle 0.0012 175 64 193 110
bottle 0.0012 464 104 490 144
bottle 0.0011 167 345 203 371
bottle 0.0010 81 111 116 142
chair 0.0366 287 193 338 270
chair 0.0089 255 183 339 288
chair 0.0055 0 111 14 201
chair 0.0042 285 223 336 287
chair 0.0027 -2 251 124 361
chair 0.0019 278 186 321 248
chair 0.0015 272 202 357 305
chair 0.0011 45 111 140 198
chair 0.0011 253 267 315 308
chair 0.0011 476 186 500 210
sofa 0.2925 -4 186 285 338
sofa 0.0516 -1 220 190 374
sofa 0.0388 -19 179 270 265
sofa 0.0167 0 261 127 368
sofa 0.0068 0 198 424 394
sofa 0.0066 79 218 273 298
sofa 0.0056 66 236 351 368
sofa 0.0054 -2 238 212 307
sofa 0.0049 131 187 289 281
sofa 0.0040 127 262 304 349
sofa 0.0031 192 183 303 257
sofa 0.0026 108 307 296 365
sofa 0.0022 93 189 384 333
sofa 0.0019 220 307 431 374
sofa 0.0013 20 250 185 334
sofa 0.0012 148 228 295 323
sofa 0.0012 228 186 336 283
sofa 0.0011 108 284 467 372
sofa 0.0010 230 184 293 243
pottedplant 0.7710 332 74 387 135
pottedplant 0.1475 241 161 262 190
pottedplant 0.0257 471 74 500 162
pottedplant 0.0146 455 89 498 153
pottedplant 0.0115 476 95 498 146
pottedplant 0.0109 342 105 370 137
pottedplant 0.0109 456 61 499 133
pottedplant 0.0082 271 159 294 192
pottedplant 0.0081 464 104 490 144
pottedplant 0.0080 459 120 486 149
pottedplant 0.0077 334 101 351 136
pottedplant 0.0066 480 114 499 158
pottedplant 0.0061 0 261 127 368
pottedplant 0.0053 38 283 174 372
pottedplant 0.0050 240 130 282 190
pottedplant 0.0042 473 81 499 123
pottedplant 0.0042 403 294 435 327
pottedplant 0.0039 340 76 448 146
pottedplant 0.0038 459 80 490 114
pottedplant 0.0037 478 112 500 204
pottedplant 0.0026 331 85 352 123
pottedplant 0.0025 439 43 499 162
pottedplant 0.0025 85 300 185 375
pottedplant 0.0023 355 80 385 117
pottedplant 0.0022 360 109 387 138
pottedplant 0.0020 81 111 116 142
pottedplant 0.0018 253 127 280 156
pottedplant 0.0017 337 72 369 101
pottedplant 0.0016 190 222 226 250
pottedplant 0.0015 460 61 486 104
pottedplant 0.0014 434 124 467 147
pottedplant 0.0013 81 291 128 369
pottedplant 0.0010 336 106 384 168
diningtable 0.0793 139 309 344 373
diningtable 0.0140 108 284 467 372
diningtable 0.0034 220 307 431 374
diningtable 0.0025 243 182 285 203
diningtable 0.0022 259 181 295 203
diningtable 0.0011 92 308 252 376
diningtable 0.0010 363 176 500 218
tvmonitor 0.1640 50 110 145 188
tvmonitor 0.0453 45 26 142 114
tvmonitor 0.0322 75 112 124 163
tvmonitor 0.0315 80 116 115 146
tvmonitor 0.0064 0 122 11 196
tvmonitor 0.0026 0 113 14 169
tvmonitor 0.0017 476 186 500 210
tvmonitor 0.0015 40 80 150 157
tvmonitor 0.0015 0 13 13 117
tvmonitor 0.0010 0 87 15 200
tvmonitor 0.0010 446 52 498 115
