person 0.0109 69 156 381 482
person 0.0107 -3 189 39 368
person 0.0058 -25 -8 403 438
person 0.0036 66 1 221 58
person 0.0027 133 0 186 24
person 0.0023 219 174 374 470
person 0.0018 108 0 169 27
person 0.0018 153 0 191 19
person 0.0017 177 -1 215 15
person 0.0017 77 0 203 33
person 0.0016 1 152 17 209
person 0.0012 -1 169 144 486
person 0.0012 86 305 372 486
person 0.0012 179 77 369 251
person 0.0010 0 199 41 269
car 0.0055 66 1 221 58
car 0.0012 116 -1 230 46
cat 0.2682 181 134 273 201
cat 0.0609 190 118 345 214
cat 0.0058 91 136 136 186
cat 0.0047 179 77 369 251
cat 0.0039 114 286 234 423
cat 0.0035 98 366 216 464
cat 0.0025 66 1 221 58
cat 0.0019 137 127 254 214
cat 0.0016 99 0 143 31
cat 0.0013 133 0 186 24
cat 0.0012 77 0 203 33
cat 0.0010 108 0 169 27
dog 0.5087 103 284 243 459
dog 0.3693 98 366 216 464
dog 0.1159 179 136 268 193
dog 0.0371 69 156 381 482
dog 0.0154 6 393 373 500
dog 0.0092 66 1 221 58
dog 0.0084 176 131 333 199
dog 0.0041 86 305 372 486
dog 0.0030 52 0 193 35
dog 0.0017 137 127 254 214
dog 0.0013 179 77 369 251
dog 0.0011 1 309 223 487
dog 0.0010 80 387 289 476
bottle 0.0133 133 0 186 24
bottle 0.0110 153 0 191 19
bottle 0.0089 104 4 146 39
bottle 0.0074 0 199 41 269
bottle 0.0065 15 216 39 261
bottle 0.0064 108 0 169 27
bottle 0.0057 68 2 101 40
bottle 0.0034 177 -1 215 15
bottle 0.0029 66 1 221 58
bottle 0.0024 75 87 101 123
bottle 0.0021 77 0 118 31
bottle 0.0017 50 0 110 46
bottle 0.0013 103 1 167 49
chair 0.0144 -25 -8 403 438
chair 0.0083 0 141 41 265
chair 0.0075 69 156 381 482
chair 0.0062 15 136 107 227
chair 0.0059 1 152 17 209
chair 0.0041 180 55 375 215
chair 0.0025 91 136 136 186
chair 0.0024 219 174 374 470
chair 0.0013 220 48 366 112
chair 0.0010 139 7 359 422
sofa 0.0916 69 156 381 482
sofa 0.0443 -25 -8 403 438
sofa 0.0117 180 55 375 215
sofa 0.0115 219 174 374 470
sofa 0.0054 -28 274 410 510
sofa 0.0030 -1 169 144 486
sofa 0.0028 139 7 359 422
sofa 0.0013 6 393 373 500
sofa 0.0010 15 135 117 224
sofa 0.0010 220 48 366 112
pottedplant 0.0055 66 1 221 58
diningtable 0.0049 1 124 138 453
tvmonitor 0.0012 0 199 41 269
tvmonitor 0.0011 0 1 81 133
