person 0.1143 32 17 218 329
person 0.0550 79 102 412 471
person 0.0274 1 6 356 416
person 0.0073 98 63 242 284
person 0.0042 125 83 197 246
person 0.0013 73 444 331 501
bicycle 0.0065 67 375 342 506
bicycle 0.0016 79 208 403 505
boat 0.0025 79 102 412 471
boat 0.0025 70 431 329 500
boat 0.0013 58 472 340 500
bird 0.0191 282 483 316 501
bird 0.0064 79 102 412 471
bird 0.0016 230 449 268 465
cat 0.0011 282 483 316 501
dog 0.0071 79 102 412 471
dog 0.0028 282 483 316 501
horse 0.0064 79 208 403 505
sheep 0.0046 79 102 412 471
sheep 0.0019 282 483 316 501
cow 0.0015 282 483 316 501
bottle 0.0074 191 429 228 500
bottle 0.0039 85 481 119 500
bottle 0.0026 282 483 316 501
bottle 0.0013 70 431 329 500
bottle 0.0011 199 468 223 501
chair 0.0221 67 375 342 506
chair 0.0120 32 36 149 395
chair 0.0099 73 444 331 501
chair 0.0081 39 126 133 282
chair 0.0080 67 227 188 500
chair 0.0048 80 405 262 499
chair 0.0036 14 140 344 498
chair 0.0034 42 109 215 451
chair 0.0024 182 415 305 494
chair 0.0021 77 67 417 427
chair 0.0020 77 461 205 498
chair 0.0016 188 313 394 495
sofa 0.0220 77 67 417 427
pottedplant 0.0085 79 102 412 471
diningtable 0.0044 32 124 404 514
diningtable 0.0029 73 444 331 501
diningtable 0.0028 67 375 342 506
diningtable 0.0022 58 472 340 500
