car 0.9656 66 204 112 240
car 0.4059 382 192 416 213
car 0.1524 418 184 446 204
car 0.0217 474 200 499 224
car 0.0106 387 183 424 210
car 0.0073 452 192 491 210
car 0.0057 446 201 500 225
car 0.0046 166 148 186 170
car 0.0038 5 129 37 145
car 0.0019 393 198 417 218
car 0.0017 120 115 144 132
car 0.0017 470 193 500 215
car 0.0013 434 191 474 208
aeroplane 0.0187 120 115 144 132
aeroplane 0.0070 5 129 37 145
bus 0.0644 388 169 426 198
bus 0.0236 418 184 446 204
bus 0.0109 382 192 416 213
bus 0.0072 387 183 424 210
bus 0.0072 416 171 444 200
bus 0.0041 166 148 186 170
bus 0.0035 403 197 496 318
bus 0.0014 452 192 491 210
train 0.0246 166 148 186 170
train 0.0170 87 101 485 365
train 0.0017 210 129 360 376
train 0.0010 250 140 488 373
boat 0.0033 120 115 144 132
