person 0.0487 243 0 272 34
person 0.0420 206 -1 277 40
person 0.0264 160 82 320 328
person 0.0179 263 117 289 148
person 0.0126 155 85 291 226
person 0.0114 180 3 301 50
person 0.0055 205 0 238 34
person 0.0031 214 -1 270 22
person 0.0028 163 0 236 39
person 0.0028 0 -2 20 80
person 0.0026 249 117 278 148
person 0.0021 207 68 277 115
person 0.0015 150 125 243 230
person 0.0012 176 -1 223 22
person 0.0011 137 0 270 44
bicycle 0.0011 158 1 287 47
car 0.0016 150 4 283 48
car 0.0014 147 14 298 68
motorbike 0.0013 158 1 287 47
boat 0.0056 166 13 311 72
bird 0.0666 178 90 298 215
bird 0.0410 207 68 277 115
bird 0.0305 163 52 287 279
bird 0.0130 141 121 221 219
bird 0.0125 164 78 282 160
bird 0.0093 75 1 268 253
bird 0.0092 165 62 283 127
bird 0.0047 149 91 250 224
bird 0.0045 167 85 198 118
bird 0.0035 193 96 254 150
bird 0.0021 127 18 317 168
bird 0.0016 150 131 219 186
bird 0.0015 135 83 225 191
bird 0.0013 17 2 332 333
bird 0.0012 168 79 232 127
bird 0.0011 166 27 201 51
bird 0.0010 0 -2 20 80
cat 0.0011 243 0 272 34
dog 0.0038 206 -1 277 40
dog 0.0020 158 1 287 47
dog 0.0019 243 0 272 34
dog 0.0014 163 0 236 39
dog 0.0012 205 0 238 34
horse 0.0015 206 -1 277 40
sheep 0.0020 141 121 221 219
sheep 0.0013 17 2 332 333
cow 0.0010 166 27 201 51
bottle 0.0040 243 0 272 34
bottle 0.0031 167 85 198 118
bottle 0.0020 205 0 238 34
bottle 0.0019 217 0 261 36
bottle 0.0016 205 65 277 110
chair 0.0180 0 -2 20 80
chair 0.0017 75 1 268 253
chair 0.0015 17 2 332 333
pottedplant 0.0056 249 167 496 335
pottedplant 0.0035 140 5 510 332
pottedplant 0.0026 147 14 298 68
pottedplant 0.0020 292 93 343 115
pottedplant 0.0018 205 65 277 110
pottedplant 0.0014 277 53 317 77
diningtable 0.0026 165 29 311 86
diningtable 0.0010 151 4 299 74
