person 0.8165 18 7 349 409
person 0.4196 131 354 157 397
person 0.3259 158 352 195 393
person 0.1693 196 341 242 403
person 0.1334 201 309 233 354
person 0.0986 174 317 210 385
person 0.0715 148 328 170 375
person 0.0680 134 324 156 361
person 0.0654 148 319 172 356
person 0.0585 200 349 231 393
person 0.0571 210 58 332 447
person 0.0548 -17 130 324 513
person 0.0440 131 333 157 373
person 0.0315 -3 225 230 498
person 0.0279 219 334 240 381
person 0.0267 164 319 195 355
person 0.0242 5 244 141 427
person 0.0135 139 321 174 388
person 0.0121 143 352 171 393
person 0.0120 133 321 244 407
person 0.0120 205 340 236 379
person 0.0102 163 337 196 372
person 0.0098 211 325 255 394
person 0.0067 189 464 338 499
person 0.0056 179 320 257 418
person 0.0035 72 459 378 501
person 0.0028 136 215 313 439
person 0.0026 156 316 208 364
person 0.0024 144 299 247 378
person 0.0022 208 345 247 434
person 0.0020 232 0 364 351
person 0.0020 239 337 261 378
person 0.0017 215 143 303 268
person 0.0015 233 322 264 398
person 0.0015 72 308 294 498
person 0.0014 103 335 135 410
person 0.0014 221 346 242 397
person 0.0013 13 386 284 499
person 0.0012 188 352 211 393
person 0.0011 171 298 354 498
person 0.0011 169 328 217 416
person 0.0011 143 342 255 442
person 0.0011 113 350 134 404
dog 0.0011 196 341 242 403
bottle 0.0036 131 354 157 397
bottle 0.0035 196 341 242 403
bottle 0.0033 200 349 231 393
bottle 0.0023 158 352 195 393
bottle 0.0021 134 324 156 361
bottle 0.0020 174 317 210 385
chair 0.0085 238 347 261 399
chair 0.0083 189 464 338 499
chair 0.0039 44 447 324 500
chair 0.0031 239 337 261 378
chair 0.0023 -2 25 373 551
chair 0.0021 208 345 247 434
chair 0.0017 144 482 186 500
chair 0.0016 63 199 376 513
chair 0.0013 -3 225 230 498
chair 0.0012 91 258 279 463
chair 0.0010 256 287 326 456
chair 0.0010 73 398 236 484
chair 0.0010 238 368 259 411
chair 0.0010 233 322 264 398
sofa 0.0106 44 447 324 500
sofa 0.0064 0 23 368 470
sofa 0.0042 45 388 327 497
sofa 0.0033 189 464 338 499
sofa 0.0011 73 398 236 484
diningtable 0.0094 44 447 324 500
diningtable 0.0085 45 388 327 497
diningtable 0.0024 195 380 241 401
diningtable 0.0015 302 379 371 505
diningtable 0.0014 -11 427 391 502
diningtable 0.0012 189 464 338 499
diningtable 0.0010 191 371 246 450
