person 0.0297 60 193 110 248
person 0.0113 13 17 82 150
person 0.0077 8 282 156 373
person 0.0040 431 41 477 120
person 0.0033 0 58 27 143
person 0.0027 0 221 28 292
person 0.0024 73 191 106 215
person 0.0023 52 215 80 255
person 0.0019 365 126 388 155
person 0.0018 0 193 108 270
person 0.0018 2 16 25 112
person 0.0017 43 209 95 260
person 0.0014 0 213 17 257
person 0.0014 0 242 64 355
person 0.0013 110 130 124 191
person 0.0013 0 236 25 270
person 0.0013 53 202 85 233
person 0.0011 89 247 113 272
bird 0.0088 125 39 165 53
bird 0.0023 89 254 115 291
bird 0.0012 365 126 388 155
bird 0.0010 125 258 140 285
cat 0.0157 329 198 344 238
cat 0.0036 189 196 213 227
cat 0.0034 125 258 140 285
cat 0.0025 89 254 115 291
cat 0.0017 8 13 78 147
cat 0.0017 60 193 110 248
cat 0.0016 -1 213 106 312
cat 0.0012 -6 182 144 362
cat 0.0011 296 255 325 301
cat 0.0010 89 247 113 272
dog 0.0148 329 198 344 238
dog 0.0097 296 255 325 301
dog 0.0049 318 275 341 308
dog 0.0038 309 266 333 306
dog 0.0034 -1 213 106 312
dog 0.0022 125 258 140 285
dog 0.0017 60 193 110 248
dog 0.0015 89 254 115 291
dog 0.0012 89 247 113 272
horse 0.0034 8 13 78 147
bottle 0.0592 2 16 25 112
bottle 0.0328 62 107 88 158
bottle 0.0328 443 326 463 371
bottle 0.0202 0 58 27 143
bottle 0.0060 29 100 52 150
bottle 0.0056 1 73 24 119
bottle 0.0054 125 258 140 285
bottle 0.0048 34 110 59 157
bottle 0.0042 8 13 78 147
bottle 0.0035 3 26 20 91
bottle 0.0030 89 254 115 291
bottle 0.0030 6 19 23 72
bottle 0.0027 0 307 21 355
bottle 0.0025 0 116 30 158
bottle 0.0022 0 108 24 142
bottle 0.0021 63 260 95 293
bottle 0.0020 110 130 124 191
bottle 0.0016 0 213 17 257
bottle 0.0012 454 86 473 125
bottle 0.0011 12 93 48 155
bottle 0.0010 0 291 49 336
bottle 0.0010 394 344 458 373
chair 0.9813 314 182 431 314
chair 0.9552 207 169 282 252
chair 0.2897 117 204 231 311
chair 0.2406 8 278 158 374
chair 0.0425 294 204 338 305
chair 0.0357 295 247 332 304
chair 0.0325 394 344 458 373
chair 0.0246 391 164 419 187
chair 0.0229 329 198 344 238
chair 0.0208 443 326 463 371
chair 0.0136 37 190 232 343
chair 0.0136 -6 182 144 362
chair 0.0084 347 157 390 242
chair 0.0063 0 193 108 270
chair 0.0047 309 266 333 306
chair 0.0037 103 292 154 374
chair 0.0032 -1 213 106 312
chair 0.0025 -5 253 102 328
chair 0.0025 118 260 158 363
chair 0.0023 329 147 409 238
chair 0.0020 77 333 102 372
chair 0.0020 124 97 240 291
chair 0.0018 69 262 176 371
chair 0.0016 110 130 124 191
chair 0.0015 -3 4 115 289
chair 0.0015 -1 292 48 367
chair 0.0015 318 275 341 308
chair 0.0013 394 324 475 374
chair 0.0011 174 165 268 278
sofa 0.3332 101 196 233 317
sofa 0.1068 318 175 431 306
sofa 0.0363 207 169 282 252
sofa 0.0099 -6 186 198 362
sofa 0.0041 16 264 150 370
sofa 0.0019 0 193 108 270
sofa 0.0018 347 157 390 242
sofa 0.0010 -1 213 106 312
sofa 0.0010 -5 160 111 228
pottedplant 0.1553 389 77 424 115
pottedplant 0.1162 365 126 388 155
pottedplant 0.0647 130 99 212 216
pottedplant 0.0550 124 97 240 291
pottedplant 0.0506 386 75 426 168
pottedplant 0.0149 357 110 385 142
pottedplant 0.0136 189 196 213 227
pottedplant 0.0124 371 53 443 171
pottedplant 0.0101 454 86 473 125
pottedplant 0.0083 329 198 344 238
pottedplant 0.0077 390 119 425 185
pottedplant 0.0077 352 140 390 164
pottedplant 0.0053 434 62 475 127
pottedplant 0.0048 69 11 92 106
pottedplant 0.0044 71 4 98 160
pottedplant 0.0035 348 143 376 165
pottedplant 0.0032 347 125 391 190
pottedplant 0.0030 386 161 417 189
pottedplant 0.0028 387 32 474 166
pottedplant 0.0028 350 111 390 166
pottedplant 0.0026 358 85 430 194
pottedplant 0.0025 383 55 431 115
pottedplant 0.0021 306 138 330 178
pottedplant 0.0020 380 96 399 140
pottedplant 0.0019 410 13 488 129
pottedplant 0.0018 351 128 376 156
pottedplant 0.0017 8 13 78 147
pottedplant 0.0016 126 258 145 291
pottedplant 0.0014 180 170 218 228
pottedplant 0.0012 88 -3 114 133
pottedplant 0.0011 443 326 463 371
pottedplant 0.0011 110 130 124 191
diningtable 0.0678 16 264 150 370
diningtable 0.0566 -6 182 144 362
diningtable 0.0064 4 255 126 328
diningtable 0.0051 391 336 465 376
diningtable 0.0050 -1 213 106 312
diningtable 0.0012 -5 160 111 228
diningtable 0.0012 0 193 108 270
diningtable 0.0011 -3 60 116 315
diningtable 0.0010 -4 287 113 371
diningtable 0.0010 0 242 64 355
tvmonitor 0.0074 347 157 390 242
tvmonitor 0.0067 357 110 385 142
tvmonitor 0.0022 0 195 102 273
tvmonitor 0.0021 365 126 388 155
tvmonitor 0.0012 306 138 330 178
