person 0.1930 18 217 481 374
person 0.0508 59 -30 521 403
person 0.0254 -5 176 210 361
person 0.0155 -35 10 378 362
person 0.0143 364 4 500 226
person 0.0080 0 -11 292 256
person 0.0062 472 140 499 225
person 0.0052 0 -3 121 303
person 0.0044 220 -23 502 323
person 0.0037 305 218 506 369
person 0.0033 473 76 499 242
person 0.0030 438 0 500 372
person 0.0027 0 179 57 350
person 0.0016 0 185 57 247
person 0.0014 0 112 20 245
person 0.0014 0 21 62 352
person 0.0012 0 193 106 334
person 0.0010 -2 252 105 361
bicycle 0.0044 67 221 506 370
car 0.0935 2 -16 495 393
car 0.0349 18 217 481 374
car 0.0038 -11 134 361 387
car 0.0014 1 0 338 248
car 0.0011 220 -23 502 323
motorbike 0.0173 67 221 506 370
motorbike 0.0042 305 218 506 369
motorbike 0.0032 -8 155 424 374
motorbike 0.0032 2 -16 495 393
boat 0.0159 67 221 506 370
boat 0.0018 -8 155 424 374
bird 0.0014 13 -11 482 251
bird 0.0010 81 6 331 233
cat 0.0547 -6 -7 348 297
cat 0.0016 364 4 500 226
dog 0.0703 1 0 338 248
dog 0.0025 2 -16 495 393
horse 0.0173 18 217 481 374
horse 0.0043 31 0 307 244
horse 0.0017 -35 10 378 362
cow 0.0093 1 0 338 248
cow 0.0027 18 217 481 374
cow 0.0017 -38 -4 458 379
bottle 0.0054 404 0 459 42
bottle 0.0010 446 0 499 56
chair 0.0333 305 218 506 369
chair 0.0259 405 232 503 371
chair 0.0095 315 315 432 372
chair 0.0094 67 221 506 370
chair 0.0057 308 234 417 365
chair 0.0050 -38 -4 458 379
chair 0.0044 -8 155 424 374
chair 0.0032 311 315 366 375
chair 0.0030 328 284 464 378
chair 0.0029 138 301 184 329
chair 0.0025 -1 -13 294 302
chair 0.0019 2 318 104 370
chair 0.0017 364 4 500 226
chair 0.0010 1 233 62 372
sofa 0.0035 67 221 506 370
sofa 0.0027 1 0 338 248
sofa 0.0026 426 229 502 367
sofa 0.0025 305 218 506 369
sofa 0.0011 -38 -4 458 379
diningtable 0.0049 -38 -4 458 379
tvmonitor 0.0128 146 -11 500 315
tvmonitor 0.0049 364 4 500 226
tvmonitor 0.0033 -4 -13 423 256
tvmonitor 0.0013 426 229 502 367
tvmonitor 0.0011 208 2 458 228
