person 0.0224 275 91 332 137
person 0.0094 98 39 120 75
person 0.0068 445 22 467 45
person 0.0053 94 65 125 82
person 0.0035 312 84 356 137
person 0.0035 146 59 370 136
person 0.0033 318 80 346 111
person 0.0029 169 31 198 56
person 0.0024 300 83 334 111
person 0.0020 183 78 214 111
person 0.0020 148 94 175 132
person 0.0019 153 82 179 111
person 0.0016 157 83 205 139
person 0.0016 284 86 320 113
person 0.0015 164 93 193 133
person 0.0015 288 72 344 128
person 0.0013 104 63 134 82
person 0.0012 166 80 194 112
person 0.0011 453 25 494 45
person 0.0010 241 18 278 54
bicycle 0.0036 104 63 134 82
bicycle 0.0028 94 65 125 82
car 0.5823 -16 36 450 368
car 0.2124 116 43 178 64
car 0.0411 164 39 200 58
car 0.0140 94 65 125 82
car 0.0126 78 128 499 399
car 0.0105 453 25 494 45
car 0.0104 146 59 370 136
car 0.0085 105 45 146 72
car 0.0077 98 39 120 75
car 0.0072 122 57 168 79
car 0.0034 104 63 134 82
car 0.0033 68 65 111 81
car 0.0026 445 22 467 45
car 0.0023 112 37 180 76
car 0.0019 382 111 415 142
car 0.0017 313 28 401 44
car 0.0017 100 63 451 172
car 0.0013 107 20 223 70
car 0.0012 172 20 409 59
car 0.0012 112 76 448 258
motorbike 0.0044 3 77 422 375
aeroplane 0.0014 172 20 409 59
bus 0.0407 116 43 178 64
bus 0.0359 28 29 475 377
bus 0.0036 146 59 370 136
bus 0.0028 182 35 414 68
bus 0.0028 313 28 401 44
bus 0.0026 172 20 409 59
train 0.0513 19 66 481 396
train 0.0503 172 20 409 59
train 0.0050 182 35 414 68
train 0.0034 313 28 401 44
train 0.0028 282 26 423 52
boat 0.0015 313 28 401 44
bird 0.0069 445 22 467 45
dog 0.0010 445 22 467 45
horse 0.0023 445 22 467 45
horse 0.0019 453 25 494 45
cow 0.0010 445 22 467 45
