person 0.7790 329 31 503 314
person 0.7061 1 76 98 325
person 0.5911 246 113 421 325
person 0.4701 88 64 267 334
person 0.0688 135 160 290 327
person 0.0527 16 151 165 332
person 0.0423 -6 31 193 328
person 0.0171 316 23 384 141
person 0.0170 31 68 386 332
person 0.0152 229 26 411 220
person 0.0141 179 179 264 254
person 0.0130 258 33 373 120
person 0.0094 249 6 478 167
person 0.0078 292 42 330 114
person 0.0048 351 1 471 117
person 0.0046 84 142 495 321
person 0.0039 149 106 355 317
person 0.0027 244 29 325 128
person 0.0026 190 173 283 305
person 0.0022 71 112 100 193
person 0.0017 334 162 380 227
person 0.0017 12 182 78 330
person 0.0012 214 -17 506 283
person 0.0012 360 0 426 40
person 0.0011 395 0 423 36
person 0.0011 281 13 436 115
person 0.0010 328 27 372 103
person 0.0010 49 158 75 187
person 0.0010 342 163 368 201
person 0.0010 0 209 18 335
bird 0.0011 246 27 316 125
dog 0.0020 135 160 290 327
dog 0.0018 180 172 265 257
dog 0.0010 88 64 267 334
bottle 0.0028 395 0 423 36
bottle 0.0021 416 0 480 47
bottle 0.0012 283 38 323 115
chair 0.0023 328 50 502 335
chair 0.0011 12 182 78 330
sofa 0.0264 242 119 428 336
sofa 0.0027 174 218 489 339
sofa 0.0016 329 133 493 329
sofa 0.0014 16 151 165 332
pottedplant 0.0010 0 28 104 328
