person 0.6770 -15 53 367 388
person 0.5158 140 62 498 371
person 0.1623 397 175 499 292
person 0.0222 -10 56 210 337
person 0.0220 214 19 311 107
person 0.0198 0 87 26 307
person 0.0139 3 140 48 295
person 0.0134 0 61 56 309
person 0.0122 305 77 502 302
person 0.0122 126 11 293 290
person 0.0084 252 34 311 100
person 0.0071 0 175 19 293
person 0.0061 214 28 241 60
person 0.0049 121 13 239 115
person 0.0042 65 63 109 90
person 0.0040 81 -3 420 324
person 0.0037 395 174 422 263
person 0.0034 185 133 211 221
person 0.0033 314 93 388 203
person 0.0032 7 133 47 226
person 0.0030 3 54 126 151
person 0.0028 277 16 320 108
person 0.0026 194 44 392 266
person 0.0023 0 91 30 188
person 0.0020 101 4 315 134
person 0.0018 -20 209 522 372
person 0.0017 188 132 206 182
person 0.0016 212 32 273 88
person 0.0016 203 7 242 66
person 0.0015 149 47 266 158
person 0.0013 293 51 431 251
person 0.0012 391 -10 501 308
person 0.0012 230 38 293 91
person 0.0010 370 246 502 339
person 0.0010 23 157 45 205
cat 0.0022 397 175 499 292
cat 0.0010 363 142 390 178
dog 0.0135 400 172 499 301
bottle 0.0257 395 174 422 263
bottle 0.0139 316 63 330 105
bottle 0.0019 284 13 302 43
bottle 0.0017 399 215 418 263
bottle 0.0013 283 17 304 61
bottle 0.0012 0 128 24 305
chair 0.1351 397 175 499 292
chair 0.0617 309 94 377 145
chair 0.0265 314 93 388 203
chair 0.0183 140 62 498 371
chair 0.0150 395 174 422 263
chair 0.0148 233 19 319 105
chair 0.0127 316 63 330 105
chair 0.0062 235 30 272 55
chair 0.0057 347 214 408 260
chair 0.0053 346 137 377 174
chair 0.0053 337 129 379 233
chair 0.0050 254 42 311 107
chair 0.0040 230 38 293 91
chair 0.0035 -12 14 295 374
chair 0.0034 335 131 416 262
chair 0.0033 335 134 387 185
chair 0.0029 293 68 381 161
chair 0.0028 294 106 377 248
chair 0.0027 396 176 421 223
chair 0.0027 214 28 241 60
chair 0.0021 0 175 19 293
chair 0.0020 277 16 320 108
chair 0.0019 0 87 26 307
chair 0.0019 412 177 454 256
chair 0.0017 208 4 309 82
chair 0.0015 247 54 398 255
chair 0.0014 452 249 499 328
chair 0.0014 351 168 479 269
chair 0.0013 342 224 367 252
chair 0.0013 225 31 260 60
chair 0.0012 -5 64 124 325
chair 0.0012 0 148 54 295
chair 0.0012 366 250 496 339
chair 0.0012 23 75 229 310
chair 0.0011 204 0 271 45
chair 0.0011 283 85 464 286
chair 0.0011 260 16 374 142
chair 0.0010 -1 56 55 381
chair 0.0010 318 59 338 98
sofa 0.2679 400 172 499 301
sofa 0.0125 366 250 496 339
sofa 0.0057 86 55 502 373
sofa 0.0040 309 88 394 226
sofa 0.0017 329 165 418 266
sofa 0.0015 347 214 408 260
sofa 0.0014 214 19 311 107
sofa 0.0012 -1 98 54 289
sofa 0.0012 349 235 473 310
sofa 0.0011 0 72 26 284
sofa 0.0010 309 94 377 145
sofa 0.0010 283 85 464 286
pottedplant 0.0014 234 20 314 106
diningtable 0.0013 79 293 503 373
diningtable 0.0013 311 92 385 145
diningtable 0.0010 401 182 501 315
tvmonitor 0.0016 309 94 377 145
