person 0.0462 431 167 472 201
person 0.0253 213 4 353 183
person 0.0139 9 16 337 252
person 0.0088 66 201 100 218
person 0.0046 3 64 193 328
person 0.0044 112 12 458 320
person 0.0041 231 6 345 99
person 0.0021 182 40 382 298
person 0.0019 206 173 428 331
person 0.0017 425 169 451 199
person 0.0012 390 255 497 322
car 0.0013 1 26 321 235
bird 0.0093 206 173 428 331
bird 0.0013 274 239 325 297
bird 0.0013 430 171 469 203
bird 0.0012 198 171 355 294
cat 0.2017 172 172 407 334
cat 0.0679 1 26 321 235
cat 0.0178 430 171 469 203
cat 0.0168 255 242 406 334
cat 0.0054 193 167 331 299
cat 0.0053 425 160 484 203
cat 0.0029 154 256 366 327
cat 0.0027 274 239 325 297
cat 0.0025 390 255 497 322
cat 0.0015 3 64 193 328
dog 0.4637 172 172 407 334
dog 0.2473 1 26 321 235
dog 0.0698 430 171 469 203
dog 0.0446 425 160 484 203
dog 0.0144 255 242 406 334
dog 0.0143 218 167 347 254
dog 0.0084 390 255 497 322
dog 0.0018 425 171 450 204
dog 0.0014 281 243 351 301
dog 0.0014 57 18 434 313
dog 0.0011 453 172 485 202
horse 0.2836 1 26 321 235
horse 0.0084 57 18 434 313
horse 0.0064 0 72 268 312
sheep 0.0020 390 255 497 322
sheep 0.0019 1 26 321 235
cow 0.0063 0 32 277 234
bottle 0.0044 431 167 472 201
chair 0.0183 438 153 495 201
chair 0.0132 69 141 132 217
chair 0.0066 477 157 499 198
chair 0.0064 448 149 481 167
chair 0.0025 66 201 100 218
chair 0.0021 480 145 499 171
chair 0.0020 1 26 321 235
chair 0.0020 206 173 428 331
chair 0.0015 93 189 128 219
chair 0.0014 313 136 372 184
chair 0.0013 430 171 469 203
chair 0.0011 230 127 345 215
chair 0.0010 157 54 485 354
sofa 0.0042 -5 51 282 262
sofa 0.0041 206 173 428 331
sofa 0.0012 390 255 497 322
pottedplant 0.0146 96 197 127 217
pottedplant 0.0016 76 162 131 218
pottedplant 0.0015 66 201 100 218
diningtable 0.0033 438 153 495 201
diningtable 0.0022 448 149 481 167
diningtable 0.0011 206 173 428 331
tvmonitor 0.4254 318 -2 399 130
tvmonitor 0.0127 286 3 368 121
tvmonitor 0.0029 448 149 481 167
tvmonitor 0.0027 3 4 196 96
tvmonitor 0.0013 316 63 399 131
tvmonitor 0.0012 324 19 349 62
tvmonitor 0.0011 248 1 381 175
