person 0.3143 23 174 42 229
person 0.2624 52 182 75 226
person 0.2215 206 199 229 237
person 0.0527 79 177 97 226
person 0.0352 195 202 216 243
person 0.0195 287 203 311 235
person 0.0137 0 262 29 368
person 0.0124 261 210 304 270
person 0.0103 201 204 234 273
person 0.0096 39 178 56 227
person 0.0092 268 204 292 235
person 0.0077 268 216 293 262
person 0.0074 335 209 374 234
person 0.0073 156 175 177 217
person 0.0055 -1 218 32 336
person 0.0047 244 205 268 231
person 0.0042 280 215 307 250
person 0.0041 231 205 256 234
person 0.0038 0 256 25 289
person 0.0037 457 199 486 236
person 0.0033 338 179 366 218
person 0.0032 0 261 91 378
person 0.0029 43 201 81 269
person 0.0028 450 196 497 276
person 0.0026 0 243 28 272
person 0.0023 1 166 15 224
person 0.0023 299 197 326 234
person 0.0022 -1 263 58 333
person 0.0021 156 182 198 256
person 0.0021 479 188 499 234
person 0.0020 477 174 499 297
person 0.0019 179 200 198 243
person 0.0018 480 211 500 376
person 0.0018 245 168 263 228
person 0.0017 448 187 500 241
person 0.0017 326 188 386 236
person 0.0017 0 218 62 324
person 0.0016 188 189 223 249
person 0.0015 353 172 403 226
person 0.0015 -2 196 32 280
person 0.0012 481 215 500 254
person 0.0011 32 247 66 272
person 0.0011 322 194 351 234
person 0.0011 438 41 462 82
person 0.0010 52 242 83 275
car 0.0025 246 230 487 369
motorbike 0.0018 23 174 42 229
boat 0.0013 482 323 499 377
bird 0.0018 244 194 489 355
bird 0.0014 23 174 42 229
bird 0.0012 436 319 497 374
bird 0.0011 52 191 75 229
cat 0.0013 104 240 166 307
cat 0.0013 52 191 75 229
dog 0.0018 241 261 280 293
dog 0.0010 104 240 166 307
horse 0.0183 244 194 489 355
horse 0.0119 294 198 448 266
horse 0.0041 52 191 75 229
horse 0.0031 353 172 403 226
horse 0.0030 23 174 42 229
horse 0.0025 293 226 500 312
horse 0.0019 79 177 97 226
cow 0.0087 244 194 489 355
chair 0.9510 2 275 93 376
chair 0.8544 128 280 246 375
chair 0.7802 101 239 181 368
chair 0.4774 139 198 189 262
chair 0.3128 202 233 230 270
chair 0.2876 201 204 234 273
chair 0.1759 46 269 99 323
chair 0.1612 174 208 197 255
chair 0.1588 135 206 159 252
chair 0.1234 0 262 29 368
chair 0.1140 60 244 103 313
chair 0.1133 94 203 128 227
chair 0.0969 198 208 217 252
chair 0.0893 149 216 181 258
chair 0.0860 244 194 489 355
chair 0.0826 104 240 166 307
chair 0.0766 205 215 306 297
chair 0.0762 156 182 198 256
chair 0.0671 23 270 65 328
chair 0.0593 208 206 266 269
chair 0.0552 43 261 99 286
chair 0.0500 153 235 182 262
chair 0.0474 131 207 168 266
chair 0.0462 234 213 287 264
chair 0.0398 122 212 163 295
chair 0.0320 26 264 67 286
chair 0.0317 52 242 83 275
chair 0.0302 32 247 66 272
chair 0.0298 436 319 497 374
chair 0.0283 230 232 261 267
chair 0.0273 482 323 499 377
chair 0.0271 71 245 98 276
chair 0.0244 339 292 491 372
chair 0.0230 231 218 330 318
chair 0.0227 179 200 198 243
chair 0.0218 239 232 271 262
chair 0.0202 -1 263 58 333
chair 0.0198 206 199 229 237
chair 0.0190 0 243 28 272
chair 0.0189 128 189 207 271
chair 0.0184 258 225 480 308
chair 0.0176 230 220 258 254
chair 0.0175 170 259 261 374
chair 0.0159 261 210 304 270
chair 0.0157 127 236 169 267
chair 0.0155 157 190 179 242
chair 0.0152 52 191 75 229
chair 0.0152 25 247 67 305
chair 0.0152 4 264 50 288
chair 0.0135 183 220 229 279
chair 0.0131 231 205 256 234
chair 0.0127 106 220 134 251
chair 0.0105 381 267 497 358
chair 0.0100 112 241 247 350
chair 0.0091 18 273 44 313
chair 0.0088 7 226 111 306
chair 0.0084 76 190 96 229
chair 0.0081 0 256 25 289
chair 0.0080 85 220 131 247
chair 0.0079 481 242 500 384
chair 0.0075 0 240 56 307
chair 0.0069 107 317 180 373
chair 0.0068 138 213 183 286
chair 0.0067 268 216 293 262
chair 0.0065 83 207 131 264
chair 0.0063 244 205 268 231
chair 0.0062 40 227 97 283
chair 0.0060 433 250 499 375
chair 0.0060 21 227 78 283
chair 0.0054 27 256 104 334
chair 0.0053 28 284 55 328
chair 0.0050 42 224 127 322
chair 0.0043 141 336 179 374
chair 0.0035 93 239 122 270
chair 0.0035 239 267 356 344
chair 0.0035 156 175 177 217
chair 0.0030 99 205 152 266
chair 0.0029 -1 218 32 336
chair 0.0029 89 183 112 222
chair 0.0028 294 198 448 266
chair 0.0028 168 197 259 271
chair 0.0026 16 322 90 371
chair 0.0026 36 243 160 357
chair 0.0026 188 189 223 249
chair 0.0023 487 301 500 371
chair 0.0023 353 223 503 370
chair 0.0023 85 221 127 287
chair 0.0022 1 267 25 317
chair 0.0021 0 300 14 366
chair 0.0021 154 246 217 297
chair 0.0021 486 280 500 338
chair 0.0020 37 220 89 242
chair 0.0019 235 171 255 224
chair 0.0018 268 204 292 235
chair 0.0016 179 250 311 343
chair 0.0013 239 195 333 275
chair 0.0012 113 222 214 305
chair 0.0012 55 220 122 243
chair 0.0012 33 191 55 229
chair 0.0012 60 206 113 268
sofa 0.6027 246 230 487 369
sofa 0.0526 205 215 306 297
sofa 0.0486 258 225 480 308
sofa 0.0338 152 176 187 259
sofa 0.0211 151 262 258 374
sofa 0.0203 239 267 356 344
sofa 0.0177 2 275 93 376
sofa 0.0126 103 237 181 359
sofa 0.0110 231 218 330 318
sofa 0.0079 156 203 197 260
sofa 0.0063 179 250 311 343
sofa 0.0054 128 189 207 271
sofa 0.0044 348 295 466 370
sofa 0.0042 294 198 448 266
sofa 0.0031 174 208 197 255
sofa 0.0026 381 267 497 358
sofa 0.0025 109 258 225 371
sofa 0.0021 191 228 395 360
sofa 0.0021 233 297 367 366
sofa 0.0019 104 229 299 375
sofa 0.0018 122 212 163 295
sofa 0.0016 233 226 288 283
sofa 0.0015 0 262 29 368
sofa 0.0013 167 279 492 376
sofa 0.0010 198 209 284 269
pottedplant 0.0422 272 64 470 245
pottedplant 0.0275 23 174 42 229
pottedplant 0.0232 156 175 177 217
pottedplant 0.0219 206 199 229 237
pottedplant 0.0216 164 47 192 196
pottedplant 0.0161 79 177 97 226
pottedplant 0.0104 262 117 284 233
pottedplant 0.0094 276 109 358 243
pottedplant 0.0093 230 220 258 254
pottedplant 0.0083 52 182 75 226
pottedplant 0.0080 202 214 229 258
pottedplant 0.0068 198 208 217 252
pottedplant 0.0067 52 242 83 275
pottedplant 0.0062 206 65 230 211
pottedplant 0.0060 179 200 198 243
pottedplant 0.0060 151 44 169 195
pottedplant 0.0053 278 170 325 233
pottedplant 0.0051 62 259 101 287
pottedplant 0.0049 169 118 188 169
pottedplant 0.0047 287 203 311 235
pottedplant 0.0041 152 176 187 259
pottedplant 0.0040 245 168 263 228
pottedplant 0.0039 244 194 489 355
pottedplant 0.0037 394 71 490 168
pottedplant 0.0035 371 50 499 251
pottedplant 0.0033 134 41 157 202
pottedplant 0.0032 263 76 339 226
pottedplant 0.0030 242 87 407 272
pottedplant 0.0030 171 90 193 146
pottedplant 0.0029 32 247 66 272
pottedplant 0.0028 104 240 166 307
pottedplant 0.0027 135 206 159 252
pottedplant 0.0024 71 245 98 276
pottedplant 0.0023 191 58 213 220
pottedplant 0.0023 243 131 276 228
pottedplant 0.0020 157 190 179 242
pottedplant 0.0019 211 11 522 359
pottedplant 0.0018 174 208 197 255
pottedplant 0.0017 294 198 448 266
pottedplant 0.0017 115 80 140 124
pottedplant 0.0016 470 78 500 206
pottedplant 0.0015 44 246 100 306
pottedplant 0.0015 176 124 190 183
pottedplant 0.0014 231 205 256 234
pottedplant 0.0014 457 85 489 118
pottedplant 0.0013 268 204 292 235
pottedplant 0.0013 157 167 175 203
pottedplant 0.0013 175 82 193 127
pottedplant 0.0013 88 135 113 222
pottedplant 0.0013 306 150 422 239
pottedplant 0.0011 267 173 285 226
pottedplant 0.0010 274 96 368 188
pottedplant 0.0010 33 191 55 229
pottedplant 0.0010 244 205 268 231
pottedplant 0.0010 200 194 235 250
pottedplant 0.0010 299 197 326 234
pottedplant 0.0010 447 72 498 134
pottedplant 0.0010 235 171 255 224
pottedplant 0.0010 474 126 500 227
diningtable 0.0918 7 226 111 306
diningtable 0.0791 235 225 280 256
diningtable 0.0768 26 264 67 286
diningtable 0.0618 230 232 261 267
diningtable 0.0471 43 261 99 286
diningtable 0.0458 230 220 258 254
diningtable 0.0361 202 233 230 270
diningtable 0.0342 239 232 271 262
diningtable 0.0341 4 264 50 288
diningtable 0.0320 207 224 271 277
diningtable 0.0290 46 269 99 323
diningtable 0.0226 94 203 128 227
diningtable 0.0201 8 222 90 239
diningtable 0.0165 8 205 109 266
diningtable 0.0155 41 222 137 303
diningtable 0.0152 119 261 247 375
diningtable 0.0145 0 224 53 240
diningtable 0.0137 0 243 28 272
diningtable 0.0131 32 247 66 272
diningtable 0.0131 201 204 234 273
diningtable 0.0126 76 190 96 229
diningtable 0.0118 23 270 65 328
diningtable 0.0116 55 220 122 243
diningtable 0.0109 2 264 92 372
diningtable 0.0105 104 236 211 356
diningtable 0.0105 144 224 294 297
diningtable 0.0079 44 246 100 306
diningtable 0.0070 256 291 476 371
diningtable 0.0070 153 235 182 262
diningtable 0.0068 52 191 75 229
diningtable 0.0066 200 203 293 276
diningtable 0.0065 436 319 497 374
diningtable 0.0062 -2 226 53 286
diningtable 0.0055 52 242 83 275
diningtable 0.0055 149 216 181 258
diningtable 0.0053 -1 224 31 248
diningtable 0.0049 206 199 229 237
diningtable 0.0044 85 220 131 247
diningtable 0.0043 174 208 197 255
diningtable 0.0043 43 201 81 269
diningtable 0.0042 27 256 104 334
diningtable 0.0041 233 226 288 283
diningtable 0.0041 0 256 25 289
diningtable 0.0041 71 245 98 276
diningtable 0.0039 106 234 177 320
diningtable 0.0037 60 206 113 268
diningtable 0.0034 113 222 214 305
diningtable 0.0034 36 243 160 357
diningtable 0.0031 168 197 259 271
diningtable 0.0030 164 246 235 299
diningtable 0.0029 21 227 78 283
diningtable 0.0026 242 307 400 369
diningtable 0.0024 25 247 67 305
diningtable 0.0024 135 206 159 252
diningtable 0.0020 0 218 62 324
diningtable 0.0016 106 220 134 251
diningtable 0.0015 231 205 256 234
diningtable 0.0015 -2 196 32 280
diningtable 0.0014 173 260 226 283
diningtable 0.0014 127 236 169 267
diningtable 0.0014 40 227 97 283
diningtable 0.0013 97 197 318 352
diningtable 0.0012 83 207 131 264
diningtable 0.0012 128 189 207 271
diningtable 0.0011 18 273 44 313
diningtable 0.0011 183 220 229 279
diningtable 0.0011 0 190 115 357
diningtable 0.0010 380 301 498 369
diningtable 0.0010 107 317 180 373
diningtable 0.0010 -1 263 58 333
diningtable 0.0010 195 202 216 243
diningtable 0.0010 139 198 189 262
diningtable 0.0010 150 241 290 352
