person 0.8976 210 66 317 315
person 0.1312 -1 208 98 313
person 0.0820 37 199 96 223
person 0.0344 0 194 46 228
person 0.0152 0 198 29 235
person 0.0150 -3 198 98 242
person 0.0132 -2 204 263 315
person 0.0055 224 92 324 221
person 0.0050 5 196 85 222
person 0.0050 92 90 319 300
person 0.0047 0 186 30 300
person 0.0033 8 206 86 228
person 0.0033 219 67 289 191
person 0.0026 463 200 480 250
person 0.0025 0 208 45 319
person 0.0025 0 224 24 259
person 0.0023 0 187 65 296
person 0.0022 98 190 147 219
person 0.0022 222 62 394 260
person 0.0018 25 285 67 313
person 0.0015 465 182 481 229
person 0.0014 96 117 228 189
person 0.0013 0 232 18 286
person 0.0010 26 216 167 311
person 0.0010 455 165 479 250
person 0.0010 421 169 478 300
bicycle 0.0056 0 182 473 301
car 0.0375 376 221 477 316
car 0.0216 372 268 474 317
car 0.0165 19 120 458 287
car 0.0066 101 181 226 226
car 0.0031 463 200 480 250
car 0.0023 392 258 470 306
car 0.0017 210 66 317 315
car 0.0011 456 195 479 290
car 0.0011 349 182 484 328
motorbike 0.0084 53 168 496 307
motorbike 0.0028 151 149 395 316
motorbike 0.0010 210 66 317 315
aeroplane 0.0091 5 108 396 300
bus 0.0230 19 120 458 287
bus 0.0014 40 109 227 197
bus 0.0013 303 165 472 313
bus 0.0011 210 66 317 315
train 0.0068 19 120 458 287
boat 0.0220 5 108 396 300
boat 0.0092 53 168 496 307
boat 0.0018 69 81 340 251
cat 0.0011 -1 192 50 231
dog 0.0125 -1 192 50 231
dog 0.0088 -2 194 98 229
dog 0.0019 -3 197 98 282
dog 0.0013 37 199 96 223
dog 0.0010 -2 193 33 250
horse 0.4262 0 182 473 301
horse 0.2836 -2 204 263 315
horse 0.1231 303 165 472 313
horse 0.1191 -3 204 98 313
horse 0.1029 37 199 96 223
horse 0.0972 177 160 446 316
horse 0.0593 376 221 477 316
horse 0.0430 -4 185 102 232
horse 0.0241 26 216 167 311
horse 0.0204 -2 194 49 241
horse 0.0175 421 169 478 300
horse 0.0101 154 215 250 318
horse 0.0069 456 195 479 290
horse 0.0036 463 200 480 250
horse 0.0031 325 211 450 311
horse 0.0026 27 115 305 289
horse 0.0025 5 196 85 222
horse 0.0024 200 70 308 307
horse 0.0023 0 187 65 296
horse 0.0017 294 180 407 304
horse 0.0016 358 172 475 279
horse 0.0014 8 206 86 228
horse 0.0014 268 165 363 312
horse 0.0013 216 208 335 316
horse 0.0012 433 170 479 249
cow 0.0073 29 207 291 313
cow 0.0056 37 199 96 223
cow 0.0033 -17 175 423 300
cow 0.0016 -2 194 98 229
cow 0.0016 -1 208 98 313
cow 0.0014 -1 192 50 231
chair 0.0906 94 183 225 223
chair 0.0099 37 199 96 223
chair 0.0034 -4 185 102 232
chair 0.0023 154 215 250 318
chair 0.0021 0 194 46 228
chair 0.0014 27 115 305 289
chair 0.0014 210 66 317 315
chair 0.0013 98 190 147 219
chair 0.0010 96 117 228 189
sofa 0.0070 0 182 473 301
sofa 0.0017 -2 204 263 315
diningtable 0.0053 94 183 225 223
tvmonitor 0.0057 262 119 320 177
