person 0.0066 474 159 500 389
person 0.0031 444 7 499 370
person 0.0011 452 253 499 371
person 0.0010 273 5 456 296
person 0.0010 1 28 24 67
bicycle 0.0016 5 58 345 388
car 0.0031 1 28 24 67
car 0.0010 10 3 46 37
bird 0.6073 230 84 330 294
bird 0.1699 179 80 334 356
bird 0.0752 147 180 253 281
bird 0.0627 140 72 280 371
bird 0.0145 5 58 345 388
bird 0.0113 219 153 260 232
bird 0.0099 220 131 309 258
bird 0.0099 0 92 182 356
bird 0.0045 224 62 419 314
bird 0.0038 101 -8 478 386
bird 0.0017 56 179 280 360
bird 0.0015 352 85 385 115
bird 0.0015 129 201 236 302
bird 0.0014 161 81 254 223
bird 0.0014 169 133 270 263
bird 0.0013 398 59 496 389
bird 0.0012 285 130 320 234
bird 0.0011 238 74 319 218
bird 0.0010 460 77 486 114
horse 0.0019 212 -28 512 403
chair 0.0031 468 278 499 375
pottedplant 0.0056 212 -21 518 337
pottedplant 0.0042 -9 -17 357 397
pottedplant 0.0021 89 55 490 389
