person 0.8624 244 23 287 151
person 0.8026 200 29 247 147
person 0.4217 303 35 337 134
person 0.3972 416 26 459 140
person 0.3709 363 41 399 155
person 0.0532 208 19 292 155
person 0.0468 190 18 210 62
person 0.0198 320 35 341 78
person 0.0149 362 43 392 79
person 0.0119 410 39 429 79
person 0.0110 237 44 329 153
person 0.0108 363 29 388 60
person 0.0096 350 46 431 150
person 0.0073 0 121 32 159
person 0.0067 201 25 233 59
person 0.0061 305 59 370 147
person 0.0059 192 16 244 69
person 0.0051 156 42 246 150
person 0.0044 424 75 453 121
person 0.0040 2 116 130 182
person 0.0039 283 27 352 146
person 0.0038 415 41 446 79
person 0.0037 312 31 345 96
person 0.0036 307 34 335 63
person 0.0036 307 40 336 82
person 0.0034 192 9 222 49
person 0.0032 343 52 371 79
person 0.0031 190 8 220 122
person 0.0028 0 178 29 300
person 0.0027 183 62 216 135
person 0.0025 365 2 391 43
person 0.0023 249 29 276 63
person 0.0020 226 46 250 79
person 0.0020 141 1 172 60
person 0.0020 368 87 419 153
person 0.0019 180 81 197 118
person 0.0018 435 24 458 63
person 0.0018 393 46 473 153
person 0.0017 329 70 377 136
person 0.0017 366 100 395 142
person 0.0017 416 81 459 153
person 0.0016 216 48 253 145
person 0.0016 412 31 448 65
person 0.0015 235 58 255 101
person 0.0015 370 49 414 79
person 0.0013 190 73 214 125
person 0.0013 483 97 500 144
person 0.0013 387 69 430 136
person 0.0013 297 84 334 121
person 0.0012 261 30 285 63
person 0.0012 393 68 424 92
person 0.0012 420 101 445 140
person 0.0011 204 42 240 80
person 0.0010 266 53 392 151
person 0.0010 302 53 332 103
person 0.0010 410 18 460 75
person 0.0010 130 1 295 157
bicycle 0.0919 237 44 329 153
bicycle 0.0280 266 53 392 151
bicycle 0.0246 299 35 340 153
bicycle 0.0129 280 105 308 132
bicycle 0.0117 261 109 305 134
bicycle 0.0116 245 91 306 150
bicycle 0.0098 294 107 336 131
bicycle 0.0076 287 89 344 145
bicycle 0.0060 202 87 245 151
bicycle 0.0058 277 90 314 149
bicycle 0.0056 192 25 250 149
bicycle 0.0050 180 81 197 118
bicycle 0.0046 244 33 286 156
bicycle 0.0046 416 81 459 153
bicycle 0.0029 435 102 463 133
bicycle 0.0026 410 39 429 79
bicycle 0.0026 155 69 207 134
bicycle 0.0025 241 105 278 135
bicycle 0.0024 201 93 324 146
bicycle 0.0022 393 46 473 153
bicycle 0.0019 156 99 205 132
bicycle 0.0019 297 84 334 121
bicycle 0.0018 281 90 309 120
bicycle 0.0018 181 2 390 158
bicycle 0.0016 420 101 445 140
bicycle 0.0013 422 54 464 140
bicycle 0.0011 410 18 460 75
bicycle 0.0011 368 87 419 153
bicycle 0.0010 37 139 122 178
car 0.9091 296 56 432 150
car 0.4905 2 116 130 182
car 0.1886 0 118 49 171
car 0.1183 37 139 122 178
car 0.0501 237 44 329 153
car 0.0403 27 123 72 145
car 0.0384 280 52 360 144
car 0.0289 387 69 430 136
car 0.0257 329 70 377 136
car 0.0212 0 121 32 159
car 0.0098 366 40 414 154
car 0.0073 8 71 119 151
car 0.0059 12 117 78 168
car 0.0056 0 108 30 134
car 0.0053 299 35 340 153
car 0.0051 401 34 463 159
car 0.0051 3 6 200 146
car 0.0046 -2 149 116 206
car 0.0043 186 37 252 153
car 0.0040 365 53 457 151
car 0.0030 26 90 76 141
car 0.0029 396 102 428 131
car 0.0028 238 33 427 162
car 0.0025 244 33 286 156
car 0.0021 281 90 309 120
car 0.0019 48 160 117 183
car 0.0017 -1 84 36 159
car 0.0017 335 66 373 92
car 0.0017 43 100 205 172
car 0.0016 195 13 233 43
car 0.0016 192 16 244 69
car 0.0016 186 101 211 132
car 0.0015 363 29 388 60
car 0.0014 483 97 500 144
car 0.0013 393 68 424 92
car 0.0013 65 126 110 147
car 0.0012 484 114 499 160
car 0.0010 201 25 233 59
motorbike 0.0520 237 44 329 153
motorbike 0.0489 296 56 432 150
motorbike 0.0464 280 52 360 144
motorbike 0.0339 299 35 340 153
motorbike 0.0084 280 105 308 132
motorbike 0.0081 417 42 459 154
motorbike 0.0058 195 33 251 154
motorbike 0.0050 277 90 314 149
motorbike 0.0048 244 33 286 156
motorbike 0.0043 368 87 419 153
motorbike 0.0036 245 91 306 150
motorbike 0.0032 287 89 344 145
motorbike 0.0020 387 69 430 136
motorbike 0.0019 379 104 407 138
motorbike 0.0018 281 90 309 120
motorbike 0.0017 294 107 336 131
motorbike 0.0016 365 53 457 151
motorbike 0.0013 297 84 334 121
motorbike 0.0012 202 87 245 151
motorbike 0.0011 181 2 390 158
motorbike 0.0010 358 61 397 97
motorbike 0.0010 261 109 305 134
bus 0.0030 181 2 390 158
bus 0.0019 55 -25 447 162
bus 0.0012 130 1 295 157
train 0.0014 55 -25 447 162
bird 0.0068 171 358 197 375
bird 0.0012 192 25 250 149
dog 0.0016 202 33 246 154
dog 0.0015 -1 214 34 300
dog 0.0013 278 113 312 156
dog 0.0011 417 42 459 154
dog 0.0011 280 105 308 132
dog 0.0010 420 101 445 140
dog 0.0010 261 109 305 134
horse 0.0040 192 25 250 149
horse 0.0027 417 42 459 154
horse 0.0015 208 19 292 155
sheep 0.0015 0 228 27 321
bottle 0.0078 32 219 69 288
bottle 0.0056 40 218 61 253
bottle 0.0040 73 216 97 259
bottle 0.0039 58 209 80 253
bottle 0.0022 3 86 31 119
bottle 0.0021 35 235 62 280
bottle 0.0012 63 199 84 241
bottle 0.0010 0 227 20 351
chair 0.0439 21 68 166 146
chair 0.0299 30 86 55 124
chair 0.0186 3 86 38 121
chair 0.0103 54 90 116 145
chair 0.0091 2 185 128 353
chair 0.0084 459 97 482 141
chair 0.0075 1 181 92 254
chair 0.0068 -2 103 134 185
chair 0.0060 26 90 76 141
chair 0.0053 0 224 44 285
chair 0.0044 1 58 59 108
chair 0.0041 15 67 70 96
chair 0.0035 49 100 80 143
chair 0.0033 3 88 47 149
chair 0.0031 83 60 130 141
chair 0.0031 435 102 463 133
chair 0.0030 153 102 185 129
chair 0.0026 0 201 57 326
chair 0.0025 8 61 49 92
chair 0.0025 190 73 214 125
chair 0.0025 125 81 152 130
chair 0.0024 0 178 29 300
chair 0.0020 180 81 197 118
chair 0.0017 0 228 27 321
chair 0.0016 410 39 429 79
chair 0.0016 141 67 195 128
chair 0.0016 66 103 98 140
chair 0.0016 483 97 500 144
chair 0.0016 3 6 200 146
chair 0.0015 151 89 181 125
chair 0.0015 95 65 150 137
chair 0.0013 9 41 113 127
chair 0.0013 1 58 24 104
chair 0.0010 421 86 471 149
chair 0.0010 0 234 32 272
sofa 0.0031 2 116 130 182
pottedplant 0.0275 416 26 459 140
pottedplant 0.0146 42 207 142 329
pottedplant 0.0099 6 186 164 358
pottedplant 0.0035 79 233 139 316
pottedplant 0.0027 12 196 118 312
pottedplant 0.0020 65 195 146 281
pottedplant 0.0017 393 46 473 153
pottedplant 0.0015 93 220 144 291
pottedplant 0.0014 180 81 197 118
pottedplant 0.0012 57 245 107 308
pottedplant 0.0012 192 25 250 149
pottedplant 0.0011 47 171 294 360
pottedplant 0.0010 3 243 127 344
pottedplant 0.0010 303 35 337 134
diningtable 0.0038 -1 211 135 375
diningtable 0.0029 85 73 270 137
diningtable 0.0013 21 68 166 146
diningtable 0.0011 2 116 130 182
tvmonitor 0.0019 0 0 14 57
tvmonitor 0.0015 3 86 31 119
