person 0.0026 3 126 54 202
car 0.0135 239 38 462 212
car 0.0011 347 43 476 124
boat 0.0010 -34 79 458 363
bottle 0.0013 0 192 16 352
bottle 0.0011 3 126 54 202
chair 0.0308 3 126 54 202
chair 0.0200 239 38 462 212
chair 0.0106 20 3 319 135
chair 0.0040 0 162 17 345
chair 0.0025 37 31 221 199
chair 0.0021 2 100 41 134
chair 0.0020 153 5 291 106
chair 0.0018 71 -2 492 244
chair 0.0016 452 72 489 137
chair 0.0015 448 73 469 118
chair 0.0014 453 66 473 108
chair 0.0013 0 106 58 256
chair 0.0013 444 62 501 390
chair 0.0011 0 109 27 204
chair 0.0010 389 69 499 383
sofa 0.0028 20 3 319 135
sofa 0.0019 3 126 54 202
sofa 0.0011 37 31 221 199
sofa 0.0010 0 15 430 287
diningtable 0.1036 -22 32 453 334
diningtable 0.0169 104 98 249 209
diningtable 0.0027 -1 174 418 285
diningtable 0.0023 -1 107 54 345
diningtable 0.0022 4 197 320 235
diningtable 0.0012 4 142 491 384
tvmonitor 0.1261 238 42 461 227
tvmonitor 0.0041 3 126 54 202
