person 0.0230 1 64 355 383
person 0.0184 150 86 492 372
person 0.0011 24 207 474 379
cat 0.1962 1 64 355 383
cat 0.1859 190 88 370 238
cat 0.0270 85 45 493 342
cat 0.0020 126 110 380 339
cat 0.0019 20 71 333 231
cat 0.0012 221 85 493 235
cat 0.0011 2 33 194 349
dog 0.0138 1 64 355 383
dog 0.0055 150 86 492 372
chair 0.0058 85 45 493 342
chair 0.0052 1 64 355 383
sofa 0.1075 1 64 355 383
sofa 0.0591 60 142 517 371
sofa 0.0070 60 16 433 300
sofa 0.0023 156 84 356 235
sofa 0.0021 170 46 485 346
sofa 0.0011 20 71 333 231
