person 0.7561 436 15 500 370
person 0.4426 59 0 192 112
person 0.2411 192 86 328 269
person 0.0663 202 84 379 363
person 0.0139 139 73 459 388
person 0.0092 0 272 9 343
person 0.0015 0 112 22 205
person 0.0015 0 298 11 365
person 0.0010 117 171 144 238
person 0.0010 479 104 500 370
cat 0.0012 59 0 192 112
bottle 0.4903 118 175 142 248
bottle 0.4105 83 187 112 249
bottle 0.0089 88 212 113 247
bottle 0.0066 0 264 10 327
bottle 0.0028 114 216 140 249
bottle 0.0026 0 218 12 333
bottle 0.0025 78 166 126 236
bottle 0.0025 53 195 77 232
bottle 0.0023 81 185 106 222
bottle 0.0022 15 216 44 257
bottle 0.0018 5 202 65 264
bottle 0.0017 70 225 101 253
bottle 0.0017 142 216 176 247
bottle 0.0013 70 207 184 254
chair 0.0096 204 187 309 249
chair 0.0059 59 0 192 112
chair 0.0042 183 83 338 354
chair 0.0039 0 1 91 120
chair 0.0029 166 132 418 377
chair 0.0029 196 126 314 250
chair 0.0027 -7 -8 200 233
chair 0.0026 0 272 9 343
chair 0.0022 0 218 12 333
chair 0.0014 0 112 22 205
chair 0.0013 80 150 186 235
chair 0.0012 142 332 227 374
chair 0.0012 1 203 18 257
chair 0.0011 480 262 499 367
chair 0.0011 5 202 65 264
chair 0.0010 485 262 499 320
sofa 0.0100 -6 104 189 268
sofa 0.0079 117 138 463 374
sofa 0.0022 -7 -8 200 233
sofa 0.0020 192 86 328 269
sofa 0.0017 202 84 379 363
sofa 0.0010 59 0 192 112
pottedplant 0.5861 1 95 112 277
pottedplant 0.0670 -8 41 196 267
pottedplant 0.0224 15 209 71 266
pottedplant 0.0126 -1 171 73 263
pottedplant 0.0089 0 116 23 280
pottedplant 0.0033 0 184 20 285
pottedplant 0.0019 1 203 18 257
pottedplant 0.0017 0 174 18 218
pottedplant 0.0017 0 158 58 236
pottedplant 0.0017 -1 85 64 360
pottedplant 0.0016 0 113 105 209
pottedplant 0.0011 79 187 110 253
diningtable 0.0684 -28 221 441 368
diningtable 0.0393 107 242 382 377
diningtable 0.0130 258 334 382 374
diningtable 0.0034 -6 104 189 268
diningtable 0.0029 167 312 333 378
diningtable 0.0017 107 189 331 349
diningtable 0.0016 -5 68 363 382
diningtable 0.0015 -18 188 279 353
diningtable 0.0013 117 138 463 374
tvmonitor 0.0123 8 0 189 130
tvmonitor 0.0098 -7 -8 200 233
tvmonitor 0.0012 -6 104 189 268
