person 0.0568 170 -7 487 401
person 0.0052 42 -34 383 410
person 0.0017 488 124 499 196
person 0.0014 481 94 499 261
car 0.0037 482 107 499 209
car 0.0015 484 103 500 142
car 0.0013 488 124 499 196
car 0.0011 485 112 499 171
bird 0.0018 239 2 497 392
dog 0.0010 238 47 496 378
horse 0.0072 193 196 275 329
horse 0.0038 91 -21 421 403
horse 0.0011 145 188 276 362
sheep 0.0016 238 47 496 378
cow 0.0334 178 189 271 323
cow 0.0047 165 51 491 377
cow 0.0014 140 208 287 377
bottle 0.0010 239 2 497 392
chair 0.0038 481 94 499 261
chair 0.0038 487 143 499 211
chair 0.0031 -2 254 105 371
chair 0.0022 485 172 500 224
chair 0.0020 483 190 500 239
chair 0.0016 476 167 500 300
sofa 0.0010 -1 254 107 370
pottedplant 0.1871 -2 116 171 332
pottedplant 0.0053 0 160 124 278
pottedplant 0.0053 0 144 59 287
pottedplant 0.0028 33 165 217 363
pottedplant 0.0023 80 183 168 278
pottedplant 0.0023 -6 218 184 380
pottedplant 0.0015 -21 50 285 392
pottedplant 0.0012 0 160 22 271
pottedplant 0.0011 -2 107 69 346
pottedplant 0.0011 0 215 110 307
diningtable 0.0019 170 -7 487 401
diningtable 0.0018 -1 254 107 370
