person 0.0066 0 164 20 214
person 0.0029 148 152 187 194
person 0.0024 0 203 19 233
chair 0.8714 273 179 351 296
chair 0.8657 150 256 216 360
chair 0.3022 57 212 118 259
chair 0.2120 142 192 221 277
chair 0.0413 179 193 219 267
chair 0.0210 151 203 247 302
chair 0.0192 62 200 186 273
chair 0.0191 139 208 199 261
chair 0.0179 228 180 333 292
chair 0.0170 264 217 328 285
chair 0.0127 123 186 228 361
chair 0.0106 128 256 165 286
chair 0.0103 143 230 195 254
chair 0.0094 178 195 223 229
chair 0.0089 37 194 222 358
chair 0.0060 137 225 199 284
chair 0.0055 309 188 358 285
chair 0.0053 47 297 206 369
chair 0.0052 201 226 256 295
chair 0.0052 286 187 344 249
chair 0.0046 0 162 22 208
chair 0.0043 171 192 227 207
chair 0.0039 0 241 24 265
chair 0.0038 61 208 109 230
chair 0.0026 1 197 100 254
chair 0.0025 155 158 352 291
chair 0.0023 182 186 301 290
chair 0.0023 5 209 61 230
chair 0.0019 30 272 180 352
chair 0.0016 133 245 195 299
chair 0.0014 0 203 19 233
chair 0.0013 296 182 345 211
chair 0.0012 264 161 361 218
chair 0.0011 156 191 205 205
chair 0.0011 35 230 149 307
chair 0.0011 1 332 24 368
chair 0.0011 268 184 317 199
chair 0.0010 292 213 339 286
sofa 0.0203 -11 227 206 378
sofa 0.0025 146 252 219 365
sofa 0.0014 -1 300 200 373
diningtable 0.1603 -11 227 206 378
diningtable 0.0566 29 273 156 323
diningtable 0.0119 155 158 352 291
diningtable 0.0112 62 200 186 273
diningtable 0.0052 159 166 330 214
diningtable 0.0037 -3 185 132 358
diningtable 0.0027 12 257 122 345
diningtable 0.0026 -1 300 200 373
diningtable 0.0026 263 190 338 305
diningtable 0.0026 32 240 137 314
diningtable 0.0022 268 184 317 199
diningtable 0.0020 193 198 294 302
diningtable 0.0019 250 157 343 214
diningtable 0.0018 193 173 326 267
diningtable 0.0015 231 168 329 228
diningtable 0.0013 46 260 198 366
diningtable 0.0012 129 164 269 228
diningtable 0.0010 153 188 257 277
tvmonitor 0.8086 255 148 292 183
tvmonitor 0.4027 145 153 191 199
tvmonitor 0.3140 0 164 20 214
tvmonitor 0.0716 -1 161 54 231
tvmonitor 0.0032 -1 162 22 260
tvmonitor 0.0026 254 60 286 90
tvmonitor 0.0017 240 148 293 200
tvmonitor 0.0016 0 203 19 233
