person 0.0127 0 54 105 355
person 0.0046 4 31 287 380
person 0.0010 67 59 434 357
cat 0.4113 67 59 434 357
cat 0.0107 88 75 285 333
cat 0.0036 155 122 417 328
cat 0.0020 -5 78 189 378
cat 0.0017 96 83 389 243
dog 0.0437 67 59 434 357
dog 0.0046 4 31 287 380
chair 0.0472 67 59 434 357
chair 0.0088 0 54 105 355
chair 0.0015 4 31 287 380
sofa 0.0807 9 34 420 384
sofa 0.0425 0 54 105 355
sofa 0.0021 -10 47 193 362
sofa 0.0020 7 9 338 147
sofa 0.0010 277 -3 508 395
diningtable 0.0386 -36 235 461 397
diningtable 0.0124 18 302 488 389
diningtable 0.0033 -5 72 432 384
