person 0.0048 -4 92 61 485
person 0.0033 1 95 14 152
person 0.0024 -18 40 254 455
person 0.0011 38 112 59 146
bicycle 0.3871 226 392 364 467
bicycle 0.0196 233 416 312 463
bicycle 0.0052 236 361 321 470
bicycle 0.0041 307 377 359 449
bicycle 0.0013 288 374 375 460
bicycle 0.0013 321 393 352 425
motorbike 0.0221 237 373 358 465
motorbike 0.0011 231 405 327 464
boat 0.0013 249 166 366 483
cat 0.0019 -7 87 241 479
dog 0.0039 0 43 288 452
bottle 0.0012 -7 87 241 479
chair 0.0089 -7 87 241 479
pottedplant 0.0674 -7 87 241 479
pottedplant 0.0172 226 392 364 467
pottedplant 0.0142 8 81 153 342
pottedplant 0.0047 -5 81 61 426
pottedplant 0.0041 16 123 135 234
pottedplant 0.0037 -9 3 376 416
pottedplant 0.0032 265 105 318 160
pottedplant 0.0028 297 109 377 224
pottedplant 0.0013 3 99 70 245
pottedplant 0.0010 12 145 37 173
pottedplant 0.0010 0 125 38 278
diningtable 0.0018 -27 84 396 487
