person 0.8401 -12 70 436 382
person 0.7355 382 158 496 373
person 0.0821 68 28 113 81
person 0.0463 355 115 382 154
person 0.0413 380 97 407 134
person 0.0401 197 156 448 366
person 0.0288 341 114 375 153
person 0.0235 357 101 390 140
person 0.0194 311 94 363 158
person 0.0146 60 20 132 99
person 0.0130 0 238 17 381
person 0.0113 325 109 379 159
person 0.0092 3 2 112 289
person 0.0089 0 126 17 343
person 0.0058 302 99 336 134
person 0.0054 319 119 355 159
person 0.0047 351 94 406 155
person 0.0046 -2 44 55 398
person 0.0046 49 41 130 180
person 0.0041 65 26 114 127
person 0.0037 0 301 13 371
person 0.0035 306 97 336 118
person 0.0033 16 82 264 363
person 0.0032 108 57 131 79
person 0.0031 123 68 169 96
person 0.0030 478 241 500 383
person 0.0029 264 108 321 177
person 0.0027 290 95 344 150
person 0.0024 24 18 150 216
person 0.0019 259 95 399 176
person 0.0018 347 252 462 360
person 0.0017 393 151 484 249
person 0.0015 283 108 313 131
person 0.0015 53 256 70 297
person 0.0014 321 103 358 140
person 0.0013 2 68 20 287
person 0.0013 480 179 501 328
person 0.0012 23 17 115 98
person 0.0011 483 250 500 297
person 0.0011 -3 176 130 360
car 0.0076 355 115 382 154
car 0.0058 375 124 406 156
car 0.0049 341 114 375 153
car 0.0032 351 94 406 155
car 0.0021 380 97 407 134
car 0.0015 -12 70 436 382
motorbike 0.0014 108 83 469 376
cat 0.0045 67 26 108 74
bottle 0.4986 16 264 46 355
bottle 0.2711 25 264 45 326
bottle 0.1955 259 95 399 176
bottle 0.1919 264 108 321 177
bottle 0.1117 33 266 52 319
bottle 0.0471 0 238 17 381
bottle 0.0335 288 103 344 171
bottle 0.0333 53 256 70 297
bottle 0.0290 312 110 361 167
bottle 0.0266 217 116 307 191
bottle 0.0199 36 256 54 300
bottle 0.0173 49 266 73 309
bottle 0.0170 222 130 284 184
bottle 0.0165 23 268 57 346
bottle 0.0158 108 57 131 79
bottle 0.0155 33 285 54 330
bottle 0.0130 42 261 80 321
bottle 0.0100 26 261 44 296
bottle 0.0092 305 119 333 163
bottle 0.0089 0 274 11 350
bottle 0.0088 285 132 314 173
bottle 0.0072 0 301 13 371
bottle 0.0057 355 115 382 154
bottle 0.0053 256 102 339 201
bottle 0.0053 302 135 327 172
bottle 0.0049 302 99 336 134
bottle 0.0047 265 137 301 176
bottle 0.0046 319 137 358 166
bottle 0.0046 190 88 401 201
bottle 0.0036 341 114 375 153
bottle 0.0032 9 286 44 372
bottle 0.0032 218 149 268 193
bottle 0.0025 0 237 13 308
bottle 0.0020 12 313 33 351
bottle 0.0019 222 162 348 223
bottle 0.0019 283 108 313 131
bottle 0.0018 325 109 379 159
bottle 0.0015 65 260 103 287
bottle 0.0013 380 97 407 134
bottle 0.0013 1 255 57 373
bottle 0.0012 225 87 362 166
bottle 0.0010 84 41 121 79
chair 0.0204 330 220 499 370
chair 0.0185 478 241 500 383
chair 0.0126 340 310 474 372
chair 0.0102 483 250 500 297
chair 0.0080 347 252 462 360
chair 0.0066 441 228 499 375
chair 0.0054 448 170 491 252
chair 0.0047 0 301 13 371
chair 0.0043 0 238 17 381
chair 0.0039 456 301 473 330
chair 0.0025 487 256 501 322
chair 0.0024 347 346 482 378
chair 0.0023 486 279 500 343
chair 0.0023 482 320 500 376
chair 0.0023 450 296 499 370
chair 0.0021 222 196 356 260
chair 0.0020 31 124 462 381
chair 0.0019 13 254 329 374
chair 0.0015 401 252 501 368
chair 0.0015 312 229 356 250
chair 0.0014 450 227 492 252
chair 0.0011 485 304 500 365
chair 0.0010 402 153 499 251
chair 0.0010 65 260 103 287
chair 0.0010 9 286 44 372
sofa 0.0206 31 124 462 381
sofa 0.0180 330 220 499 370
sofa 0.0149 197 156 448 366
sofa 0.0125 478 243 500 349
sofa 0.0111 222 196 356 260
sofa 0.0078 340 310 474 372
sofa 0.0035 347 252 462 360
sofa 0.0027 435 223 499 364
sofa 0.0024 483 250 500 297
sofa 0.0013 0 190 17 366
sofa 0.0011 113 236 393 371
pottedplant 0.0205 2 1 107 78
pottedplant 0.0113 50 13 73 43
pottedplant 0.0072 30 -2 54 27
pottedplant 0.0041 0 190 17 366
pottedplant 0.0037 36 -1 66 38
pottedplant 0.0034 20 0 74 54
pottedplant 0.0022 1 6 112 221
pottedplant 0.0015 67 26 108 74
pottedplant 0.0011 39 13 100 73
diningtable 0.0020 169 225 474 375
diningtable 0.0018 222 196 356 260
diningtable 0.0018 340 310 474 372
diningtable 0.0017 108 83 469 376
tvmonitor 0.0128 1 199 115 249
tvmonitor 0.0060 351 94 406 155
tvmonitor 0.0037 275 94 399 180
tvmonitor 0.0024 8 215 110 321
tvmonitor 0.0021 222 196 356 260
tvmonitor 0.0017 448 170 491 252
tvmonitor 0.0015 402 153 499 251
