person 0.0386 -4 330 91 417
person 0.0265 65 335 368 482
person 0.0169 224 260 366 462
person 0.0045 -34 -9 405 432
person 0.0025 234 312 344 433
person 0.0025 -3 329 162 467
person 0.0019 33 335 98 387
person 0.0014 0 332 48 415
person 0.0011 -5 129 97 445
bird 0.1227 201 7 284 95
bird 0.0120 -34 -9 405 432
bird 0.0030 32 5 246 186
bird 0.0021 177 0 288 56
bird 0.0019 186 2 350 174
bird 0.0012 101 0 272 49
bird 0.0010 250 0 353 110
cat 0.2163 -21 166 394 494
cat 0.1475 32 347 340 477
cat 0.0149 64 357 235 466
cat 0.0129 182 262 358 467
cat 0.0026 -16 -16 389 370
cat 0.0026 86 389 279 481
cat 0.0022 11 207 291 438
cat 0.0017 -3 329 162 467
cat 0.0011 223 316 331 429
dog 0.0074 -21 166 394 494
dog 0.0033 25 351 276 471
sheep 0.0012 -21 166 394 494
chair 0.0052 -10 227 387 496
chair 0.0030 -4 330 91 417
chair 0.0013 0 332 48 415
chair 0.0011 0 308 43 332
sofa 0.0448 -21 166 394 494
sofa 0.0114 65 335 368 482
sofa 0.0042 -3 326 95 420
pottedplant 0.0807 -21 166 394 494
pottedplant 0.0265 -19 -21 330 379
pottedplant 0.0031 23 5 205 188
pottedplant 0.0020 -9 177 213 395
pottedplant 0.0019 7 19 206 333
pottedplant 0.0010 110 4 401 415
diningtable 0.0032 1 381 378 498
diningtable 0.0020 -34 -9 405 432
diningtable 0.0011 242 461 374 501
tvmonitor 0.0056 -21 166 394 494
