person 0.0416 -10 19 439 327
person 0.0173 -1 23 105 321
person 0.0096 303 -3 498 275
person 0.0035 11 166 191 357
person 0.0024 307 0 499 51
person 0.0019 8 290 139 353
person 0.0017 309 7 489 109
person 0.0017 65 9 276 195
person 0.0011 14 -4 157 208
cat 0.3067 50 10 452 282
cat 0.0140 65 9 276 195
cat 0.0038 303 -3 498 275
cat 0.0027 253 90 474 255
cat 0.0025 6 208 195 354
dog 0.2905 50 10 452 282
dog 0.0123 65 9 276 195
dog 0.0033 6 208 195 354
dog 0.0031 303 -3 498 275
dog 0.0011 23 293 143 356
bottle 0.0467 0 7 108 281
bottle 0.0076 27 0 115 78
bottle 0.0072 121 197 461 300
bottle 0.0054 38 167 392 280
bottle 0.0016 63 160 205 225
chair 0.0907 -1 23 105 321
chair 0.0193 238 3 321 94
chair 0.0161 21 -28 406 254
chair 0.0129 307 0 499 51
chair 0.0109 96 2 329 131
chair 0.0093 303 -3 498 275
chair 0.0081 138 -1 300 77
chair 0.0065 396 0 499 44
chair 0.0034 27 0 115 78
chair 0.0021 49 6 242 189
chair 0.0016 212 -3 266 45
chair 0.0015 140 -1 268 41
chair 0.0015 140 0 488 287
chair 0.0014 14 -4 157 208
chair 0.0013 0 62 18 279
chair 0.0012 309 7 489 109
sofa 0.0591 50 10 452 282
sofa 0.0118 303 -3 498 275
sofa 0.0054 307 0 499 51
sofa 0.0043 264 1 488 138
sofa 0.0032 96 2 329 131
sofa 0.0031 -1 23 105 321
sofa 0.0022 236 2 321 96
sofa 0.0011 301 2 440 107
sofa 0.0011 396 0 499 44
diningtable 0.0929 -10 19 439 327
diningtable 0.0133 -1 23 105 321
diningtable 0.0129 32 210 546 358
diningtable 0.0013 117 108 509 315
diningtable 0.0012 293 2 497 61
