person 0.8470 259 151 298 279
person 0.8022 216 152 264 268
person 0.7834 60 181 127 327
person 0.6625 307 149 375 331
person 0.0765 281 157 321 279
person 0.0671 74 159 104 195
person 0.0521 64 186 112 283
person 0.0451 258 147 328 293
person 0.0170 277 151 355 326
person 0.0119 86 188 123 281
person 0.0108 60 159 108 230
person 0.0064 302 143 330 176
person 0.0039 291 158 332 237
person 0.0033 335 174 376 251
person 0.0032 86 260 134 325
person 0.0029 55 179 89 289
person 0.0029 295 177 330 329
person 0.0025 205 140 240 250
person 0.0025 242 153 278 269
person 0.0017 318 219 360 326
person 0.0016 310 212 328 262
person 0.0016 318 145 356 172
person 0.0014 73 150 107 182
person 0.0014 302 157 380 235
person 0.0014 333 222 371 326
person 0.0013 77 163 123 231
person 0.0013 259 149 290 210
person 0.0013 214 208 262 272
person 0.0011 334 178 409 325
person 0.0010 98 184 137 323
person 0.0010 279 226 317 329
person 0.0010 466 66 501 170
cat 0.0131 282 264 317 326
cat 0.0018 86 260 134 325
dog 0.5283 282 264 317 326
dog 0.0200 86 260 134 325
dog 0.0026 264 264 297 280
dog 0.0025 106 260 135 282
dog 0.0019 288 305 341 328
dog 0.0017 299 170 380 332
dog 0.0015 282 263 312 292
dog 0.0013 63 216 137 323
dog 0.0010 105 269 131 321
horse 0.0217 86 260 134 325
horse 0.0034 63 216 137 323
horse 0.0012 282 264 317 326
sheep 0.0015 86 260 134 325
sheep 0.0013 282 264 317 326
