person 0.4893 377 -55 497 426
person 0.1451 79 4 339 133
person 0.0819 312 -32 414 409
person 0.0678 101 -1 258 51
person 0.0192 155 -44 483 414
person 0.0119 33 27 319 197
person 0.0076 349 46 461 384
person 0.0072 439 -29 500 404
person 0.0069 177 0 318 76
person 0.0049 86 5 280 82
person 0.0040 340 3 414 124
person 0.0040 275 68 390 376
person 0.0024 119 -9 244 34
person 0.0021 129 2 186 30
person 0.0021 28 -16 389 260
person 0.0018 276 2 366 86
person 0.0018 318 -3 418 228
person 0.0018 398 147 497 378
person 0.0016 288 37 370 163
person 0.0016 374 1 409 33
person 0.0014 348 100 368 130
person 0.0012 352 14 400 103
bicycle 0.0015 18 17 347 367
car 0.0195 17 77 251 219
car 0.0123 39 10 319 126
car 0.0069 18 17 347 367
car 0.0026 6 82 200 363
car 0.0023 0 3 61 80
car 0.0018 140 88 181 111
car 0.0015 107 86 178 109
car 0.0010 38 80 225 143
motorbike 0.4688 14 -10 405 391
motorbike 0.0661 155 -44 483 414
motorbike 0.0191 31 168 234 364
motorbike 0.0156 72 145 352 367
motorbike 0.0070 35 66 307 228
motorbike 0.0037 68 17 347 190
motorbike 0.0036 275 68 390 376
motorbike 0.0023 20 5 258 66
motorbike 0.0015 0 3 61 80
motorbike 0.0015 222 85 325 157
motorbike 0.0014 139 54 357 325
motorbike 0.0012 101 -1 258 51
motorbike 0.0012 108 219 215 364
motorbike 0.0010 303 99 370 251
motorbike 0.0010 72 200 186 333
motorbike 0.0010 305 144 354 215
bottle 0.0200 317 89 351 116
bottle 0.0039 316 90 359 161
bottle 0.0025 341 93 364 121
bottle 0.0016 374 1 409 33
bottle 0.0013 308 74 357 128
bottle 0.0011 280 61 307 94
bottle 0.0011 283 48 357 103
bottle 0.0010 298 88 340 114
chair 0.0030 79 4 339 133
chair 0.0030 363 254 388 367
chair 0.0014 367 253 429 371
sofa 0.0081 79 4 339 133
sofa 0.0023 394 38 496 389
