person 0.1279 49 2 448 416
person 0.1227 253 185 467 403
person 0.0634 60 18 302 221
person 0.0422 180 47 387 369
person 0.0060 204 75 513 406
person 0.0056 146 -3 362 59
person 0.0030 295 0 368 41
person 0.0027 140 3 279 49
person 0.0023 219 4 350 51
person 0.0015 234 5 317 78
person 0.0015 112 4 376 183
person 0.0013 309 -1 363 17
cat 0.0177 225 172 427 403
cat 0.0016 140 3 279 49
cat 0.0013 60 18 302 221
cat 0.0013 204 75 513 406
cat 0.0010 295 179 498 407
dog 0.0182 253 185 467 403
dog 0.0064 133 2 272 42
dog 0.0045 60 18 302 221
dog 0.0021 18 -7 402 346
dog 0.0021 290 39 461 88
dog 0.0017 204 75 513 406
dog 0.0017 302 190 430 306
dog 0.0011 304 35 504 236
sheep 0.0016 60 18 302 221
bottle 0.0016 136 7 163 49
bottle 0.0015 232 9 296 51
bottle 0.0010 343 384 379 410
chair 0.0332 295 0 368 41
chair 0.0131 56 -3 442 352
chair 0.0054 54 1 306 207
chair 0.0045 219 4 350 51
chair 0.0023 340 3 367 42
chair 0.0016 212 14 502 406
chair 0.0016 97 154 478 408
chair 0.0013 309 -1 363 17
chair 0.0010 309 39 477 88
sofa 0.1507 56 -3 442 352
sofa 0.0403 212 14 502 406
sofa 0.0394 54 1 306 207
sofa 0.0208 21 163 477 397
sofa 0.0070 304 35 504 236
sofa 0.0025 -1 -6 181 180
sofa 0.0022 10 1 338 120
sofa 0.0019 6 -7 287 421
sofa 0.0018 253 185 467 403
sofa 0.0011 180 47 387 369
sofa 0.0011 295 0 368 41
diningtable 0.0034 0 -9 362 347
diningtable 0.0014 37 72 461 413
tvmonitor 0.0011 234 5 317 78
