person 0.1134 213 -1 262 27
person 0.1054 405 0 469 55
person 0.0350 4 -2 53 18
person 0.0338 240 1 273 29
person 0.0266 129 112 344 317
person 0.0236 187 -1 220 24
person 0.0141 336 -6 465 56
person 0.0128 -3 224 199 372
person 0.0104 231 119 425 315
person 0.0088 25 -2 59 17
person 0.0062 409 5 431 50
person 0.0058 440 0 466 53
person 0.0056 49 166 132 284
person 0.0053 65 121 507 385
person 0.0040 8 122 179 325
person 0.0037 72 2 333 42
person 0.0031 276 121 394 169
person 0.0029 15 138 49 251
person 0.0025 431 206 501 305
person 0.0025 306 49 496 331
person 0.0024 419 153 457 213
person 0.0024 303 103 403 207
person 0.0023 149 -15 278 32
person 0.0023 162 0 200 24
person 0.0022 279 225 390 306
person 0.0022 0 34 27 277
person 0.0021 149 0 181 23
person 0.0019 303 170 408 277
person 0.0017 392 1 442 52
person 0.0016 404 39 495 181
person 0.0016 233 221 328 307
person 0.0016 142 6 186 29
person 0.0015 -12 27 441 354
person 0.0015 3 4 49 29
person 0.0012 17 130 92 263
person 0.0011 344 164 403 225
person 0.0010 289 9 357 32
person 0.0010 298 -6 507 153
person 0.0010 0 -3 57 41
person 0.0010 407 147 498 304
car 0.2292 12 21 483 360
car 0.0346 282 -5 450 54
car 0.0230 -3 224 199 372
car 0.0184 294 9 367 35
car 0.0114 -19 211 448 386
car 0.0079 224 4 455 41
car 0.0049 260 117 471 313
car 0.0045 -19 291 450 369
car 0.0039 448 361 502 377
car 0.0023 196 9 482 71
car 0.0021 38 -25 533 188
car 0.0019 376 54 501 327
car 0.0011 143 4 508 125
motorbike 0.0010 282 -5 450 54
bus 0.0059 37 -7 535 323
train 0.0048 -36 13 455 295
boat 0.0069 -15 120 439 391
boat 0.0012 -19 291 450 369
cat 0.0031 213 -1 262 27
cat 0.0026 129 112 344 317
dog 0.8520 109 114 324 319
dog 0.0236 213 -1 262 27
dog 0.0125 23 188 332 338
dog 0.0042 19 120 251 320
dog 0.0041 239 -1 270 28
dog 0.0021 -9 250 358 367
dog 0.0016 187 226 315 309
dog 0.0016 37 79 458 361
dog 0.0011 59 231 205 315
dog 0.0010 149 -15 278 32
horse 0.0031 271 -1 472 52
horse 0.0010 405 0 469 55
cow 0.0035 282 -5 450 54
bottle 0.0271 445 170 464 211
bottle 0.0160 61 195 104 269
bottle 0.0102 45 159 133 277
bottle 0.0020 -3 224 199 372
bottle 0.0019 50 164 94 274
bottle 0.0019 22 138 63 256
bottle 0.0014 419 153 457 213
chair 0.0385 294 9 367 35
chair 0.0361 12 21 483 360
chair 0.0160 -3 224 199 372
chair 0.0096 448 361 502 377
chair 0.0089 0 34 27 277
chair 0.0072 15 138 49 251
chair 0.0065 2 51 56 261
chair 0.0039 282 -5 450 54
chair 0.0028 431 206 501 305
chair 0.0023 0 91 134 362
chair 0.0019 12 179 250 349
chair 0.0017 231 119 425 315
chair 0.0017 -7 252 431 365
chair 0.0014 224 4 455 41
chair 0.0014 3 4 49 29
chair 0.0010 17 130 92 263
chair 0.0010 49 166 132 284
chair 0.0010 449 321 500 378
sofa 0.0075 37 79 458 361
diningtable 0.0088 28 292 484 374
diningtable 0.0044 -3 224 199 372
diningtable 0.0020 -9 250 358 367
diningtable 0.0014 9 206 492 388
tvmonitor 0.0122 28 292 484 374
tvmonitor 0.0041 73 72 496 361
tvmonitor 0.0035 -36 13 455 295
tvmonitor 0.0021 431 206 501 305
tvmonitor 0.0016 9 206 492 388
tvmonitor 0.0015 0 34 27 277
tvmonitor 0.0012 8 122 179 325
