person 0.9732 109 138 236 362
person 0.1413 96 121 118 171
person 0.0989 32 118 56 161
person 0.0472 29 122 65 241
person 0.0329 42 137 68 229
person 0.0311 90 124 120 204
person 0.0203 -2 124 70 244
person 0.0174 67 124 141 242
person 0.0105 45 139 68 179
person 0.0097 91 182 120 217
person 0.0093 50 169 66 227
person 0.0078 133 140 195 187
person 0.0071 129 148 220 284
person 0.0068 101 191 130 218
person 0.0058 34 133 56 183
person 0.0058 22 125 126 242
person 0.0052 2 120 36 204
person 0.0042 116 136 195 231
person 0.0038 15 155 33 207
person 0.0035 66 183 94 221
person 0.0033 1 159 17 204
person 0.0028 101 171 124 203
person 0.0028 9 182 28 223
person 0.0025 12 139 30 189
person 0.0023 2 116 19 204
person 0.0022 1 127 13 199
person 0.0021 60 138 111 230
person 0.0020 35 175 53 225
person 0.0019 1 186 22 225
person 0.0017 91 166 119 202
person 0.0017 277 195 303 239
person 0.0016 9 123 33 166
person 0.0016 31 159 49 211
person 0.0016 68 167 127 232
person 0.0012 95 143 131 220
person 0.0012 1 148 39 252
person 0.0011 98 116 118 149
person 0.0010 156 165 189 191
car 0.0021 101 191 130 218
car 0.0016 101 171 124 203
motorbike 0.0013 101 191 130 218
motorbike 0.0011 75 276 236 502
bus 0.0048 3 75 215 256
train 0.0187 3 75 215 256
train 0.0030 -2 124 70 244
train 0.0019 67 124 141 242
train 0.0019 22 125 126 242
bird 0.0019 3 199 28 248
bird 0.0019 9 182 28 223
bird 0.0011 1 186 22 225
bird 0.0010 85 423 107 452
dog 0.0029 80 246 239 505
horse 0.7796 80 246 239 505
horse 0.0081 133 254 234 378
horse 0.0021 116 288 331 500
horse 0.0018 -5 251 312 491
horse 0.0015 202 289 240 380
horse 0.0010 87 169 240 408
horse 0.0010 177 278 252 379
sheep 0.0030 75 276 236 502
sheep 0.0015 116 288 331 500
cow 0.0042 75 276 236 502
bottle 0.0010 227 317 250 350
pottedplant 0.0374 277 195 303 239
pottedplant 0.0032 334 193 373 256
pottedplant 0.0012 247 164 300 226
pottedplant 0.0011 269 243 318 263
