person 0.0156 204 256 244 279
person 0.0090 244 257 277 279
person 0.0022 256 255 293 281
person 0.0018 180 255 223 280
person 0.0013 429 244 449 275
person 0.0013 211 249 263 270
car 0.8063 124 241 324 365
car 0.0079 456 259 497 276
car 0.0042 4 259 59 274
car 0.0019 468 251 500 272
car 0.0019 64 261 192 321
car 0.0017 171 240 317 311
car 0.0015 171 181 338 246
car 0.0013 150 190 410 351
car 0.0013 450 250 494 274
aeroplane 0.0016 171 181 338 246
bus 0.0060 171 181 338 246
boat 0.0034 360 37 456 322
boat 0.0014 399 148 484 287
boat 0.0010 468 251 500 272
boat 0.0010 -1 146 64 283
bird 0.0024 90 30 106 92
pottedplant 0.0047 72 239 202 302
pottedplant 0.0038 431 222 482 277
pottedplant 0.0035 0 223 16 261
pottedplant 0.0011 435 238 468 274
