person 0.4730 104 194 221 302
person 0.1706 92 178 262 341
person 0.1509 304 134 326 181
person 0.1457 158 234 252 347
person 0.1116 275 131 322 191
person 0.0827 204 86 233 120
person 0.0594 221 68 246 105
person 0.0592 184 96 284 197
person 0.0571 184 111 217 145
person 0.0483 278 162 309 193
person 0.0441 184 247 283 357
person 0.0371 125 217 229 337
person 0.0361 11 294 36 343
person 0.0354 267 149 322 211
person 0.0328 186 82 216 121
person 0.0297 68 280 93 320
person 0.0293 279 145 312 184
person 0.0263 10 315 33 354
person 0.0260 199 71 226 112
person 0.0243 140 133 166 161
person 0.0226 209 254 253 307
person 0.0224 145 145 168 172
person 0.0207 236 68 260 101
person 0.0171 67 296 92 333
person 0.0165 184 103 245 154
person 0.0160 27 315 56 347
person 0.0149 30 301 60 339
person 0.0138 280 129 309 167
person 0.0135 7 320 34 392
person 0.0129 204 254 231 296
person 0.0124 188 78 239 124
person 0.0115 186 112 250 182
person 0.0108 52 276 79 321
person 0.0093 47 299 72 336
person 0.0090 125 131 157 159
person 0.0075 244 154 305 210
person 0.0075 207 248 233 282
person 0.0074 227 152 278 204
person 0.0071 119 111 149 140
person 0.0069 171 246 220 311
person 0.0066 254 164 286 200
person 0.0065 214 250 248 281
person 0.0062 191 74 214 109
person 0.0059 188 250 242 304
person 0.0058 140 261 252 386
person 0.0047 229 88 324 194
person 0.0047 188 258 237 336
person 0.0044 304 109 328 151
person 0.0043 169 104 194 138
person 0.0041 294 163 323 196
person 0.0040 200 143 236 186
person 0.0040 17 288 65 345
person 0.0035 151 228 207 291
person 0.0033 210 67 255 114
person 0.0031 30 285 62 317
person 0.0031 125 145 155 176
person 0.0031 166 88 197 123
person 0.0030 105 188 147 286
person 0.0029 10 289 34 316
person 0.0028 16 305 62 367
person 0.0028 188 256 215 297
person 0.0027 121 94 147 120
person 0.0026 299 90 328 164
person 0.0023 240 51 271 89
person 0.0022 59 271 100 324
person 0.0022 178 245 211 279
person 0.0021 187 145 213 176
person 0.0021 126 232 187 289
person 0.0021 144 112 174 140
person 0.0020 48 318 75 350
person 0.0019 254 124 328 205
person 0.0018 135 243 169 283
person 0.0018 39 284 80 346
person 0.0017 106 92 136 123
person 0.0017 296 13 321 48
person 0.0016 258 148 290 184
person 0.0016 99 182 193 273
person 0.0016 145 194 201 245
person 0.0016 179 36 325 212
person 0.0016 259 47 286 82
person 0.0016 118 197 145 235
person 0.0015 250 117 304 176
person 0.0012 62 284 98 345
person 0.0012 145 66 176 101
person 0.0012 177 56 221 122
person 0.0011 82 278 112 314
person 0.0011 159 199 199 233
person 0.0010 159 73 194 103
person 0.0010 140 54 173 85
person 0.0010 108 258 135 298
person 0.0010 197 141 264 195
person 0.0010 223 163 254 200
person 0.0010 107 108 136 140
bicycle 0.0048 189 137 250 191
bicycle 0.0034 204 86 233 120
bicycle 0.0021 200 143 236 186
bicycle 0.0016 108 258 135 298
bicycle 0.0010 260 182 293 213
car 0.4139 184 96 284 197
car 0.1644 197 141 264 195
car 0.0606 106 193 210 288
car 0.0551 304 125 326 169
car 0.0432 149 194 196 222
car 0.0432 108 258 135 298
car 0.0389 186 112 250 182
car 0.0367 225 136 274 200
car 0.0335 103 186 142 222
car 0.0323 11 294 36 343
car 0.0289 30 301 60 339
car 0.0282 145 194 201 245
car 0.0217 27 315 56 347
car 0.0197 184 103 245 154
car 0.0184 108 203 162 270
car 0.0179 184 111 217 145
car 0.0177 204 86 233 120
car 0.0177 275 131 322 191
car 0.0144 236 160 270 202
car 0.0144 109 234 161 290
car 0.0140 67 296 92 333
car 0.0137 159 199 199 233
car 0.0137 229 88 324 194
car 0.0123 200 143 236 186
car 0.0120 127 243 160 283
car 0.0115 10 289 34 316
car 0.0112 280 129 309 167
car 0.0111 47 299 72 336
car 0.0101 197 146 308 208
car 0.0097 279 145 312 184
car 0.0095 209 129 259 161
car 0.0088 238 147 270 187
car 0.0084 68 280 93 320
car 0.0084 103 186 146 251
car 0.0083 202 101 263 157
car 0.0079 150 210 201 267
car 0.0072 215 257 249 294
car 0.0069 10 315 33 354
car 0.0068 17 288 65 345
car 0.0061 126 232 187 289
car 0.0059 73 250 124 305
car 0.0057 179 36 325 212
car 0.0052 188 78 239 124
car 0.0050 223 163 254 200
car 0.0042 254 164 286 200
car 0.0042 267 149 322 211
car 0.0039 244 154 305 210
car 0.0033 189 128 238 160
car 0.0032 30 285 62 317
car 0.0032 209 75 255 126
car 0.0029 48 318 75 350
car 0.0029 296 13 321 48
car 0.0028 187 145 213 176
car 0.0028 151 228 207 291
car 0.0027 118 197 145 235
car 0.0026 278 162 309 193
car 0.0025 223 110 274 180
car 0.0024 92 178 262 341
car 0.0022 236 68 260 101
car 0.0021 215 107 255 143
car 0.0019 52 276 79 321
car 0.0018 176 136 258 216
car 0.0017 220 45 326 166
car 0.0017 221 68 246 105
car 0.0016 59 271 100 324
car 0.0015 110 237 137 282
car 0.0015 186 82 216 121
car 0.0013 115 220 156 261
car 0.0013 16 305 62 367
car 0.0013 140 104 255 185
car 0.0012 258 148 290 184
car 0.0012 260 182 293 213
car 0.0012 304 109 328 151
car 0.0012 161 238 194 275
car 0.0011 174 210 202 237
car 0.0011 268 180 312 214
car 0.0010 231 128 268 163
car 0.0010 174 222 206 258
car 0.0010 8 331 30 380
car 0.0010 65 263 92 301
car 0.0010 250 117 304 176
car 0.0010 39 284 80 346
car 0.0010 132 254 171 292
motorbike 0.3254 110 189 286 385
motorbike 0.2973 140 261 252 386
motorbike 0.0592 182 261 284 366
motorbike 0.0346 108 258 135 298
motorbike 0.0294 158 234 252 347
motorbike 0.0259 121 217 225 348
motorbike 0.0212 228 276 284 351
motorbike 0.0190 104 194 221 302
motorbike 0.0082 190 284 238 349
motorbike 0.0079 207 277 260 352
motorbike 0.0042 235 282 265 317
motorbike 0.0036 209 254 253 307
motorbike 0.0035 222 295 254 333
motorbike 0.0033 113 245 161 301
motorbike 0.0032 235 296 266 330
motorbike 0.0031 201 301 234 338
motorbike 0.0028 221 276 254 316
motorbike 0.0027 267 149 322 211
motorbike 0.0023 204 86 233 120
motorbike 0.0021 275 131 322 191
motorbike 0.0012 187 121 292 199
motorbike 0.0011 67 296 92 333
motorbike 0.0011 140 299 226 396
motorbike 0.0010 45 184 233 390
motorbike 0.0010 128 247 180 302
bus 0.0058 104 194 221 302
bus 0.0017 175 99 263 186
bus 0.0010 92 178 262 341
bottle 0.0047 83 110 109 144
bottle 0.0047 107 108 136 140
bottle 0.0044 106 92 136 123
bottle 0.0016 87 87 115 125
bottle 0.0014 70 112 98 145
bottle 0.0013 66 88 92 124
bottle 0.0011 83 124 108 162
bottle 0.0010 12 85 36 115
chair 0.0068 280 129 309 167
chair 0.0031 275 131 322 191
chair 0.0012 279 145 312 184
chair 0.0011 304 125 326 169
