person 0.5662 243 -8 495 364
person 0.5254 9 32 327 358
person 0.0053 444 18 502 346
person 0.0043 0 33 64 170
person 0.0033 274 117 377 330
person 0.0029 359 12 502 347
person 0.0024 461 261 502 319
person 0.0023 473 96 500 297
person 0.0014 366 311 501 354
person 0.0013 0 25 123 337
person 0.0010 1 -11 63 321
cat 0.0010 45 -1 454 377
horse 0.0016 4 13 412 371
cow 0.0013 45 -1 454 377
bottle 0.0017 42 309 172 354
chair 0.0585 123 193 213 275
chair 0.0255 122 202 238 328
chair 0.0045 106 274 247 339
chair 0.0043 0 155 56 310
chair 0.0029 51 283 204 346
chair 0.0023 201 235 228 274
chair 0.0020 461 261 502 319
chair 0.0017 274 117 377 330
chair 0.0013 14 176 268 348
chair 0.0012 0 17 63 341
chair 0.0011 0 162 133 357
chair 0.0010 473 96 500 297
sofa 0.0142 45 -1 454 377
sofa 0.0045 274 117 377 330
sofa 0.0035 243 -8 495 364
sofa 0.0011 155 4 342 300
pottedplant 0.0139 155 4 342 300
pottedplant 0.0084 62 -2 440 318
pottedplant 0.0043 246 0 395 316
pottedplant 0.0032 272 16 360 123
pottedplant 0.0027 211 9 371 223
pottedplant 0.0023 223 -4 426 146
pottedplant 0.0012 243 -8 495 364
diningtable 0.1727 -47 303 473 371
diningtable 0.0172 26 315 321 360
diningtable 0.0151 1 231 497 368
diningtable 0.0084 12 305 177 358
diningtable 0.0027 127 312 526 355
diningtable 0.0026 24 287 148 342
diningtable 0.0021 88 323 513 373
diningtable 0.0015 366 311 501 354
diningtable 0.0013 -1 282 288 379
diningtable 0.0012 45 -1 454 377
diningtable 0.0011 92 292 312 340
