person 0.0018 223 275 245 313
bottle 0.1549 223 275 245 313
bottle 0.1118 150 221 217 335
bottle 0.0553 145 225 235 445
bottle 0.0406 244 258 269 307
bottle 0.0352 203 278 227 314
bottle 0.0348 218 261 246 296
bottle 0.0261 266 237 306 325
bottle 0.0132 163 230 217 295
bottle 0.0128 209 262 232 294
bottle 0.0104 192 250 236 315
bottle 0.0077 213 255 252 312
bottle 0.0069 246 243 306 350
bottle 0.0044 27 473 65 499
bottle 0.0040 256 258 276 305
bottle 0.0035 150 264 205 371
bottle 0.0023 233 137 308 357
bottle 0.0023 188 243 215 285
bottle 0.0022 71 256 91 286
bottle 0.0020 241 245 264 284
bottle 0.0017 298 338 324 368
bottle 0.0015 193 266 272 403
bottle 0.0012 173 241 222 341
bottle 0.0012 125 189 260 393
bottle 0.0010 216 303 258 319
bottle 0.0010 99 244 217 322
chair 0.0093 27 473 65 499
chair 0.0021 0 473 48 500
chair 0.0016 310 41 378 313
chair 0.0015 214 256 247 277
diningtable 0.0242 -38 266 413 523
diningtable 0.0125 114 304 335 504
diningtable 0.0094 77 381 381 504
diningtable 0.0092 5 289 186 492
diningtable 0.0038 163 415 380 501
diningtable 0.0022 147 261 292 462
diningtable 0.0019 -14 103 387 470
diningtable 0.0010 41 372 255 506
tvmonitor 0.3255 307 45 381 351
tvmonitor 0.0093 308 215 379 342
tvmonitor 0.0026 317 242 374 309
