person 0.9709 130 118 275 442
person 0.9328 11 239 129 419
person 0.7248 314 240 417 424
person 0.6235 215 264 371 450
person 0.2063 16 410 116 491
person 0.1159 149 327 367 492
person 0.1064 252 265 337 338
person 0.0842 63 262 115 328
person 0.0624 18 237 120 331
person 0.0358 325 236 417 341
person 0.0350 207 340 362 439
person 0.0285 175 429 399 489
person 0.0211 231 272 335 394
person 0.0120 245 255 280 343
person 0.0095 65 251 136 387
person 0.0080 11 366 125 434
person 0.0075 296 263 338 334
person 0.0072 271 261 388 397
person 0.0068 262 259 332 300
person 0.0063 160 409 400 462
person 0.0054 64 415 107 484
person 0.0053 123 219 450 504
person 0.0044 199 371 438 497
person 0.0036 16 441 79 492
person 0.0035 7 380 184 500
person 0.0034 297 305 425 497
person 0.0033 101 116 392 454
person 0.0032 26 383 325 494
person 0.0030 163 235 332 433
person 0.0029 298 262 335 290
person 0.0028 402 361 423 421
person 0.0028 75 279 131 355
person 0.0028 5 289 135 502
person 0.0024 13 440 172 501
person 0.0022 359 407 402 494
person 0.0021 368 264 424 330
person 0.0018 288 344 387 445
person 0.0018 357 245 428 393
person 0.0014 275 256 325 275
person 0.0013 311 274 335 319
person 0.0012 35 409 102 463
person 0.0011 313 298 334 337
person 0.0010 326 394 425 493
person 0.0010 37 311 139 413
person 0.0010 263 259 297 293
person 0.0010 220 246 305 354
boat 0.0010 196 430 382 499
cat 0.0017 16 410 116 491
dog 0.0039 15 409 121 487
bottle 0.0404 126 221 147 266
bottle 0.0100 352 394 372 435
bottle 0.0037 359 407 402 494
bottle 0.0019 331 350 369 438
bottle 0.0016 15 409 121 487
bottle 0.0015 124 212 141 245
bottle 0.0013 161 420 190 494
bottle 0.0012 357 401 380 432
bottle 0.0011 350 407 375 447
bottle 0.0010 339 383 374 447
chair 0.3382 107 312 138 406
chair 0.2866 196 430 382 499
chair 0.1834 402 361 423 421
chair 0.1185 114 313 138 354
chair 0.0677 403 326 422 371
chair 0.0560 63 262 115 328
chair 0.0546 32 244 133 402
chair 0.0427 86 319 137 390
chair 0.0423 94 369 121 407
chair 0.0318 11 366 125 434
chair 0.0310 381 323 420 426
chair 0.0307 84 347 136 405
chair 0.0293 72 281 107 318
chair 0.0264 37 311 139 413
chair 0.0235 8 349 128 410
chair 0.0191 309 241 413 420
chair 0.0148 400 322 422 400
chair 0.0114 86 346 133 369
chair 0.0095 75 279 131 355
chair 0.0088 42 378 89 409
chair 0.0083 109 327 136 372
chair 0.0073 72 295 109 324
chair 0.0071 61 378 104 408
chair 0.0068 99 292 159 427
chair 0.0065 107 369 127 409
chair 0.0064 86 361 119 398
chair 0.0059 90 296 117 331
chair 0.0058 328 345 422 444
chair 0.0052 44 366 123 409
chair 0.0048 393 359 422 461
chair 0.0043 89 321 128 356
chair 0.0041 80 403 135 463
chair 0.0040 362 352 422 475
chair 0.0029 5 289 135 502
chair 0.0025 13 358 57 421
chair 0.0024 241 321 273 349
chair 0.0023 53 353 124 371
chair 0.0022 326 394 425 493
chair 0.0021 244 304 273 339
chair 0.0021 367 282 392 310
chair 0.0020 14 361 54 387
chair 0.0020 399 392 421 424
chair 0.0018 15 409 121 487
chair 0.0018 189 320 379 484
chair 0.0017 220 338 359 450
chair 0.0017 381 375 418 416
chair 0.0017 358 252 422 416
chair 0.0015 238 334 273 364
chair 0.0014 363 448 394 491
chair 0.0014 85 278 111 327
chair 0.0013 294 257 334 273
chair 0.0012 350 438 399 495
chair 0.0012 16 377 49 415
chair 0.0012 68 265 95 303
chair 0.0010 61 259 83 298
chair 0.0010 321 277 343 313
chair 0.0010 351 358 394 428
sofa 0.0168 196 430 382 499
sofa 0.0048 219 249 379 431
sofa 0.0034 123 219 450 504
sofa 0.0013 189 320 379 484
sofa 0.0013 309 241 413 420
sofa 0.0012 11 251 130 457
sofa 0.0012 252 265 337 338
pottedplant 0.4912 323 67 425 337
pottedplant 0.0160 368 264 424 330
pottedplant 0.0154 328 237 422 328
pottedplant 0.0087 249 52 417 299
pottedplant 0.0080 319 185 423 405
pottedplant 0.0033 357 245 428 393
pottedplant 0.0021 314 74 425 210
pottedplant 0.0020 401 293 422 331
pottedplant 0.0016 394 256 424 373
pottedplant 0.0014 349 178 427 327
pottedplant 0.0014 405 324 423 360
diningtable 0.0951 175 429 399 489
diningtable 0.0450 374 404 412 495
diningtable 0.0353 326 394 425 493
diningtable 0.0305 27 444 235 500
diningtable 0.0276 172 362 394 498
diningtable 0.0154 77 410 170 499
diningtable 0.0153 26 383 325 494
diningtable 0.0100 403 326 422 371
diningtable 0.0099 62 449 362 496
diningtable 0.0063 66 466 262 503
diningtable 0.0052 107 426 219 500
diningtable 0.0051 18 404 147 490
diningtable 0.0044 399 326 422 421
diningtable 0.0043 160 409 400 462
diningtable 0.0030 323 358 420 465
diningtable 0.0026 297 305 425 497
diningtable 0.0024 292 433 447 500
diningtable 0.0022 350 438 399 495
diningtable 0.0021 114 313 138 354
diningtable 0.0018 -15 425 440 506
diningtable 0.0018 116 403 301 487
diningtable 0.0018 2 306 420 491
diningtable 0.0017 363 434 396 465
diningtable 0.0016 244 414 429 493
diningtable 0.0015 198 427 240 445
diningtable 0.0014 351 426 437 507
diningtable 0.0013 13 470 196 499
diningtable 0.0013 379 449 404 493
diningtable 0.0013 377 410 402 456
diningtable 0.0013 220 338 359 450
diningtable 0.0010 28 313 233 493
diningtable 0.0010 69 483 144 498
tvmonitor 0.0023 196 430 382 499
