bottle 0.0014 145 353 167 375
bottle 0.0010 174 335 203 362
chair 0.5947 306 237 482 368
chair 0.0221 453 265 498 366
chair 0.0049 475 267 498 360
chair 0.0042 421 323 468 377
chair 0.0023 447 326 500 376
chair 0.0023 414 255 500 373
chair 0.0016 488 281 500 347
chair 0.0012 449 344 500 371
sofa 0.8038 306 237 482 368
sofa 0.0100 453 265 498 366
sofa 0.0027 169 227 504 372
sofa 0.0017 475 267 498 360
sofa 0.0014 414 255 500 373
tvmonitor 0.8518 46 229 177 349
tvmonitor 0.1164 211 238 277 297
tvmonitor 0.0202 198 219 286 311
tvmonitor 0.0020 65 225 170 297
tvmonitor 0.0013 71 292 173 372
tvmonitor 0.0012 174 227 203 319
tvmonitor 0.0010 347 117 458 196
