person 0.7363 238 173 422 490
person 0.6370 156 214 273 492
person 0.1314 117 205 461 504
person 0.0147 92 31 156 155
person 0.0075 93 40 148 103
person 0.0039 254 170 407 330
person 0.0033 210 121 292 214
person 0.0032 437 476 490 499
person 0.0015 44 379 71 413
person 0.0013 385 460 486 501
person 0.0011 66 30 506 403
person 0.0010 374 0 449 10
person 0.0010 147 98 201 153
person 0.0010 156 199 311 387
motorbike 0.0044 147 98 201 153
motorbike 0.0019 229 295 429 489
bird 0.0021 93 40 148 103
cat 0.0026 93 40 148 103
cat 0.0025 92 31 156 155
cat 0.0015 238 173 422 490
dog 0.0030 93 40 148 103
dog 0.0014 92 31 156 155
bottle 0.0328 435 353 460 392
bottle 0.0018 44 379 71 413
bottle 0.0010 427 352 468 483
chair 0.0272 415 367 480 496
chair 0.0112 437 476 490 499
chair 0.0095 117 205 461 504
chair 0.0080 362 362 460 502
chair 0.0073 229 295 429 489
chair 0.0045 413 346 442 486
chair 0.0034 430 398 468 499
chair 0.0032 408 338 436 377
chair 0.0028 156 400 211 464
chair 0.0028 100 168 248 354
chair 0.0026 156 214 273 492
chair 0.0025 385 460 486 501
chair 0.0022 147 391 494 500
chair 0.0020 229 412 400 476
chair 0.0018 411 401 450 498
chair 0.0018 380 315 485 501
chair 0.0015 406 341 444 399
chair 0.0013 402 334 430 492
chair 0.0012 163 457 483 500
chair 0.0010 394 329 438 389
sofa 0.0663 117 205 461 504
sofa 0.0035 229 295 429 489
sofa 0.0025 385 460 486 501
sofa 0.0020 27 75 392 505
sofa 0.0015 437 476 490 499
sofa 0.0015 415 367 480 496
sofa 0.0011 155 215 272 459
pottedplant 0.0041 421 475 483 499
pottedplant 0.0018 385 460 486 501
pottedplant 0.0011 402 448 457 500
diningtable 0.0191 -25 368 445 508
diningtable 0.0135 163 457 483 500
diningtable 0.0102 82 385 341 500
diningtable 0.0039 111 446 372 500
diningtable 0.0037 54 432 518 500
diningtable 0.0030 20 460 318 500
diningtable 0.0013 1 75 350 505
diningtable 0.0010 79 198 423 514
diningtable 0.0010 43 33 451 399
diningtable 0.0010 165 404 320 490
tvmonitor 0.0125 -2 41 11 287
tvmonitor 0.0048 -2 0 11 103
tvmonitor 0.0035 67 126 105 196
tvmonitor 0.0029 -2 167 8 242
tvmonitor 0.0019 177 181 462 484
tvmonitor 0.0017 -2 104 7 182
