person 0.0012 0 104 51 134
person 0.0010 36 118 60 155
car 0.8436 0 114 55 185
car 0.0433 0 104 51 134
car 0.0016 7 114 47 155
car 0.0012 -1 75 63 172
car 0.0011 453 77 499 133
motorbike 0.0044 0 114 55 185
aeroplane 0.0011 52 22 440 327
boat 0.0019 52 22 440 327
bird 0.0023 127 57 447 334
dog 0.0062 52 22 440 327
horse 0.7171 52 22 440 327
horse 0.0069 36 224 147 329
horse 0.0055 51 94 285 326
horse 0.0051 213 44 424 315
horse 0.0035 360 62 424 174
sheep 0.0043 52 22 440 327
cow 0.0360 52 22 440 327
pottedplant 0.0010 453 77 499 133
