person 0.0105 405 277 501 335
person 0.0037 -3 66 355 331
person 0.0024 3 72 128 134
person 0.0020 247 90 473 305
car 0.0150 4 67 500 329
bird 0.0030 324 132 425 224
cat 0.3504 29 26 474 311
cat 0.0209 20 47 334 191
cat 0.0044 0 83 289 247
cat 0.0021 3 72 128 134
cat 0.0019 208 89 456 314
cat 0.0018 78 72 128 131
cat 0.0013 106 60 399 272
cat 0.0013 330 178 452 241
dog 0.7049 72 32 497 306
dog 0.0260 247 90 473 305
dog 0.0191 3 30 353 160
dog 0.0076 -7 -11 436 214
dog 0.0072 -3 66 355 331
dog 0.0024 181 100 399 309
dog 0.0018 95 49 472 202
dog 0.0016 405 277 501 335
bottle 0.2052 477 11 500 106
bottle 0.0182 482 28 499 89
bottle 0.0044 483 51 501 100
bottle 0.0020 457 0 499 126
bottle 0.0012 467 36 500 154
chair 0.0279 141 24 492 311
chair 0.0034 483 147 500 313
chair 0.0026 2 13 360 319
chair 0.0014 251 164 466 326
chair 0.0011 445 153 498 320
chair 0.0011 -2 118 290 277
sofa 0.0840 -10 19 443 313
sofa 0.0088 191 18 514 314
sofa 0.0053 -2 118 290 277
sofa 0.0018 -3 135 508 342
sofa 0.0017 58 -19 512 224
sofa 0.0012 16 5 405 113
diningtable 0.0043 448 118 501 302
diningtable 0.0036 59 65 510 331
diningtable 0.0026 471 84 499 310
