person 0.0135 21 147 43 203
person 0.0018 206 144 228 176
person 0.0017 488 159 500 232
person 0.0016 191 102 238 170
person 0.0014 486 190 500 244
person 0.0014 21 152 43 178
car 0.0015 -4 44 133 118
car 0.0014 473 220 498 259
car 0.0013 339 180 360 211
car 0.0010 338 198 361 238
train 0.6067 190 129 361 303
train 0.5267 -3 89 150 289
train 0.0606 -1 52 355 319
train 0.0358 59 95 285 281
train 0.0259 15 61 240 249
train 0.0048 103 1 470 300
train 0.0020 117 110 218 244
chair 0.0018 363 217 387 254
pottedplant 0.0224 465 220 491 260
pottedplant 0.0050 482 37 498 90
pottedplant 0.0039 466 203 500 265
pottedplant 0.0024 442 48 471 84
pottedplant 0.0019 435 63 467 96
pottedplant 0.0017 479 20 499 108
pottedplant 0.0017 477 167 499 263
pottedplant 0.0011 486 190 500 244
pottedplant 0.0010 454 43 478 79
