person 0.9406 190 121 272 351
person 0.9318 164 326 309 503
person 0.9215 10 279 129 502
person 0.5244 259 254 370 475
person 0.4910 253 135 333 284
person 0.3302 2 153 114 340
person 0.2060 163 245 372 494
person 0.0656 150 278 237 346
person 0.0364 203 126 328 355
person 0.0324 -8 159 107 488
person 0.0231 262 401 366 502
person 0.0096 358 170 376 225
person 0.0086 68 243 103 280
person 0.0075 319 445 374 498
person 0.0058 69 251 132 300
person 0.0047 244 146 267 179
person 0.0046 353 134 376 229
person 0.0044 166 267 270 373
person 0.0040 181 331 247 393
person 0.0039 189 279 235 340
person 0.0038 309 175 340 201
person 0.0036 154 309 245 406
person 0.0035 4 219 367 517
person 0.0034 20 266 113 385
person 0.0034 193 276 226 311
person 0.0032 244 125 266 166
person 0.0032 327 167 376 236
person 0.0029 151 288 204 343
person 0.0028 311 140 373 273
person 0.0025 286 340 373 474
person 0.0024 261 130 358 237
person 0.0024 63 248 145 328
person 0.0023 303 173 358 233
person 0.0023 61 303 246 507
person 0.0022 290 129 342 198
person 0.0022 17 241 119 335
person 0.0020 147 238 306 414
person 0.0020 213 365 384 497
person 0.0018 21 384 132 489
person 0.0017 194 223 269 346
person 0.0016 355 174 377 256
person 0.0016 70 269 132 317
person 0.0016 67 253 97 291
person 0.0015 298 153 361 208
person 0.0015 61 259 136 376
person 0.0015 110 364 135 386
person 0.0013 275 269 377 398
person 0.0013 183 119 264 220
person 0.0012 99 275 280 462
person 0.0012 316 194 375 250
person 0.0012 226 443 362 495
person 0.0012 244 151 367 416
person 0.0011 111 255 212 326
person 0.0011 203 302 233 338
person 0.0011 69 135 100 166
person 0.0010 153 236 235 323
person 0.0010 81 274 131 295
person 0.0010 1 293 31 380
bicycle 0.0034 69 135 100 166
car 0.0033 326 85 370 97
boat 0.0023 100 446 141 468
boat 0.0011 152 89 375 257
bird 0.0033 157 293 187 334
bird 0.0026 151 288 204 343
bird 0.0020 153 294 175 344
bird 0.0016 161 323 200 347
cat 0.0057 167 276 230 329
cat 0.0038 182 278 223 311
cat 0.0015 170 332 258 393
cat 0.0013 151 288 204 343
cat 0.0012 157 293 187 334
cat 0.0010 150 274 237 359
dog 0.0926 150 274 237 359
dog 0.0244 167 276 230 329
dog 0.0159 182 278 223 311
dog 0.0060 170 332 258 393
dog 0.0058 166 267 270 373
dog 0.0045 151 288 204 343
dog 0.0032 68 243 103 280
dog 0.0024 154 309 245 406
dog 0.0022 203 302 233 338
dog 0.0016 175 301 220 337
dog 0.0015 157 293 187 334
dog 0.0011 99 275 280 462
bottle 0.0159 110 364 135 386
bottle 0.0072 68 243 103 280
bottle 0.0063 0 292 24 329
bottle 0.0048 266 339 288 373
bottle 0.0038 261 356 289 387
bottle 0.0036 278 312 297 351
bottle 0.0023 153 294 175 344
bottle 0.0017 234 274 250 334
bottle 0.0017 161 323 200 347
bottle 0.0013 157 293 187 334
bottle 0.0012 168 319 225 346
bottle 0.0011 233 329 281 386
bottle 0.0010 1 293 31 380
chair 0.1542 164 228 219 285
chair 0.0285 143 247 229 344
chair 0.0221 97 279 132 305
chair 0.0109 262 401 366 502
chair 0.0105 69 251 132 300
chair 0.0102 17 402 127 493
chair 0.0077 1 293 31 380
chair 0.0064 319 445 374 498
chair 0.0060 81 274 131 295
chair 0.0048 152 89 375 257
chair 0.0039 168 238 227 310
chair 0.0039 259 254 370 475
chair 0.0039 0 292 24 329
chair 0.0037 8 450 134 498
chair 0.0029 147 273 195 292
chair 0.0025 148 213 221 303
chair 0.0024 1 325 20 375
chair 0.0024 356 385 376 437
chair 0.0022 63 248 145 328
chair 0.0022 111 255 212 326
chair 0.0021 79 245 105 277
chair 0.0020 70 269 132 317
chair 0.0019 13 479 75 499
chair 0.0019 190 223 231 298
chair 0.0015 65 239 103 288
chair 0.0014 173 353 335 501
chair 0.0012 166 222 263 332
chair 0.0012 236 470 276 500
chair 0.0012 35 481 128 500
chair 0.0012 310 402 357 467
chair 0.0011 130 460 323 500
chair 0.0011 167 276 230 329
chair 0.0010 0 303 37 442
sofa 0.0371 164 228 219 285
sofa 0.0162 283 388 374 500
sofa 0.0119 143 247 229 344
sofa 0.0064 319 445 374 498
sofa 0.0063 259 254 370 475
sofa 0.0052 246 432 366 500
sofa 0.0024 173 353 335 501
sofa 0.0021 152 89 375 257
sofa 0.0017 163 245 372 494
sofa 0.0014 157 222 235 303
sofa 0.0013 111 255 212 326
pottedplant 0.0182 0 183 23 219
pottedplant 0.0103 -1 196 25 242
pottedplant 0.0017 0 184 34 254
pottedplant 0.0016 354 303 376 378
pottedplant 0.0011 -1 180 25 299
pottedplant 0.0011 283 388 374 500
pottedplant 0.0010 100 446 141 468
diningtable 0.0155 81 274 131 295
diningtable 0.0046 319 445 374 498
diningtable 0.0027 69 251 132 300
diningtable 0.0024 90 395 209 492
diningtable 0.0023 99 275 280 462
diningtable 0.0019 70 269 132 317
diningtable 0.0018 152 89 375 257
diningtable 0.0017 163 245 372 494
diningtable 0.0015 61 303 246 507
diningtable 0.0011 -29 211 330 521
diningtable 0.0010 311 214 376 259
diningtable 0.0010 160 349 317 502
diningtable 0.0010 259 254 370 475
tvmonitor 0.5685 174 11 293 93
tvmonitor 0.0132 152 89 375 257
tvmonitor 0.0128 167 4 378 97
tvmonitor 0.0027 294 11 372 97
