person 0.2114 146 105 266 357
person 0.0024 208 107 274 201
person 0.0021 82 81 417 372
person 0.0015 414 236 499 376
bicycle 0.0039 271 352 327 374
car 0.0039 477 356 501 376
car 0.0034 476 326 500 371
car 0.0026 475 312 499 351
car 0.0015 271 352 327 374
car 0.0012 447 316 499 376
motorbike 0.0010 271 352 327 374
bird 0.4261 146 105 266 357
bird 0.0037 208 107 274 201
cat 0.0067 146 105 266 357
dog 0.0049 146 105 266 357
horse 0.0160 146 105 266 357
sheep 0.0073 146 105 266 357
cow 0.0036 146 105 266 357
