person 0.0011 239 221 273 240
car 0.0035 12 183 78 206
car 0.0034 12 187 51 207
car 0.0015 77 185 108 207
car 0.0014 104 183 147 207
aeroplane 0.4817 7 92 485 266
aeroplane 0.2674 10 140 561 233
aeroplane 0.0235 -9 176 343 240
aeroplane 0.0110 131 98 510 219
aeroplane 0.0045 8 158 486 343
aeroplane 0.0029 48 179 232 241
aeroplane 0.0020 73 158 430 222
aeroplane 0.0019 7 153 363 206
aeroplane 0.0016 12 187 51 207
aeroplane 0.0016 169 179 334 236
aeroplane 0.0016 19 174 180 217
aeroplane 0.0016 315 150 350 171
aeroplane 0.0014 12 183 78 206
aeroplane 0.0013 128 198 514 313
aeroplane 0.0012 252 185 471 243
aeroplane 0.0011 193 140 482 208
aeroplane 0.0011 385 87 494 177
bus 0.0016 104 183 147 207
train 0.0011 -12 168 344 231
chair 0.0025 104 183 147 207
