person 0.7763 239 0 413 333
person 0.0066 228 0 374 206
person 0.0010 20 129 392 349
bicycle 0.8345 372 19 499 320
bicycle 0.0725 434 44 499 297
bicycle 0.0205 451 127 499 256
bicycle 0.0201 472 119 500 270
bicycle 0.0180 378 72 421 165
bicycle 0.0129 271 4 450 332
bicycle 0.0110 369 36 444 203
bicycle 0.0053 392 55 496 199
bicycle 0.0039 440 158 498 317
bicycle 0.0036 450 72 498 209
bicycle 0.0029 408 120 497 264
bicycle 0.0019 361 100 461 244
bicycle 0.0019 484 143 500 209
bicycle 0.0017 441 58 499 109
bicycle 0.0015 384 111 411 162
bicycle 0.0011 472 40 500 158
bicycle 0.0011 439 31 500 162
bicycle 0.0010 483 162 499 228
bicycle 0.0010 384 155 435 231
car 0.0010 20 56 74 72
boat 0.0067 22 19 403 302
boat 0.0013 4 214 341 331
bird 0.0276 86 64 131 85
bird 0.0160 61 58 113 74
bird 0.0114 66 62 99 89
bird 0.0048 73 58 132 77
bird 0.0028 32 57 104 73
bird 0.0016 80 57 136 99
bird 0.0014 375 1 492 39
bird 0.0012 376 27 406 52
bottle 0.4664 284 159 311 229
bottle 0.0239 286 160 309 199
bottle 0.0020 203 193 243 210
bottle 0.0015 186 196 218 224
bottle 0.0011 211 197 265 223
chair 0.0204 239 0 413 333
chair 0.0014 377 21 421 176
chair 0.0010 153 73 490 328
sofa 0.0258 151 13 429 316
diningtable 0.0073 20 129 392 349
diningtable 0.0030 60 205 354 333
diningtable 0.0018 129 210 296 272
diningtable 0.0013 171 151 400 334
diningtable 0.0011 189 188 289 235
