person 0.7640 480 192 500 272
person 0.6085 90 302 166 372
person 0.6030 381 239 413 308
person 0.3653 402 225 427 251
person 0.3531 202 299 237 372
person 0.3222 402 225 432 295
person 0.1066 184 277 216 349
person 0.0992 185 295 228 366
person 0.0982 185 275 210 315
person 0.0958 207 301 230 355
person 0.0912 385 235 412 272
person 0.0901 409 238 448 298
person 0.0631 254 261 292 331
person 0.0616 388 226 413 253
person 0.0546 286 276 338 344
person 0.0530 422 249 446 295
person 0.0456 262 257 291 298
person 0.0435 186 288 211 332
person 0.0421 280 270 320 329
person 0.0407 422 233 444 280
person 0.0318 253 254 276 295
person 0.0317 37 296 162 376
person 0.0285 357 236 390 269
person 0.0270 263 268 290 315
person 0.0262 451 197 497 274
person 0.0253 454 239 486 272
person 0.0235 248 244 282 310
person 0.0205 481 181 500 219
person 0.0200 348 234 393 288
person 0.0192 462 222 487 254
person 0.0187 117 303 226 372
person 0.0177 481 231 499 275
person 0.0169 408 251 431 297
person 0.0167 190 309 217 348
person 0.0148 284 264 316 292
person 0.0138 423 236 483 284
person 0.0122 415 226 447 251
person 0.0104 254 267 278 314
person 0.0095 342 241 371 277
person 0.0095 209 328 233 373
person 0.0093 353 232 452 301
person 0.0082 264 240 299 268
person 0.0080 392 227 490 290
person 0.0078 316 275 359 339
person 0.0073 106 264 233 360
person 0.0066 478 150 500 249
person 0.0062 313 291 335 339
person 0.0059 294 264 340 290
person 0.0057 357 257 386 295
person 0.0054 196 282 239 349
person 0.0052 159 256 263 360
person 0.0046 431 248 458 286
person 0.0044 215 297 263 374
person 0.0043 224 260 263 285
person 0.0042 357 231 390 252
person 0.0037 176 273 203 310
person 0.0036 252 239 277 278
person 0.0032 201 274 238 310
person 0.0032 293 272 339 308
person 0.0030 311 247 357 271
person 0.0028 159 279 211 348
person 0.0028 152 306 263 373
person 0.0024 430 226 470 249
person 0.0024 216 250 266 309
person 0.0022 145 317 181 343
person 0.0022 195 264 251 321
person 0.0021 284 255 350 300
person 0.0021 66 340 102 367
person 0.0018 127 351 166 376
person 0.0017 263 287 290 336
person 0.0016 83 316 135 374
person 0.0015 155 314 205 349
person 0.0015 142 337 172 374
person 0.0014 137 322 195 374
person 0.0014 396 197 497 274
person 0.0013 199 264 244 292
person 0.0013 174 293 200 336
person 0.0013 347 252 374 294
person 0.0012 268 250 324 298
person 0.0011 189 329 221 370
person 0.0011 481 251 499 288
person 0.0010 53 336 94 368
bicycle 0.0121 218 315 264 375
bicycle 0.0030 481 231 499 275
bicycle 0.0025 209 328 233 373
bicycle 0.0020 454 239 486 272
bicycle 0.0010 422 249 446 295
car 0.2697 304 312 510 373
car 0.0070 423 236 483 284
car 0.0059 481 192 500 245
car 0.0052 396 197 497 274
car 0.0044 339 362 490 375
car 0.0040 357 231 390 252
car 0.0030 246 319 434 375
car 0.0029 341 200 472 272
car 0.0026 481 181 500 219
car 0.0014 430 226 470 249
car 0.0010 359 223 468 295
car 0.0010 338 349 484 380
motorbike 0.0013 423 236 483 284
aeroplane 0.0032 249 314 487 373
aeroplane 0.0012 481 181 500 219
bus 0.0032 304 312 510 373
bus 0.0013 396 197 497 274
boat 0.0289 249 314 487 373
boat 0.0138 188 144 282 211
boat 0.0040 267 88 321 100
boat 0.0039 21 63 478 322
boat 0.0037 1 293 125 376
boat 0.0022 3 243 188 379
boat 0.0019 289 250 517 373
boat 0.0018 66 340 102 367
boat 0.0016 67 124 282 267
boat 0.0014 202 161 377 229
boat 0.0011 262 298 410 367
boat 0.0011 94 180 270 256
dog 0.0018 94 302 155 372
dog 0.0016 422 249 446 295
horse 0.0017 481 231 499 275
horse 0.0014 480 192 500 272
chair 0.7685 283 279 322 347
chair 0.5512 187 140 281 208
chair 0.4594 381 239 413 308
chair 0.4384 215 297 263 374
chair 0.4344 347 252 374 294
chair 0.3328 317 268 359 328
chair 0.3098 384 267 411 309
chair 0.2968 357 257 386 295
chair 0.2600 245 270 285 345
chair 0.1584 318 289 342 335
chair 0.1439 221 274 261 347
chair 0.1328 254 261 292 331
chair 0.1182 340 267 363 316
chair 0.1143 422 249 446 295
chair 0.1049 317 258 351 291
chair 0.0956 263 268 290 315
chair 0.0923 408 251 431 297
chair 0.0802 284 264 316 292
chair 0.0752 146 306 214 365
chair 0.0722 224 273 257 314
chair 0.0655 254 267 278 314
chair 0.0611 336 288 362 329
chair 0.0599 186 288 211 332
chair 0.0588 271 241 315 267
chair 0.0587 262 257 291 298
chair 0.0559 357 236 390 269
chair 0.0535 93 315 162 374
chair 0.0534 350 242 391 297
chair 0.0515 202 299 237 372
chair 0.0510 249 291 275 338
chair 0.0478 253 254 276 295
chair 0.0444 286 275 316 313
chair 0.0422 207 301 230 355
chair 0.0407 311 247 357 271
chair 0.0363 294 264 340 290
chair 0.0332 152 306 263 373
chair 0.0312 311 252 362 305
chair 0.0283 184 277 216 349
chair 0.0280 309 306 336 344
chair 0.0278 277 268 357 341
chair 0.0266 342 241 371 277
chair 0.0238 208 259 285 352
chair 0.0238 263 287 290 336
chair 0.0236 222 330 258 373
chair 0.0227 182 135 227 197
chair 0.0226 201 274 238 310
chair 0.0202 185 295 228 366
chair 0.0190 277 243 361 269
chair 0.0188 286 310 318 347
chair 0.0185 209 328 233 373
chair 0.0180 287 297 338 351
chair 0.0171 235 295 274 367
chair 0.0160 185 275 210 315
chair 0.0154 127 351 166 376
chair 0.0142 196 282 239 349
chair 0.0141 190 309 217 348
chair 0.0139 293 272 339 308
chair 0.0137 385 235 412 272
chair 0.0129 329 278 366 333
chair 0.0126 227 307 260 352
chair 0.0125 252 239 277 278
chair 0.0114 224 260 263 285
chair 0.0114 481 231 499 275
chair 0.0111 431 248 458 286
chair 0.0110 195 264 251 321
chair 0.0101 243 303 268 347
chair 0.0098 454 239 486 272
chair 0.0095 159 279 211 348
chair 0.0088 357 231 390 252
chair 0.0087 252 310 403 372
chair 0.0084 196 144 232 172
chair 0.0082 401 234 433 302
chair 0.0072 155 314 205 349
chair 0.0072 365 267 391 302
chair 0.0066 409 238 448 298
chair 0.0062 102 355 154 376
chair 0.0059 187 296 298 370
chair 0.0058 432 240 474 274
chair 0.0055 159 256 263 360
chair 0.0055 145 317 181 343
chair 0.0053 335 233 385 286
chair 0.0052 268 190 335 214
chair 0.0048 224 144 268 170
chair 0.0047 189 140 220 174
chair 0.0046 174 293 200 336
chair 0.0043 104 139 260 229
chair 0.0042 308 300 360 347
chair 0.0041 482 201 500 266
chair 0.0041 222 147 282 198
chair 0.0040 131 274 231 355
chair 0.0037 388 226 413 253
chair 0.0037 216 250 266 309
chair 0.0036 67 124 282 267
chair 0.0035 253 205 297 228
chair 0.0035 402 266 428 305
chair 0.0034 86 334 118 371
chair 0.0031 248 244 282 310
chair 0.0031 235 160 277 188
chair 0.0031 137 322 195 374
chair 0.0030 158 339 207 373
sofa 0.0010 187 140 281 208
pottedplant 0.0013 185 275 210 315
diningtable 0.0627 294 264 340 290
diningtable 0.0390 284 270 347 325
diningtable 0.0384 293 272 339 308
diningtable 0.0370 146 306 214 365
diningtable 0.0241 319 272 355 311
diningtable 0.0152 317 258 351 291
diningtable 0.0148 313 291 335 339
diningtable 0.0144 277 243 361 269
diningtable 0.0118 271 241 315 267
diningtable 0.0095 357 236 390 269
diningtable 0.0086 284 255 350 300
diningtable 0.0077 284 264 316 292
diningtable 0.0076 311 247 357 271
diningtable 0.0076 357 257 386 295
diningtable 0.0066 316 275 359 339
diningtable 0.0064 383 252 412 299
diningtable 0.0062 286 275 316 313
diningtable 0.0060 249 314 487 373
diningtable 0.0052 347 252 374 294
diningtable 0.0048 385 235 412 272
diningtable 0.0038 311 252 362 305
diningtable 0.0036 155 314 205 349
diningtable 0.0027 253 254 276 295
diningtable 0.0026 408 251 431 297
diningtable 0.0022 342 241 371 277
diningtable 0.0021 340 267 363 316
diningtable 0.0019 262 257 291 298
diningtable 0.0016 257 228 380 292
diningtable 0.0016 145 317 181 343
diningtable 0.0015 224 273 257 314
diningtable 0.0014 286 286 317 333
diningtable 0.0012 224 260 263 285
diningtable 0.0012 -3 291 177 374
diningtable 0.0011 422 249 446 295
diningtable 0.0010 284 242 377 310
diningtable 0.0010 263 268 290 315
