person 0.5516 46 30 282 391
person 0.2601 210 24 452 376
person 0.0111 228 29 428 201
person 0.0033 473 181 499 257
person 0.0011 205 35 284 164
bottle 0.5609 295 184 330 276
bottle 0.2202 298 187 321 235
bottle 0.0150 194 196 232 273
bottle 0.0108 448 169 469 200
bottle 0.0094 437 221 455 261
bottle 0.0042 424 179 447 207
bottle 0.0036 279 184 360 281
bottle 0.0033 296 216 327 253
bottle 0.0022 295 224 347 275
bottle 0.0016 193 228 238 283
bottle 0.0013 445 177 473 205
bottle 0.0012 445 170 487 196
chair 0.0480 0 251 70 371
chair 0.0325 391 245 499 348
chair 0.0103 393 307 501 370
chair 0.0061 1 331 64 374
chair 0.0037 473 181 499 257
chair 0.0036 217 317 502 370
chair 0.0031 448 182 499 256
chair 0.0030 258 318 395 371
chair 0.0023 46 30 282 391
chair 0.0022 437 221 455 261
chair 0.0020 38 19 156 363
chair 0.0018 472 170 498 192
chair 0.0016 23 256 71 333
chair 0.0015 257 65 443 374
chair 0.0014 402 189 495 262
chair 0.0013 221 241 499 373
chair 0.0013 26 246 103 375
chair 0.0012 43 249 80 372
chair 0.0012 49 337 77 372
chair 0.0011 34 257 60 286
sofa 0.0792 391 245 499 348
sofa 0.0129 393 307 501 370
sofa 0.0087 217 317 502 370
sofa 0.0034 46 30 282 391
sofa 0.0014 221 241 499 373
sofa 0.0010 448 182 499 256
sofa 0.0010 243 157 465 362
sofa 0.0010 10 165 479 361
diningtable 0.0239 391 245 499 348
diningtable 0.0212 393 307 501 370
diningtable 0.0107 -1 254 68 362
diningtable 0.0086 217 317 502 370
diningtable 0.0041 1 252 60 303
diningtable 0.0022 1 331 64 374
diningtable 0.0015 295 294 534 372
diningtable 0.0010 229 334 432 373
