person 0.0298 0 328 14 369
person 0.0138 135 229 189 255
person 0.0103 402 219 432 247
person 0.0076 16 184 42 220
person 0.0029 157 230 205 253
person 0.0020 112 171 132 219
person 0.0017 72 171 99 217
person 0.0016 371 223 420 248
person 0.0012 94 158 116 201
bus 0.0319 157 181 400 258
train 0.0384 157 181 400 258
boat 0.6643 156 196 411 256
boat 0.2201 402 219 432 247
boat 0.1343 161 237 206 258
boat 0.0936 133 235 166 261
boat 0.0504 371 223 420 248
boat 0.0361 135 229 189 255
boat 0.0176 307 204 422 247
boat 0.0152 144 213 284 258
boat 0.0140 144 220 215 258
boat 0.0134 359 209 432 250
boat 0.0084 129 130 436 260
boat 0.0066 163 225 395 273
boat 0.0044 348 196 407 242
boat 0.0042 354 220 407 248
boat 0.0027 123 227 225 272
boat 0.0025 171 176 407 231
boat 0.0020 369 240 420 253
boat 0.0019 200 238 239 257
boat 0.0016 418 187 449 212
boat 0.0016 357 206 404 230
boat 0.0015 0 65 423 309
boat 0.0013 356 241 401 254
boat 0.0012 177 219 222 251
boat 0.0011 208 240 269 257
boat 0.0011 0 328 14 369
boat 0.0010 387 192 437 249
bird 0.0367 0 328 14 369
bird 0.0070 38 324 62 342
bird 0.0018 134 230 164 256
horse 0.0240 16 184 42 220
horse 0.0025 36 180 66 219
horse 0.0018 7 172 53 225
horse 0.0016 52 177 79 219
horse 0.0010 72 171 99 217
cow 0.0011 16 184 42 220
chair 0.0063 402 219 432 247
chair 0.0052 134 230 164 256
chair 0.0011 157 230 205 253
