person 0.0124 89 159 121 191
person 0.0025 342 176 368 214
person 0.0019 344 174 411 213
person 0.0018 434 177 477 212
person 0.0012 416 179 449 211
bird 0.0044 84 172 126 193
bird 0.0019 89 159 121 191
bird 0.0012 342 185 371 217
bird 0.0011 421 173 480 217
bird 0.0010 416 179 449 211
cat 0.0018 423 180 480 221
dog 0.0399 423 180 480 221
dog 0.0024 416 179 449 211
dog 0.0022 452 183 479 217
dog 0.0012 342 176 368 214
dog 0.0012 351 178 405 208
horse 0.0449 423 180 480 221
horse 0.0054 451 178 478 211
horse 0.0022 416 179 449 211
horse 0.0019 84 172 126 193
horse 0.0011 344 174 411 213
sheep 0.2564 342 185 371 217
sheep 0.1634 295 177 342 207
sheep 0.1441 243 173 271 205
sheep 0.1171 284 183 319 206
sheep 0.0466 351 178 405 208
sheep 0.0262 434 181 472 219
sheep 0.0189 174 169 271 205
sheep 0.0171 413 183 453 217
sheep 0.0135 315 170 347 205
sheep 0.0130 222 159 253 183
sheep 0.0120 84 172 126 193
sheep 0.0118 258 181 298 205
sheep 0.0089 346 177 456 218
sheep 0.0087 215 172 261 203
sheep 0.0065 362 189 419 212
sheep 0.0062 89 159 121 191
sheep 0.0054 339 170 382 217
sheep 0.0046 184 173 225 199
sheep 0.0037 452 183 479 217
sheep 0.0030 266 165 332 208
sheep 0.0029 299 189 336 210
sheep 0.0025 395 180 430 205
sheep 0.0024 240 160 272 186
sheep 0.0024 266 158 299 188
sheep 0.0021 218 147 252 167
sheep 0.0020 229 165 278 209
sheep 0.0019 73 173 106 195
sheep 0.0019 304 162 358 210
sheep 0.0018 99 172 142 192
sheep 0.0017 302 153 335 189
sheep 0.0016 270 170 379 212
sheep 0.0015 209 141 239 164
sheep 0.0015 196 160 250 186
sheep 0.0014 321 192 357 213
sheep 0.0013 315 158 346 192
sheep 0.0012 294 148 348 203
sheep 0.0011 392 177 483 222
cow 0.5348 187 165 259 206
cow 0.5154 423 180 480 221
cow 0.4431 243 173 271 205
cow 0.3158 351 178 405 208
cow 0.1472 215 172 261 203
cow 0.1380 416 179 449 211
cow 0.1271 184 173 225 199
cow 0.0924 222 159 253 183
cow 0.0718 342 185 371 217
cow 0.0679 395 180 430 205
cow 0.0608 284 183 319 206
cow 0.0464 295 177 342 207
cow 0.0342 258 181 298 205
cow 0.0239 346 177 456 218
cow 0.0233 451 178 478 211
cow 0.0232 362 189 419 212
cow 0.0217 196 160 250 186
cow 0.0117 386 193 444 215
cow 0.0116 84 172 126 193
cow 0.0088 240 160 272 186
cow 0.0073 229 165 278 209
cow 0.0061 163 179 205 198
cow 0.0041 184 164 225 186
cow 0.0039 89 159 121 191
cow 0.0039 379 178 482 225
cow 0.0036 168 153 272 198
cow 0.0036 266 158 299 188
cow 0.0028 240 165 342 208
cow 0.0021 73 173 106 195
cow 0.0020 339 170 382 217
cow 0.0017 270 170 379 212
cow 0.0016 315 170 347 205
cow 0.0014 382 153 410 184
cow 0.0013 260 191 293 208
cow 0.0012 218 147 252 167
cow 0.0012 142 177 190 198
cow 0.0012 248 190 277 209
cow 0.0012 443 166 486 217
cow 0.0011 99 172 142 192
cow 0.0011 299 189 336 210
cow 0.0010 209 141 239 164
cow 0.0010 472 194 501 218
