person 0.7189 8 8 256 372
person 0.1439 4 150 206 371
person 0.0123 202 234 465 374
person 0.0080 46 52 451 394
person 0.0053 172 79 198 115
person 0.0047 17 15 229 213
person 0.0027 154 88 178 114
person 0.0025 267 241 414 313
person 0.0021 23 248 167 361
person 0.0019 30 228 151 304
person 0.0015 178 216 264 300
person 0.0011 2 110 122 349
person 0.0011 0 135 22 294
person 0.0010 268 84 285 120
cat 0.0023 11 148 249 378
cat 0.0013 15 155 201 238
cat 0.0010 267 241 414 313
dog 0.1663 11 148 249 378
dog 0.0146 34 166 222 271
dog 0.0080 178 216 264 300
dog 0.0032 23 154 170 237
dog 0.0031 266 263 299 298
dog 0.0023 -1 29 218 346
dog 0.0018 267 241 414 313
dog 0.0011 156 184 332 356
dog 0.0011 187 205 286 339
bottle 0.0724 388 177 409 213
bottle 0.0275 268 84 285 120
bottle 0.0228 172 79 198 115
bottle 0.0216 484 301 499 358
bottle 0.0156 75 42 98 90
bottle 0.0147 442 220 463 255
bottle 0.0123 382 161 411 202
bottle 0.0094 485 320 499 376
bottle 0.0093 62 36 117 97
bottle 0.0088 425 190 442 235
bottle 0.0083 323 104 351 133
bottle 0.0078 358 162 389 189
bottle 0.0069 402 173 427 215
bottle 0.0061 408 264 464 314
bottle 0.0061 275 108 309 134
bottle 0.0056 66 4 80 41
bottle 0.0054 189 69 206 117
bottle 0.0048 301 102 334 130
bottle 0.0044 369 157 418 209
bottle 0.0044 222 146 248 176
bottle 0.0039 422 217 447 253
bottle 0.0035 289 95 318 117
bottle 0.0030 421 181 440 223
bottle 0.0028 71 2 97 40
bottle 0.0027 372 306 490 358
bottle 0.0027 397 164 422 199
bottle 0.0025 399 207 429 234
bottle 0.0024 399 273 427 314
bottle 0.0023 268 143 293 182
bottle 0.0022 398 221 434 246
bottle 0.0022 356 285 472 344
bottle 0.0019 97 34 116 93
bottle 0.0018 479 262 500 365
bottle 0.0018 249 150 278 179
bottle 0.0016 383 195 414 226
bottle 0.0015 99 5 120 38
bottle 0.0014 380 257 484 330
bottle 0.0014 398 113 423 140
bottle 0.0013 298 151 341 181
bottle 0.0011 297 239 440 314
bottle 0.0011 389 163 438 226
bottle 0.0010 481 293 499 337
bottle 0.0010 292 141 349 189
chair 0.0497 266 263 299 298
chair 0.0282 3 52 263 388
chair 0.0068 222 146 248 176
chair 0.0050 251 264 304 307
chair 0.0041 9 226 198 371
chair 0.0034 481 292 499 375
chair 0.0031 267 241 414 313
chair 0.0030 2 110 122 349
chair 0.0029 0 235 22 277
chair 0.0027 217 309 425 360
chair 0.0020 202 234 465 374
chair 0.0019 245 275 272 308
chair 0.0017 37 42 213 120
chair 0.0017 0 135 22 294
chair 0.0016 282 202 400 249
chair 0.0015 172 79 198 115
chair 0.0013 15 68 234 132
chair 0.0013 386 320 490 374
chair 0.0012 -2 86 255 153
chair 0.0010 194 221 286 313
sofa 0.0834 11 148 249 378
sofa 0.0144 9 226 198 371
sofa 0.0070 202 234 465 374
sofa 0.0015 281 235 420 318
sofa 0.0015 -1 29 218 346
sofa 0.0012 3 242 111 366
pottedplant 0.0126 108 4 133 34
pottedplant 0.0090 301 102 334 130
pottedplant 0.0042 293 95 349 137
pottedplant 0.0032 172 79 198 115
pottedplant 0.0029 295 96 337 119
pottedplant 0.0013 323 104 351 133
pottedplant 0.0011 388 177 409 213
diningtable 0.0171 202 234 465 374
diningtable 0.0112 226 312 497 368
diningtable 0.0021 28 139 470 394
diningtable 0.0020 246 315 427 354
