person 0.7901 0 106 95 371
person 0.1846 189 -6 459 369
person 0.0504 217 1 442 226
person 0.0144 3 147 170 362
person 0.0051 75 8 214 70
person 0.0043 412 337 451 363
person 0.0039 22 -2 408 371
person 0.0035 82 10 207 125
person 0.0024 147 2 353 284
person 0.0024 453 318 497 373
person 0.0014 0 174 19 374
person 0.0013 463 352 490 374
person 0.0013 482 325 499 370
person 0.0012 150 171 424 346
person 0.0012 62 5 150 125
person 0.0010 171 4 246 129
person 0.0010 75 0 100 34
person 0.0010 78 -11 208 27
bicycle 0.0035 156 167 293 361
bicycle 0.0016 151 170 175 211
bicycle 0.0015 162 159 272 270
bicycle 0.0014 148 165 186 222
bicycle 0.0011 150 171 424 346
car 0.0016 412 337 451 363
dog 0.0020 162 159 272 270
bottle 0.0084 388 324 413 347
bottle 0.0069 209 233 246 307
bottle 0.0048 130 204 158 235
bottle 0.0026 412 337 451 363
bottle 0.0024 482 325 499 370
bottle 0.0015 317 329 432 368
bottle 0.0015 151 170 175 211
bottle 0.0012 206 144 232 180
bottle 0.0011 453 318 497 373
chair 0.7688 65 6 227 138
chair 0.4103 413 3 501 69
chair 0.0816 6 4 99 131
chair 0.0635 205 4 243 117
chair 0.0565 156 167 293 361
chair 0.0526 75 8 214 70
chair 0.0454 68 11 136 127
chair 0.0450 411 2 455 70
chair 0.0421 162 1 246 129
chair 0.0411 431 54 500 172
chair 0.0136 130 1 461 359
chair 0.0120 137 12 219 142
chair 0.0118 176 245 263 360
chair 0.0113 184 10 213 119
chair 0.0079 401 -4 501 170
chair 0.0067 165 18 202 141
chair 0.0066 161 139 414 325
chair 0.0056 58 -6 149 88
chair 0.0052 162 166 281 261
chair 0.0051 131 -1 196 51
chair 0.0042 -1 126 98 237
chair 0.0038 40 -1 92 56
chair 0.0034 3 4 49 115
chair 0.0032 319 0 479 67
chair 0.0030 467 50 500 69
chair 0.0025 469 1 500 73
chair 0.0025 48 33 90 56
chair 0.0024 197 220 289 328
chair 0.0023 193 308 248 364
chair 0.0023 143 39 175 76
chair 0.0021 75 0 100 34
chair 0.0021 484 7 500 65
chair 0.0018 72 0 134 54
chair 0.0016 0 178 96 258
chair 0.0016 168 300 267 362
chair 0.0016 132 32 158 81
chair 0.0015 242 247 335 338
chair 0.0015 198 1 294 128
chair 0.0014 117 10 167 81
chair 0.0014 95 0 155 54
chair 0.0014 117 8 296 209
chair 0.0013 67 3 109 73
chair 0.0013 136 230 437 368
chair 0.0012 190 25 208 94
chair 0.0011 156 4 204 80
chair 0.0011 70 26 96 61
chair 0.0010 59 219 86 250
chair 0.0010 144 -1 179 19
sofa 0.0280 431 54 500 172
sofa 0.0200 189 -6 459 369
sofa 0.0052 161 139 414 325
sofa 0.0034 1 126 97 372
sofa 0.0016 404 6 500 199
sofa 0.0015 438 29 500 337
sofa 0.0011 8 75 419 371
sofa 0.0010 156 167 293 361
pottedplant 0.0020 176 245 263 360
pottedplant 0.0016 156 167 293 361
diningtable 0.0269 65 6 227 138
diningtable 0.0176 322 320 480 371
diningtable 0.0085 40 191 467 400
diningtable 0.0082 307 234 503 370
diningtable 0.0081 3 147 170 362
diningtable 0.0070 431 54 500 172
diningtable 0.0059 156 167 293 361
diningtable 0.0032 136 230 437 368
diningtable 0.0031 8 75 419 371
diningtable 0.0031 46 179 156 275
diningtable 0.0024 0 178 96 258
diningtable 0.0023 -1 126 98 237
diningtable 0.0020 0 106 95 371
diningtable 0.0019 75 8 214 70
diningtable 0.0018 435 5 499 70
diningtable 0.0017 186 306 397 370
diningtable 0.0016 176 245 263 360
diningtable 0.0013 175 300 309 366
diningtable 0.0010 28 228 314 370
diningtable 0.0010 348 305 517 364
