person 0.9437 139 159 205 324
person 0.6264 353 122 424 312
person 0.0229 157 151 196 240
person 0.0079 297 150 339 177
person 0.0069 404 181 427 215
person 0.0065 297 303 419 334
person 0.0045 140 183 186 254
person 0.0040 488 152 500 207
person 0.0035 369 145 413 286
person 0.0034 489 122 499 189
person 0.0033 303 231 409 329
person 0.0032 480 180 498 218
person 0.0023 487 93 500 221
person 0.0019 375 134 417 212
person 0.0017 287 311 349 332
person 0.0016 144 192 168 233
person 0.0016 479 46 499 77
person 0.0010 131 190 163 255
person 0.0010 448 30 464 64
bicycle 0.0123 135 173 205 320
bicycle 0.0109 131 195 162 262
bicycle 0.0026 160 240 208 310
bottle 0.1464 412 36 427 75
bottle 0.0208 448 30 464 64
bottle 0.0109 429 31 442 66
bottle 0.0098 404 181 427 215
bottle 0.0052 422 36 440 74
bottle 0.0046 352 128 426 304
bottle 0.0025 323 164 352 192
bottle 0.0023 437 42 471 73
bottle 0.0017 441 184 466 215
bottle 0.0016 311 185 354 210
bottle 0.0013 459 185 487 216
bottle 0.0012 480 180 498 218
bottle 0.0011 385 176 406 212
chair 0.2093 131 195 162 262
chair 0.1386 0 272 26 336
chair 0.0999 287 311 349 332
chair 0.0505 135 173 205 320
chair 0.0159 144 192 168 233
chair 0.0141 339 311 423 334
chair 0.0080 132 234 160 264
chair 0.0071 140 183 186 254
chair 0.0066 284 295 423 335
chair 0.0060 144 215 168 252
chair 0.0057 0 209 23 341
chair 0.0045 227 211 254 234
chair 0.0036 275 256 396 327
chair 0.0035 160 240 208 310
chair 0.0030 63 209 78 258
chair 0.0024 282 294 355 332
chair 0.0024 280 201 319 221
chair 0.0022 234 212 282 230
chair 0.0021 269 202 297 226
chair 0.0020 225 216 255 245
chair 0.0018 145 234 185 264
chair 0.0017 53 128 79 334
chair 0.0012 0 263 19 293
chair 0.0011 143 232 188 318
chair 0.0010 54 219 80 323
chair 0.0010 232 278 282 333
chair 0.0010 287 223 341 243
chair 0.0010 102 202 117 257
sofa 0.0285 0 263 25 332
sofa 0.0035 0 209 23 341
sofa 0.0028 284 295 423 335
sofa 0.0011 339 311 423 334
sofa 0.0010 135 173 205 320
pottedplant 0.0099 297 161 335 183
pottedplant 0.0064 323 164 352 192
pottedplant 0.0049 54 219 80 323
pottedplant 0.0022 135 173 205 320
pottedplant 0.0017 297 150 339 177
pottedplant 0.0013 63 209 78 258
pottedplant 0.0011 53 128 79 334
diningtable 0.0849 196 223 394 322
diningtable 0.0107 0 279 23 333
diningtable 0.0103 204 225 306 333
diningtable 0.0050 213 217 362 271
diningtable 0.0025 135 173 205 320
diningtable 0.0012 277 237 385 328
diningtable 0.0010 134 204 161 257
tvmonitor 0.0574 293 133 347 180
tvmonitor 0.0131 297 150 339 177
tvmonitor 0.0029 297 161 335 183
