person 0.7985 391 54 463 189
person 0.6927 153 40 177 81
person 0.4031 439 38 473 109
person 0.4028 255 73 321 186
person 0.3678 271 68 322 122
person 0.3606 327 69 378 135
person 0.3025 124 71 206 188
person 0.2849 160 66 210 167
person 0.1917 315 74 383 187
person 0.1366 63 33 83 59
person 0.1201 234 82 256 107
person 0.1196 418 37 448 79
person 0.0915 0 39 18 79
person 0.0901 146 78 175 114
person 0.0892 398 62 463 127
person 0.0825 480 58 499 91
person 0.0748 138 67 184 167
person 0.0739 452 41 478 81
person 0.0604 7 31 44 59
person 0.0592 12 41 44 67
person 0.0510 128 79 156 111
person 0.0419 148 58 179 94
person 0.0413 148 37 187 89
person 0.0406 0 51 20 101
person 0.0398 247 80 274 108
person 0.0266 486 70 500 123
person 0.0265 1 30 53 96
person 0.0254 300 78 325 113
person 0.0250 190 79 218 108
person 0.0241 432 53 466 179
person 0.0235 396 72 421 112
person 0.0228 0 20 25 99
person 0.0224 265 82 293 113
person 0.0202 269 55 295 92
person 0.0187 164 77 203 120
person 0.0180 0 20 25 57
person 0.0176 308 61 329 98
person 0.0170 124 77 175 155
person 0.0156 94 23 122 59
person 0.0156 198 41 218 70
person 0.0153 283 66 316 101
person 0.0152 122 46 153 71
person 0.0137 15 34 73 94
person 0.0125 457 57 486 91
person 0.0121 444 39 486 92
person 0.0120 174 83 213 149
person 0.0110 197 78 240 106
person 0.0104 337 77 375 116
person 0.0104 186 96 211 137
person 0.0099 296 73 331 154
person 0.0091 480 57 500 134
person 0.0089 130 62 222 129
person 0.0089 318 80 347 112
person 0.0083 166 68 199 92
person 0.0080 303 54 380 149
person 0.0076 261 47 329 153
person 0.0075 426 31 453 61
person 0.0074 15 58 50 98
person 0.0071 411 45 482 145
person 0.0063 168 73 227 119
person 0.0062 25 45 67 63
person 0.0057 376 27 483 98
person 0.0056 116 87 146 110
person 0.0051 159 35 198 72
person 0.0051 61 42 97 63
person 0.0051 445 52 492 131
person 0.0050 280 31 314 55
person 0.0047 270 60 362 180
person 0.0047 24 33 68 55
person 0.0045 28 62 56 99
person 0.0043 442 82 470 116
person 0.0037 147 32 191 56
person 0.0035 151 50 208 109
person 0.0035 390 53 443 106
person 0.0035 394 67 439 162
person 0.0033 124 23 154 59
person 0.0033 105 22 144 59
person 0.0030 340 65 372 95
person 0.0030 271 105 297 129
person 0.0028 261 55 300 108
person 0.0025 314 36 331 86
person 0.0023 126 103 163 131
person 0.0021 443 93 467 135
person 0.0020 94 57 182 121
person 0.0019 455 76 480 116
person 0.0019 0 3 23 46
person 0.0018 0 18 51 67
person 0.0017 278 45 314 73
person 0.0016 330 56 385 106
person 0.0016 303 99 332 133
person 0.0015 414 61 453 91
person 0.0014 166 95 204 129
person 0.0014 340 97 373 134
person 0.0014 479 50 500 221
person 0.0013 174 73 236 94
person 0.0011 298 54 332 114
person 0.0011 105 107 211 206
person 0.0010 241 5 430 103
person 0.0010 359 97 381 133
bicycle 0.0515 256 113 308 184
bicycle 0.0084 480 58 499 91
bicycle 0.0049 389 105 462 195
bicycle 0.0037 148 58 179 94
bicycle 0.0032 260 132 289 180
bicycle 0.0021 457 57 486 91
bicycle 0.0021 442 82 470 116
bicycle 0.0019 61 38 84 63
bicycle 0.0017 394 67 421 99
bicycle 0.0015 443 50 470 95
bicycle 0.0015 0 39 18 79
bicycle 0.0015 486 70 500 123
bicycle 0.0015 116 87 146 110
bicycle 0.0012 0 51 20 101
bicycle 0.0012 271 105 297 129
car 0.0348 480 58 499 91
car 0.0241 194 73 239 92
car 0.0192 157 33 199 55
car 0.0142 234 82 256 107
car 0.0137 150 33 200 79
car 0.0129 190 79 218 108
car 0.0086 122 46 153 71
car 0.0084 197 78 240 106
car 0.0073 318 19 468 94
car 0.0050 25 45 67 63
car 0.0041 166 68 199 92
car 0.0041 153 40 177 81
car 0.0031 61 38 84 63
car 0.0026 198 41 218 70
car 0.0021 168 73 227 119
car 0.0019 457 57 486 91
car 0.0017 376 27 483 98
car 0.0016 254 -6 484 103
car 0.0015 12 41 44 67
car 0.0014 126 70 157 93
car 0.0014 221 73 255 99
car 0.0014 23 3 176 75
car 0.0013 131 51 232 112
car 0.0011 439 40 468 83
car 0.0010 172 61 235 105
car 0.0010 452 41 478 81
car 0.0010 247 80 274 108
car 0.0010 365 66 426 97
motorbike 0.8600 105 107 211 206
motorbike 0.6956 295 101 377 195
motorbike 0.5492 387 103 463 194
motorbike 0.3672 255 73 321 186
motorbike 0.0802 330 114 376 191
motorbike 0.0656 256 113 308 184
motorbike 0.0456 480 58 499 91
motorbike 0.0125 457 57 486 91
motorbike 0.0104 128 79 156 111
motorbike 0.0092 159 117 205 199
motorbike 0.0085 396 72 421 112
motorbike 0.0064 148 58 179 94
motorbike 0.0064 122 46 153 71
motorbike 0.0062 358 114 377 153
motorbike 0.0061 124 71 206 188
motorbike 0.0053 443 50 470 95
motorbike 0.0047 300 101 340 180
motorbike 0.0046 317 62 381 179
motorbike 0.0045 359 97 381 133
motorbike 0.0045 109 137 180 204
motorbike 0.0045 308 115 335 147
motorbike 0.0045 136 115 186 202
motorbike 0.0043 271 105 297 129
motorbike 0.0041 102 117 149 196
motorbike 0.0039 61 38 84 63
motorbike 0.0036 153 40 177 81
motorbike 0.0036 116 87 146 110
motorbike 0.0035 349 111 374 156
motorbike 0.0032 265 82 293 113
motorbike 0.0032 284 112 310 158
motorbike 0.0030 442 82 470 116
motorbike 0.0025 126 103 163 131
motorbike 0.0023 280 130 307 174
motorbike 0.0021 340 97 373 134
motorbike 0.0020 357 82 382 116
motorbike 0.0018 486 70 500 123
motorbike 0.0016 260 132 289 180
motorbike 0.0015 455 76 480 116
motorbike 0.0014 345 129 373 183
motorbike 0.0014 269 110 294 156
motorbike 0.0014 446 40 481 111
motorbike 0.0014 391 42 471 119
motorbike 0.0014 403 105 433 135
motorbike 0.0013 303 99 332 133
motorbike 0.0012 94 83 170 192
motorbike 0.0012 0 39 18 79
motorbike 0.0012 318 114 344 153
motorbike 0.0011 280 75 319 112
motorbike 0.0011 432 116 462 188
motorbike 0.0011 128 116 163 146
motorbike 0.0011 439 40 468 83
motorbike 0.0011 146 78 175 114
motorbike 0.0011 123 75 174 125
motorbike 0.0011 452 41 478 81
motorbike 0.0011 126 70 157 93
motorbike 0.0010 324 96 351 132
motorbike 0.0010 478 44 501 120
bus 0.1895 241 5 430 103
bus 0.0429 301 1 486 92
bus 0.0166 157 33 199 55
bus 0.0039 23 3 176 75
bus 0.0037 150 33 200 79
bus 0.0028 91 6 154 63
bus 0.0020 197 78 240 106
bus 0.0015 85 6 204 71
bus 0.0011 194 73 239 92
train 0.0059 254 -6 484 103
boat 0.0018 23 3 176 75
dog 0.0012 234 82 256 107
chair 0.0100 0 51 20 101
chair 0.0085 0 39 18 79
chair 0.0055 2 45 56 99
chair 0.0054 0 20 25 99
chair 0.0052 28 62 56 99
chair 0.0042 15 58 50 98
chair 0.0038 0 20 25 57
chair 0.0038 12 41 44 67
chair 0.0029 116 87 146 110
chair 0.0022 91 82 126 106
chair 0.0021 61 38 84 63
chair 0.0021 197 78 240 106
chair 0.0019 128 79 156 111
chair 0.0019 88 64 125 103
chair 0.0017 25 45 67 63
chair 0.0014 126 70 157 93
chair 0.0014 480 58 499 91
chair 0.0011 190 79 218 108
pottedplant 0.0021 84 47 133 62
pottedplant 0.0011 63 33 83 59
diningtable 0.0023 197 78 240 106
diningtable 0.0010 25 45 67 63
