person 0.9443 188 338 208 375
person 0.9362 146 333 177 374
person 0.4596 333 341 352 372
person 0.2321 154 244 170 293
person 0.0431 344 346 367 376
person 0.0283 141 331 163 374
person 0.0278 245 213 270 258
person 0.0091 270 215 288 259
person 0.0075 91 336 123 375
person 0.0067 323 215 341 251
person 0.0067 166 335 195 373
person 0.0058 420 351 498 377
person 0.0055 212 220 231 256
person 0.0053 230 215 254 257
person 0.0052 364 339 391 374
person 0.0051 93 352 128 375
person 0.0037 105 335 133 373
person 0.0034 245 233 271 262
person 0.0031 329 336 375 376
person 0.0027 118 211 140 250
person 0.0020 184 258 210 290
person 0.0016 59 342 117 371
person 0.0015 137 350 165 374
person 0.0014 1 247 102 371
person 0.0013 0 244 22 289
person 0.0013 120 206 143 234
person 0.0012 62 356 100 375
person 0.0011 130 326 172 376
person 0.0010 90 206 114 230
person 0.0010 180 332 213 377
person 0.0010 4 346 50 367
person 0.0010 222 208 268 263
person 0.0010 207 236 235 263
bicycle 0.0102 297 257 327 291
bicycle 0.0063 184 258 210 290
bicycle 0.0042 154 244 170 293
bicycle 0.0032 284 258 320 289
bicycle 0.0032 245 233 271 262
bicycle 0.0010 166 261 193 287
car 0.8323 4 358 94 377
car 0.1381 432 351 499 376
car 0.1065 396 347 500 386
car 0.0389 -2 314 109 372
car 0.0214 62 356 100 375
car 0.0142 93 352 128 375
car 0.0126 386 317 503 379
car 0.0072 16 347 82 365
car 0.0034 478 352 500 379
car 0.0024 91 336 123 375
car 0.0023 4 346 50 367
car 0.0022 25 351 144 384
car 0.0022 400 351 459 375
car 0.0020 59 342 117 371
car 0.0020 0 307 52 359
car 0.0019 335 342 364 374
car 0.0018 420 345 487 371
car 0.0018 105 335 133 373
car 0.0017 0 357 28 376
car 0.0015 218 321 336 370
car 0.0013 0 254 98 374
car 0.0013 394 352 432 376
car 0.0012 20 332 141 374
car 0.0010 480 331 499 375
motorbike 0.0011 154 244 170 293
bus 0.0031 380 198 500 387
bus 0.0029 -2 314 109 372
bus 0.0024 0 254 98 374
bus 0.0014 336 329 497 376
bus 0.0013 0 267 48 353
bus 0.0011 4 358 94 377
train 0.0105 0 242 24 281
train 0.0032 0 263 47 324
train 0.0019 0 239 27 310
train 0.0017 0 254 98 374
boat 0.0011 0 254 98 374
bird 0.0118 0 113 14 171
bird 0.0086 401 67 428 97
bird 0.0032 323 215 341 251
chair 0.0021 166 261 193 287
chair 0.0010 184 258 210 290
pottedplant 0.0089 297 257 327 291
pottedplant 0.0041 330 218 496 379
pottedplant 0.0020 1 247 102 371
pottedplant 0.0019 184 258 210 290
