person 0.0023 477 193 498 226
person 0.0017 34 222 66 245
person 0.0013 232 217 262 239
car 0.5307 421 197 484 228
car 0.0236 478 186 499 219
car 0.0106 415 194 440 228
car 0.0064 450 197 490 227
car 0.0012 232 217 262 239
car 0.0011 182 217 207 240
motorbike 0.0016 477 193 498 226
aeroplane 0.8375 33 70 444 232
aeroplane 0.0331 0 188 53 209
aeroplane 0.0222 415 195 486 229
aeroplane 0.0201 333 191 371 211
aeroplane 0.0095 322 193 359 212
aeroplane 0.0079 387 164 414 191
aeroplane 0.0055 0 153 57 208
aeroplane 0.0047 0 192 62 245
aeroplane 0.0040 300 162 418 221
aeroplane 0.0036 -7 167 108 224
aeroplane 0.0034 13 198 53 226
aeroplane 0.0027 5 227 53 242
aeroplane 0.0025 0 190 118 247
aeroplane 0.0023 478 186 499 219
aeroplane 0.0016 0 199 29 224
aeroplane 0.0013 0 136 32 222
aeroplane 0.0011 19 125 362 245
bus 0.0162 421 197 484 228
train 0.0012 421 197 484 228
boat 0.0530 421 197 484 228
boat 0.0015 478 186 499 219
