person 0.7174 88 46 496 387
person 0.0303 326 324 462 372
person 0.0253 308 64 502 384
person 0.0072 377 51 498 320
person 0.0068 474 169 500 337
person 0.0051 474 162 499 202
person 0.0038 185 162 231 233
person 0.0034 180 150 474 361
person 0.0030 0 154 16 202
person 0.0022 436 50 502 395
person 0.0021 465 159 488 204
person 0.0020 0 133 20 264
person 0.0020 0 165 16 339
person 0.0019 0 176 17 221
person 0.0017 441 190 501 341
person 0.0016 471 114 499 201
person 0.0013 482 39 501 162
person 0.0012 189 163 212 201
person 0.0012 149 55 356 374
person 0.0011 0 132 15 188
person 0.0011 396 301 501 373
person 0.0011 296 230 504 369
person 0.0010 469 126 500 267
car 0.9329 -2 183 138 273
car 0.7030 128 171 231 253
car 0.1977 31 183 234 263
car 0.0986 428 53 501 190
car 0.0555 0 159 17 311
car 0.0428 178 181 232 246
car 0.0231 146 191 215 251
car 0.0214 0 176 17 221
car 0.0176 131 203 199 254
car 0.0163 71 212 139 266
car 0.0143 0 164 124 228
car 0.0117 0 180 14 248
car 0.0107 388 25 499 207
car 0.0080 482 39 501 162
car 0.0071 433 63 500 130
car 0.0070 1 172 130 361
car 0.0066 -7 157 193 291
car 0.0062 457 113 498 204
car 0.0042 127 164 204 224
car 0.0042 484 52 500 108
car 0.0040 474 162 499 202
car 0.0038 477 66 500 207
car 0.0029 66 -15 445 409
car 0.0029 66 163 216 239
car 0.0029 77 237 135 267
car 0.0026 2 231 188 372
car 0.0022 0 154 16 202
car 0.0016 468 140 500 208
car 0.0016 0 216 13 288
car 0.0016 0 184 48 321
car 0.0013 443 86 500 224
car 0.0012 401 42 499 111
car 0.0012 15 188 79 218
car 0.0011 63 186 111 214
car 0.0010 72 191 137 249
car 0.0010 0 125 19 232
car 0.0010 36 186 99 214
car 0.0010 80 185 128 212
bus 0.0013 127 162 232 244
bird 0.0012 291 0 504 63
cow 0.0014 291 0 504 63
bottle 0.0049 81 352 196 377
chair 0.0060 474 169 500 337
chair 0.0035 89 326 190 377
chair 0.0022 88 46 496 387
chair 0.0013 435 67 501 207
chair 0.0013 163 249 268 362
chair 0.0011 0 173 18 373
chair 0.0011 441 190 501 341
chair 0.0010 465 159 488 204
chair 0.0010 457 113 498 204
sofa 0.0036 83 -2 496 403
sofa 0.0024 474 169 500 337
sofa 0.0014 441 190 501 341
diningtable 0.0027 474 169 500 337
diningtable 0.0017 2 231 188 372
diningtable 0.0013 0 198 19 387
