bird 0.0652 66 60 439 338
bird 0.0310 203 30 246 48
bird 0.0266 210 35 260 53
bird 0.0022 227 38 290 55
bird 0.0010 392 38 429 55
cat 0.2294 61 88 438 345
dog 0.6970 61 88 438 345
dog 0.0047 372 279 495 339
horse 0.0085 82 36 486 352
sheep 0.0780 203 30 246 48
sheep 0.0421 210 35 260 53
sheep 0.0059 66 60 439 338
sheep 0.0041 227 38 290 55
sheep 0.0021 156 19 207 39
cow 0.2156 80 89 487 352
cow 0.0087 372 279 495 339
cow 0.0062 203 30 246 48
cow 0.0036 210 35 260 53
cow 0.0029 24 171 115 224
cow 0.0019 375 232 439 278
cow 0.0012 55 215 520 366
sofa 0.0014 82 36 486 352
diningtable 0.0012 -24 214 443 371
