bird 0.0056 450 107 483 204
bird 0.0011 91 104 117 137
cat 0.0639 450 107 483 204
cat 0.0031 91 104 117 137
dog 0.0030 450 107 483 204
horse 0.0103 450 107 483 204
bottle 0.0949 224 154 240 197
bottle 0.0129 381 178 403 212
bottle 0.0090 450 107 483 204
bottle 0.0075 381 168 400 200
bottle 0.0039 445 183 472 210
bottle 0.0025 171 256 238 371
bottle 0.0025 286 163 309 197
bottle 0.0019 65 121 94 147
chair 0.0337 450 107 483 204
chair 0.0055 476 240 500 383
chair 0.0051 468 204 500 231
chair 0.0041 91 104 117 137
chair 0.0028 452 156 480 198
chair 0.0012 0 328 58 375
chair 0.0012 232 246 299 306
chair 0.0011 470 157 500 238
pottedplant 0.0023 450 107 483 204
tvmonitor 0.9898 32 149 148 239
tvmonitor 0.8700 277 75 402 165
tvmonitor 0.0167 45 162 129 222
tvmonitor 0.0057 272 167 398 226
tvmonitor 0.0024 468 204 500 231
tvmonitor 0.0020 171 256 238 371
tvmonitor 0.0016 33 118 143 200
tvmonitor 0.0015 91 104 117 137
