person 0.0276 55 16 453 244
person 0.0108 220 116 256 147
person 0.0091 205 120 233 152
person 0.0078 188 120 219 152
person 0.0029 71 151 96 191
person 0.0020 9 121 42 153
person 0.0013 94 158 114 201
person 0.0013 39 103 323 226
person 0.0013 309 144 334 173
car 0.0081 220 116 256 147
car 0.0053 297 102 342 123
car 0.0047 205 120 233 152
car 0.0041 158 122 207 151
car 0.0029 188 120 219 152
car 0.0022 127 113 294 164
car 0.0021 47 107 146 223
car 0.0016 214 115 268 158
car 0.0014 232 114 290 136
car 0.0013 106 115 369 193
car 0.0012 164 114 229 158
car 0.0011 9 121 42 153
car 0.0010 193 114 250 159
motorbike 0.0026 -17 67 453 265
motorbike 0.0011 188 120 219 152
aeroplane 0.5474 63 25 504 235
aeroplane 0.0169 39 103 323 226
aeroplane 0.0120 212 178 460 251
aeroplane 0.0054 -16 82 455 308
aeroplane 0.0038 285 29 429 127
aeroplane 0.0023 243 24 470 213
aeroplane 0.0018 349 124 482 193
aeroplane 0.0016 365 121 475 155
aeroplane 0.0014 133 140 500 260
aeroplane 0.0010 235 24 429 84
boat 0.0013 -17 67 453 265
