person 0.9444 198 138 303 342
person 0.0144 242 149 310 310
person 0.0063 193 236 217 285
person 0.0029 262 210 296 302
person 0.0026 195 231 239 285
person 0.0017 260 154 302 278
person 0.0013 221 121 443 323
person 0.0013 0 241 58 376
bicycle 0.3835 204 236 283 368
bicycle 0.1323 231 265 280 364
bicycle 0.0411 216 250 260 337
bicycle 0.0395 405 182 447 297
bicycle 0.0337 198 192 294 336
bicycle 0.0283 192 243 218 290
bicycle 0.0033 224 292 247 334
bicycle 0.0026 241 271 264 314
bicycle 0.0016 195 231 239 285
bicycle 0.0014 201 153 348 363
bicycle 0.0013 241 311 279 374
bicycle 0.0011 179 245 197 304
bicycle 0.0011 433 173 463 246
bicycle 0.0010 183 212 260 327
bicycle 0.0010 228 238 279 312
car 0.0033 193 236 217 285
car 0.0017 198 192 294 336
motorbike 0.0015 204 236 283 368
train 0.0029 83 33 418 339
boat 0.0013 114 39 447 337
bird 0.0012 45 46 65 78
horse 0.0020 192 243 218 290
horse 0.0015 199 239 290 343
bottle 0.0099 224 292 247 334
bottle 0.0017 234 274 258 314
bottle 0.0012 268 293 293 320
chair 0.2091 -1 235 59 372
chair 0.0466 389 292 501 371
chair 0.0204 1 239 47 313
chair 0.0108 340 261 459 369
chair 0.0097 70 166 145 290
chair 0.0087 199 239 290 343
chair 0.0059 445 299 495 375
chair 0.0052 474 175 500 250
chair 0.0048 75 227 102 308
chair 0.0048 50 120 154 319
chair 0.0044 29 173 61 264
chair 0.0040 260 40 450 334
chair 0.0039 326 169 462 370
chair 0.0035 -1 167 65 282
chair 0.0034 13 238 42 282
chair 0.0024 353 191 443 320
chair 0.0023 477 295 499 376
chair 0.0020 397 180 443 295
chair 0.0018 200 150 302 318
chair 0.0016 192 243 218 290
chair 0.0014 -4 73 66 382
chair 0.0013 72 204 170 308
chair 0.0010 27 202 68 306
sofa 0.1611 -1 235 59 372
sofa 0.0372 1 239 47 313
sofa 0.0104 -1 167 65 282
sofa 0.0028 -4 73 66 382
sofa 0.0016 340 261 459 369
sofa 0.0012 389 292 501 371
pottedplant 0.0017 0 237 52 353
pottedplant 0.0016 82 43 173 119
diningtable 0.0198 0 250 53 371
diningtable 0.0062 389 292 501 371
diningtable 0.0017 -7 165 68 188
diningtable 0.0012 -1 167 65 282
diningtable 0.0011 1 239 47 313
tvmonitor 0.0039 1 239 47 313
tvmonitor 0.0022 -1 167 65 282
tvmonitor 0.0020 0 169 21 259
tvmonitor 0.0012 335 252 412 368
