person 0.0079 41 302 67 344
person 0.0045 76 63 95 102
person 0.0024 0 207 12 318
person 0.0019 79 45 98 99
person 0.0014 0 295 15 346
person 0.0011 98 47 118 90
bicycle 0.0140 16 303 71 346
bicycle 0.0011 41 302 67 344
car 0.0024 28 -3 396 334
car 0.0017 0 301 65 346
car 0.0011 123 264 169 327
car 0.0011 177 277 201 318
motorbike 0.0289 16 303 71 346
motorbike 0.0066 5 321 59 345
motorbike 0.0039 41 302 67 344
motorbike 0.0015 2 308 58 337
motorbike 0.0015 0 320 22 345
aeroplane 0.0062 28 -3 396 334
bus 0.0299 23 -2 339 338
bus 0.0081 13 0 171 344
bus 0.0015 99 -27 478 320
train 0.1269 23 -2 339 338
train 0.1055 13 0 171 344
train 0.0061 1 -14 66 358
train 0.0015 99 -27 478 320
train 0.0011 0 165 13 319
boat 0.0011 23 -2 339 338
boat 0.0011 123 264 169 327
chair 0.0070 220 -2 310 96
