person 0.2245 234 222 263 261
person 0.1415 360 319 373 386
person 0.1047 142 223 163 263
person 0.0673 231 216 278 267
person 0.0667 262 222 286 262
person 0.0434 299 245 318 284
person 0.0415 106 245 126 270
person 0.0364 199 220 223 264
person 0.0226 183 223 212 264
person 0.0186 185 302 212 328
person 0.0173 175 209 222 269
person 0.0129 129 223 158 262
person 0.0119 69 263 97 366
person 0.0087 235 208 266 244
person 0.0086 251 213 291 268
person 0.0057 172 224 192 266
person 0.0050 138 212 170 268
person 0.0041 279 226 299 262
person 0.0040 262 206 286 244
person 0.0033 143 204 166 248
person 0.0028 299 246 327 302
person 0.0027 288 239 307 273
person 0.0026 189 236 216 269
person 0.0026 107 226 135 263
person 0.0023 75 246 93 280
person 0.0023 223 192 259 261
person 0.0022 116 214 160 269
person 0.0022 324 263 346 301
person 0.0020 194 193 230 263
person 0.0019 338 331 358 374
person 0.0018 285 339 307 375
person 0.0017 229 202 255 246
person 0.0017 201 202 225 245
person 0.0015 120 205 151 245
person 0.0014 180 203 211 240
person 0.0013 165 212 201 269
person 0.0012 315 246 338 276
person 0.0011 75 269 95 318
person 0.0010 235 190 270 219
bicycle 0.0023 285 339 307 375
bicycle 0.0013 295 337 323 371
car 0.2943 332 254 373 379
car 0.0196 353 290 375 382
car 0.0155 330 258 373 306
car 0.0115 295 252 376 377
car 0.0113 75 246 93 280
car 0.0081 324 263 346 301
car 0.0049 300 248 321 298
car 0.0012 305 252 357 305
car 0.0010 87 146 303 400
bus 0.7504 87 146 303 400
bus 0.0268 332 254 373 379
bus 0.0096 330 258 373 306
bus 0.0082 303 234 371 364
bus 0.0019 296 219 374 306
bus 0.0017 305 252 357 305
bus 0.0014 324 263 346 301
bus 0.0014 299 246 327 302
train 0.4099 87 146 303 400
train 0.0087 330 258 373 306
train 0.0028 295 252 376 377
train 0.0026 0 213 40 308
train 0.0024 332 254 373 379
train 0.0018 -4 171 62 422
boat 0.0045 333 121 374 136
boat 0.0028 330 258 373 306
boat 0.0022 310 123 349 138
boat 0.0016 196 123 356 134
boat 0.0011 50 3 395 112
dog 0.0013 185 302 212 328
chair 0.0058 103 147 317 371
chair 0.0020 300 248 321 298
chair 0.0013 324 263 346 301
