person 0.9010 74 106 141 279
person 0.6684 102 110 174 277
person 0.5473 301 130 421 262
person 0.4554 378 146 436 213
person 0.3653 371 142 453 245
person 0.3650 362 162 389 192
person 0.2596 297 126 343 187
person 0.2114 341 141 364 183
person 0.1661 425 158 452 192
person 0.1222 339 140 375 202
person 0.0407 298 124 373 225
person 0.0407 140 195 175 277
person 0.0342 128 136 171 283
person 0.0329 323 137 352 176
person 0.0315 294 129 314 178
person 0.0294 411 153 462 203
person 0.0239 344 155 396 203
person 0.0213 400 151 430 189
person 0.0185 138 122 176 233
person 0.0184 417 146 444 179
person 0.0171 432 201 465 266
person 0.0141 294 116 314 158
person 0.0137 298 123 326 162
person 0.0123 372 158 406 193
person 0.0121 424 161 465 267
person 0.0116 294 114 333 171
person 0.0115 124 114 171 203
person 0.0103 323 142 426 214
person 0.0102 96 133 141 250
person 0.0089 350 158 439 266
person 0.0081 82 162 131 259
person 0.0080 322 117 467 306
person 0.0062 304 122 406 197
person 0.0056 83 111 130 201
person 0.0047 363 194 462 298
person 0.0046 296 157 346 226
person 0.0046 152 228 176 277
person 0.0039 295 147 313 198
person 0.0033 291 129 316 216
person 0.0031 133 114 161 154
person 0.0029 391 126 470 223
person 0.0028 153 211 175 260
person 0.0026 383 141 439 185
person 0.0025 82 133 99 175
person 0.0024 432 146 462 177
person 0.0024 297 196 417 298
person 0.0023 299 162 335 192
person 0.0022 410 127 462 183
person 0.0021 413 184 463 243
person 0.0021 2 119 41 274
person 0.0021 3 133 41 207
person 0.0020 96 158 122 188
person 0.0017 102 104 139 208
person 0.0017 153 167 171 221
person 0.0017 131 239 153 274
person 0.0017 383 175 437 249
person 0.0017 358 84 387 105
person 0.0016 335 153 384 226
person 0.0016 320 157 356 187
person 0.0015 154 155 173 199
person 0.0015 155 0 289 328
person 0.0015 149 138 174 172
person 0.0013 78 134 104 257
person 0.0012 148 191 168 240
person 0.0011 91 144 119 175
person 0.0010 149 117 172 161
person 0.0010 294 106 313 139
car 0.0011 170 304 407 331
bus 0.0013 23 -3 399 334
bus 0.0011 296 0 441 170
train 0.0053 113 0 467 328
train 0.0053 13 0 334 327
train 0.0012 265 5 525 329
train 0.0010 291 -4 454 256
dog 0.0015 140 195 175 277
dog 0.0012 128 136 171 283
bottle 0.0039 416 185 460 211
bottle 0.0037 383 185 414 215
bottle 0.0030 425 158 452 192
bottle 0.0016 384 198 411 219
chair 0.6988 297 196 417 298
chair 0.0700 289 161 318 268
chair 0.0594 363 194 462 298
chair 0.0511 293 162 339 266
chair 0.0481 360 183 392 205
chair 0.0395 306 213 377 290
chair 0.0387 295 136 378 268
chair 0.0331 358 200 399 217
chair 0.0287 384 198 411 219
chair 0.0265 292 219 334 287
chair 0.0195 413 203 462 263
chair 0.0193 404 210 461 299
chair 0.0154 383 185 414 215
chair 0.0154 438 210 465 259
chair 0.0125 292 229 317 262
chair 0.0113 299 162 335 192
chair 0.0080 342 146 366 196
chair 0.0078 367 203 417 273
chair 0.0072 291 189 316 236
chair 0.0071 383 202 438 261
chair 0.0071 328 200 383 223
chair 0.0067 420 207 455 247
chair 0.0062 298 225 325 271
chair 0.0060 320 157 356 187
chair 0.0057 298 163 364 219
chair 0.0057 340 176 367 207
chair 0.0056 263 210 468 326
chair 0.0056 397 214 436 245
chair 0.0053 362 162 389 192
chair 0.0052 285 180 362 290
chair 0.0051 300 170 338 207
chair 0.0046 418 198 455 227
chair 0.0045 430 162 461 191
chair 0.0041 372 158 406 193
chair 0.0040 434 206 467 297
chair 0.0038 295 147 313 198
chair 0.0037 391 197 425 222
chair 0.0029 300 125 435 292
chair 0.0028 316 175 360 209
chair 0.0027 307 177 362 250
chair 0.0027 371 142 453 245
chair 0.0027 365 244 427 297
chair 0.0026 295 133 344 209
chair 0.0023 312 243 389 293
chair 0.0020 329 234 457 304
chair 0.0019 294 168 313 222
chair 0.0019 320 203 360 232
chair 0.0019 426 183 465 207
chair 0.0018 325 185 380 246
chair 0.0017 372 155 426 223
chair 0.0014 274 240 398 307
chair 0.0012 350 182 401 241
chair 0.0012 371 180 417 250
chair 0.0012 413 166 462 222
chair 0.0010 293 200 331 232
chair 0.0010 399 254 429 295
chair 0.0010 424 161 465 267
sofa 0.0055 390 196 474 298
pottedplant 0.0010 402 39 425 80
diningtable 0.2625 416 185 460 211
diningtable 0.1036 413 166 462 222
diningtable 0.0569 413 184 463 243
diningtable 0.0538 387 154 466 272
diningtable 0.0535 360 183 392 205
diningtable 0.0489 418 198 455 227
diningtable 0.0445 384 198 411 219
diningtable 0.0340 383 185 414 215
diningtable 0.0284 390 196 474 298
diningtable 0.0215 391 197 425 222
diningtable 0.0144 424 161 465 267
diningtable 0.0112 358 200 399 217
diningtable 0.0105 392 182 428 216
diningtable 0.0091 432 201 465 266
diningtable 0.0072 377 149 453 232
diningtable 0.0031 425 158 452 192
diningtable 0.0028 362 162 389 192
diningtable 0.0018 372 155 426 223
diningtable 0.0017 314 154 474 320
diningtable 0.0017 383 175 437 249
diningtable 0.0013 301 130 421 262
diningtable 0.0012 372 158 406 193
tvmonitor 0.0244 296 0 441 170
tvmonitor 0.0151 3 133 41 207
tvmonitor 0.0016 478 71 501 280
tvmonitor 0.0016 406 110 464 168
tvmonitor 0.0011 304 122 406 197
tvmonitor 0.0010 432 146 462 177
tvmonitor 0.0010 430 162 461 191
tvmonitor 0.0010 265 5 525 329
