person 0.0040 148 6 369 241
person 0.0025 349 99 442 260
person 0.0016 357 94 401 174
person 0.0012 7 1 162 165
bicycle 0.0010 152 19 366 252
car 0.0059 30 0 397 375
boat 0.0018 30 0 397 375
bird 0.0011 0 2 105 149
cat 0.0179 152 19 366 252
cat 0.0060 5 6 168 205
cat 0.0033 30 0 397 375
cat 0.0020 81 54 171 186
cat 0.0014 360 113 499 328
cat 0.0012 0 2 105 149
dog 0.0660 5 6 168 205
dog 0.0231 152 19 366 252
dog 0.0079 85 47 172 189
dog 0.0029 0 2 105 149
dog 0.0024 30 0 397 375
horse 0.0068 30 0 397 375
horse 0.0019 5 6 168 205
horse 0.0010 152 19 366 252
sheep 0.5115 152 19 366 252
sheep 0.4348 353 -7 501 298
sheep 0.1660 7 1 162 165
sheep 0.0449 96 0 148 62
sheep 0.0344 290 -2 433 234
sheep 0.0235 91 -1 183 78
sheep 0.0224 305 0 404 67
sheep 0.0212 303 -6 505 176
sheep 0.0186 389 32 491 178
sheep 0.0175 97 -14 414 311
sheep 0.0116 152 5 333 74
sheep 0.0115 115 -1 220 72
sheep 0.0101 314 -3 482 72
sheep 0.0088 85 47 172 189
sheep 0.0078 303 7 407 115
sheep 0.0071 155 1 410 145
sheep 0.0063 309 81 434 284
sheep 0.0035 352 110 437 264
sheep 0.0031 323 50 405 168
sheep 0.0029 204 -12 516 305
sheep 0.0027 338 71 415 236
sheep 0.0025 30 -1 159 85
sheep 0.0023 390 3 496 72
sheep 0.0018 330 9 481 128
sheep 0.0015 159 30 191 58
sheep 0.0014 0 1 111 88
sheep 0.0013 144 18 221 180
sheep 0.0013 76 2 172 119
sheep 0.0012 341 56 401 75
sheep 0.0012 116 1 162 78
sheep 0.0012 156 40 266 165
sheep 0.0011 477 11 499 186
sheep 0.0011 -1 5 72 146
sheep 0.0010 146 28 193 96
sheep 0.0010 149 19 296 102
sheep 0.0010 338 55 401 101
sheep 0.0010 396 96 489 189
sheep 0.0010 485 260 500 317
cow 0.0130 152 19 366 252
cow 0.0052 30 0 397 375
cow 0.0037 5 6 168 205
cow 0.0028 0 2 105 149
chair 0.0036 30 0 397 375
sofa 0.0027 30 0 397 375
