person 0.0012 3 175 42 374
bicycle 0.0064 324 154 486 235
car 0.0200 11 -5 489 306
car 0.0021 3 175 42 374
car 0.0013 38 206 173 255
car 0.0011 123 212 165 232
car 0.0010 115 215 183 259
aeroplane 0.0048 49 25 529 354
bus 0.0948 20 -17 418 319
bus 0.0011 2 23 495 214
train 0.0938 11 -5 489 306
train 0.0014 282 234 510 275
boat 0.0012 483 175 500 226
boat 0.0012 473 131 499 229
boat 0.0010 285 181 498 354
bird 0.0011 449 164 496 186
bottle 0.1539 435 3 478 79
chair 0.0092 3 175 42 374
chair 0.0019 290 234 501 292
chair 0.0016 285 181 498 354
diningtable 0.0067 275 227 505 375
tvmonitor 0.0174 294 7 499 195
tvmonitor 0.0108 0 163 27 377
tvmonitor 0.0053 71 151 90 199
tvmonitor 0.0032 324 154 486 235
tvmonitor 0.0017 296 109 506 261
tvmonitor 0.0012 -3 174 53 368
tvmonitor 0.0011 81 145 103 184
