person 0.0016 328 299 355 318
car 0.0232 456 278 498 303
car 0.0124 11 149 416 381
car 0.0039 79 168 102 192
car 0.0037 432 278 470 301
car 0.0024 447 271 500 313
car 0.0019 85 168 117 194
car 0.0017 447 264 498 283
car 0.0012 423 264 482 284
car 0.0012 150 81 499 371
aeroplane 0.0093 51 6 523 373
aeroplane 0.0013 11 149 416 381
bus 0.0024 79 168 102 192
bus 0.0011 175 161 475 361
bus 0.0010 85 168 117 194
train 0.0242 175 161 475 361
train 0.0159 51 6 523 373
train 0.0011 11 149 416 381
boat 0.0036 26 140 472 386
bird 0.0019 328 299 355 318
