person 0.0161 0 125 23 164
person 0.0087 241 157 275 185
person 0.0079 183 147 222 180
person 0.0078 260 159 296 187
person 0.0044 206 148 239 179
person 0.0042 225 147 255 182
person 0.0036 262 151 298 177
person 0.0034 277 160 322 187
person 0.0023 168 147 205 177
person 0.0017 128 143 145 178
person 0.0017 298 160 329 188
person 0.0013 0 127 31 201
person 0.0013 256 93 274 132
person 0.0012 455 171 491 191
person 0.0010 0 103 29 178
car 0.6083 0 131 31 226
car 0.4026 84 143 493 293
car 0.1631 -19 84 450 308
car 0.0531 0 135 24 177
car 0.0285 24 140 150 230
car 0.0229 0 151 26 198
car 0.0161 18 105 154 200
car 0.0118 432 177 499 296
car 0.0095 0 126 55 235
car 0.0061 15 104 181 262
car 0.0059 473 224 500 321
car 0.0057 477 249 500 296
car 0.0050 443 183 496 245
car 0.0042 1 144 92 210
car 0.0030 0 197 28 233
car 0.0024 26 155 65 186
car 0.0023 130 135 435 179
car 0.0020 385 220 492 304
car 0.0018 446 232 496 306
car 0.0017 0 176 30 217
car 0.0016 1 170 41 250
car 0.0013 11 153 43 197
car 0.0012 0 103 29 178
car 0.0012 10 136 32 183
car 0.0010 16 151 66 201
car 0.0010 241 91 494 217
bus 0.0028 4 106 129 203
bus 0.0023 0 127 31 201
boat 0.0016 2 2 98 66
boat 0.0012 139 0 196 21
boat 0.0011 161 1 203 19
dog 0.0017 241 157 275 185
dog 0.0017 260 159 296 187
pottedplant 0.0123 209 111 239 134
