person 0.0157 401 300 423 333
person 0.0125 167 148 203 177
person 0.0026 145 147 181 174
person 0.0023 161 159 202 182
person 0.0022 180 149 215 179
person 0.0017 394 299 479 371
car 0.9871 95 140 387 277
car 0.9512 106 113 152 134
car 0.2821 475 102 500 127
car 0.0683 356 103 396 126
car 0.0464 446 103 498 129
car 0.0374 398 97 435 117
car 0.0291 434 101 461 134
car 0.0288 415 99 455 132
car 0.0270 404 98 458 116
car 0.0221 339 102 370 127
car 0.0204 375 101 406 127
car 0.0119 150 112 176 134
car 0.0107 94 113 130 132
car 0.0088 323 90 482 139
car 0.0087 54 111 511 340
car 0.0063 326 94 354 132
car 0.0050 397 98 500 135
car 0.0042 281 101 315 130
car 0.0040 61 113 109 129
car 0.0040 428 96 466 119
car 0.0037 300 100 333 128
car 0.0022 236 87 497 221
car 0.0022 257 92 415 140
car 0.0021 445 97 503 119
car 0.0021 346 96 405 136
car 0.0020 269 103 290 134
car 0.0019 381 95 451 136
car 0.0016 47 109 94 129
car 0.0015 173 102 195 135
car 0.0010 472 93 501 151
bus 0.0030 475 102 500 127
bus 0.0011 173 102 195 135
train 0.0020 236 87 497 221
bird 0.0026 401 300 423 333
pottedplant 0.0017 394 299 479 371
