person 0.8182 115 31 255 206
person 0.7053 171 60 484 337
person 0.2159 330 62 479 161
person 0.0561 185 46 251 114
person 0.0414 330 67 379 128
person 0.0241 348 49 503 234
person 0.0216 114 85 387 301
person 0.0154 335 60 470 111
person 0.0128 159 75 252 206
person 0.0077 305 57 402 134
person 0.0039 371 66 480 131
person 0.0039 308 69 367 126
person 0.0038 342 60 380 89
person 0.0029 372 79 485 192
person 0.0023 304 109 499 336
person 0.0023 209 37 260 92
person 0.0018 189 63 295 137
person 0.0016 90 66 276 286
person 0.0013 206 41 241 81
person 0.0013 228 72 330 131
person 0.0013 250 59 481 221
person 0.0011 382 78 445 121
person 0.0011 252 76 299 96
person 0.0010 229 70 253 94
person 0.0010 464 132 501 251
person 0.0010 236 70 276 90
person 0.0010 411 77 445 113
dog 0.0016 171 60 484 337
bottle 0.0017 229 70 253 94
bottle 0.0012 228 77 254 114
chair 0.0776 306 83 340 120
chair 0.0702 308 69 367 126
chair 0.0680 306 74 343 102
chair 0.0481 330 67 379 128
chair 0.0448 332 58 487 191
chair 0.0267 159 75 252 206
chair 0.0145 464 128 501 224
chair 0.0132 335 60 470 111
chair 0.0098 226 87 490 345
chair 0.0060 185 46 251 114
chair 0.0058 305 57 402 134
chair 0.0038 184 78 218 113
chair 0.0037 188 130 251 181
chair 0.0033 423 71 474 118
chair 0.0031 178 77 201 114
chair 0.0028 185 122 217 235
chair 0.0025 307 97 334 128
chair 0.0024 371 66 480 131
chair 0.0023 280 216 379 320
chair 0.0023 316 99 347 130
chair 0.0023 236 70 276 90
chair 0.0022 383 76 444 96
chair 0.0021 342 60 380 89
chair 0.0021 385 87 494 207
chair 0.0017 398 73 457 103
chair 0.0017 263 169 392 295
chair 0.0016 434 119 503 227
chair 0.0016 395 127 439 186
chair 0.0016 477 77 500 125
chair 0.0015 429 138 473 206
chair 0.0015 411 77 445 113
chair 0.0014 111 39 260 230
chair 0.0014 195 71 247 94
chair 0.0014 252 76 299 96
chair 0.0013 229 70 253 94
chair 0.0013 139 134 282 229
chair 0.0013 161 165 198 232
chair 0.0013 189 63 295 137
chair 0.0012 189 144 216 178
chair 0.0012 221 75 340 130
chair 0.0012 444 70 499 127
chair 0.0011 195 86 241 110
chair 0.0010 177 156 312 223
sofa 0.1246 86 76 497 354
sofa 0.0523 332 58 487 191
sofa 0.0086 308 59 500 321
sofa 0.0068 334 58 460 118
sofa 0.0056 464 128 501 224
sofa 0.0055 308 69 367 126
sofa 0.0046 306 74 343 102
sofa 0.0039 196 171 450 353
sofa 0.0029 371 66 480 131
sofa 0.0027 306 83 340 120
sofa 0.0024 305 57 402 134
sofa 0.0021 385 87 494 207
sofa 0.0018 172 83 262 194
sofa 0.0016 442 110 501 253
sofa 0.0015 330 67 379 128
sofa 0.0013 188 130 251 181
sofa 0.0013 117 66 373 231
diningtable 0.0070 54 151 441 370
diningtable 0.0035 129 190 359 356
diningtable 0.0019 162 69 493 358
diningtable 0.0016 464 128 501 224
