person 0.0112 318 66 360 94
person 0.0055 1 4 21 42
person 0.0046 333 64 370 91
person 0.0044 298 67 333 93
person 0.0033 452 57 499 139
person 0.0027 417 29 447 49
person 0.0024 280 83 316 115
person 0.0021 311 69 364 117
person 0.0018 235 74 258 111
person 0.0018 433 31 500 58
person 0.0015 292 81 336 114
person 0.0012 412 32 501 133
person 0.0010 238 58 443 127
person 0.0010 281 70 319 94
car 0.9978 144 34 290 95
car 0.9903 52 36 159 82
car 0.7377 90 47 506 303
car 0.5172 440 34 499 90
car 0.3120 419 28 484 49
car 0.1902 417 29 447 49
car 0.1425 427 34 501 124
car 0.0723 433 31 500 58
car 0.0156 237 51 472 126
car 0.0139 452 57 499 139
car 0.0120 372 30 421 45
car 0.0070 335 30 380 44
car 0.0061 210 35 271 55
car 0.0052 348 32 403 46
car 0.0046 389 28 438 45
car 0.0037 468 85 501 115
car 0.0037 166 31 207 51
car 0.0034 126 105 398 300
car 0.0032 424 21 476 41
car 0.0031 56 43 83 78
car 0.0029 414 20 500 68
car 0.0025 468 68 500 166
car 0.0022 441 35 499 193
car 0.0021 467 32 502 58
car 0.0021 1 4 21 42
car 0.0020 455 57 493 100
car 0.0019 0 27 24 47
car 0.0018 469 59 501 93
car 0.0018 171 33 231 55
car 0.0016 469 40 501 82
car 0.0015 248 31 308 47
car 0.0014 306 63 365 110
car 0.0014 67 35 107 50
car 0.0012 257 4 302 36
car 0.0011 282 18 507 168
car 0.0011 318 66 360 94
car 0.0010 460 15 490 38
car 0.0010 463 41 502 116
car 0.0010 393 22 502 231
motorbike 0.0065 108 66 486 323
motorbike 0.0013 417 29 447 49
bus 0.0017 283 5 314 36
pottedplant 0.0026 325 0 388 44
pottedplant 0.0014 360 7 387 42
