person 0.0061 73 259 92 296
person 0.0018 1 290 17 335
person 0.0014 12 298 33 338
person 0.0013 0 194 17 328
person 0.0011 51 257 68 300
bicycle 0.0015 12 298 33 338
car 0.0017 252 249 284 268
train 0.9790 110 204 243 306
train 0.0168 189 213 239 279
train 0.0018 106 193 236 263
train 0.0010 92 247 113 277
train 0.0010 169 219 229 286
horse 0.0073 73 259 92 296
sheep 0.0011 73 259 92 296
cow 0.0193 73 259 92 296
cow 0.0013 12 298 33 338
chair 0.0045 12 298 33 338
chair 0.0044 1 290 17 335
chair 0.0016 26 279 56 315
chair 0.0014 73 259 92 296
chair 0.0010 301 250 324 283
chair 0.0010 8 273 31 326
pottedplant 0.0076 20 233 59 314
pottedplant 0.0012 8 229 38 326
pottedplant 0.0010 12 298 33 338
pottedplant 0.0010 73 259 92 296
