person 0.0177 291 349 316 376
bicycle 0.0010 26 240 317 370
motorbike 0.0106 3 241 184 368
motorbike 0.0013 26 240 317 370
train 0.0059 359 195 473 248
train 0.0011 368 172 494 228
chair 0.0011 236 286 317 374
pottedplant 0.6203 175 239 319 373
pottedplant 0.3988 3 241 184 368
pottedplant 0.0926 -5 282 142 374
pottedplant 0.0678 26 240 317 370
pottedplant 0.0349 0 149 62 385
pottedplant 0.0198 -5 166 128 370
pottedplant 0.0147 193 185 368 357
pottedplant 0.0117 241 204 357 304
pottedplant 0.0104 236 286 317 374
pottedplant 0.0101 165 294 272 377
pottedplant 0.0101 48 285 191 372
pottedplant 0.0090 0 291 49 373
pottedplant 0.0086 268 194 373 275
pottedplant 0.0065 1 227 87 361
pottedplant 0.0050 -1 289 24 374
pottedplant 0.0041 0 188 28 363
pottedplant 0.0036 211 134 297 238
pottedplant 0.0036 73 242 170 350
pottedplant 0.0024 20 290 76 369
pottedplant 0.0022 187 128 321 333
pottedplant 0.0020 95 303 253 375
pottedplant 0.0016 11 337 42 372
pottedplant 0.0014 128 306 186 369
pottedplant 0.0014 214 336 251 374
pottedplant 0.0014 1 224 50 321
pottedplant 0.0013 53 334 83 372
pottedplant 0.0013 20 187 230 356
pottedplant 0.0013 1 171 41 302
pottedplant 0.0013 271 203 322 268
pottedplant 0.0012 57 323 108 376
pottedplant 0.0012 0 331 17 373
pottedplant 0.0011 278 297 321 371
pottedplant 0.0011 41 318 94 374
pottedplant 0.0011 195 167 314 281
pottedplant 0.0010 2 299 94 388
