person 0.0381 5 61 333 512
person 0.0063 37 321 214 493
person 0.0034 -4 94 171 479
person 0.0013 236 383 333 498
car 0.0030 -1 30 341 470
motorbike 0.0029 5 61 333 512
motorbike 0.0021 37 321 214 493
bird 0.0090 37 321 214 493
bird 0.0011 123 442 180 492
cat 0.0591 3 -3 334 426
cat 0.0017 52 134 337 512
dog 0.3879 -1 30 341 470
dog 0.0113 37 321 214 493
dog 0.0030 62 404 177 491
horse 0.0043 -1 30 341 470
horse 0.0020 37 321 214 493
horse 0.0010 61 402 179 493
sheep 0.1645 37 321 214 493
sheep 0.0324 62 404 177 491
sheep 0.0078 -1 120 342 525
sheep 0.0023 50 326 205 398
sheep 0.0021 123 442 180 492
sheep 0.0011 8 12 333 353
cow 0.0069 -1 30 341 470
cow 0.0045 37 321 214 493
bottle 0.0021 50 326 205 398
chair 0.0129 -1 120 342 525
chair 0.0015 8 12 333 353
sofa 0.0300 -1 30 341 470
pottedplant 0.0020 0 -3 107 98
