person 0.9053 316 112 331 154
person 0.0325 316 120 342 155
person 0.0097 123 261 141 300
person 0.0040 335 133 374 157
person 0.0029 318 109 338 143
person 0.0018 286 150 355 165
person 0.0017 371 182 405 222
person 0.0016 308 113 363 162
person 0.0016 45 8 451 366
person 0.0014 265 150 402 166
car 0.0012 124 38 160 56
bus 0.0010 202 56 234 77
train 0.0013 65 249 376 307
boat 0.6100 5 40 209 79
boat 0.5063 64 246 368 309
boat 0.3771 265 150 402 166
boat 0.1633 325 18 391 152
boat 0.0449 399 68 504 84
boat 0.0277 15 53 76 71
boat 0.0228 289 46 383 159
boat 0.0129 202 56 234 77
boat 0.0125 453 57 496 77
boat 0.0105 85 267 323 307
boat 0.0094 62 159 365 307
boat 0.0084 77 48 242 80
boat 0.0082 286 150 355 165
boat 0.0082 316 29 500 100
boat 0.0078 6 53 51 71
boat 0.0077 115 51 174 71
boat 0.0075 383 44 491 84
boat 0.0073 450 65 496 83
boat 0.0066 252 -4 407 167
boat 0.0064 143 262 415 313
boat 0.0060 -8 260 297 314
boat 0.0048 277 119 388 165
boat 0.0043 18 279 121 315
boat 0.0040 12 277 124 298
boat 0.0036 257 269 394 312
boat 0.0035 127 53 196 75
boat 0.0031 34 102 455 352
boat 0.0030 45 16 234 81
boat 0.0030 1 45 23 74
boat 0.0029 407 56 495 78
boat 0.0029 127 208 445 325
boat 0.0027 64 55 107 72
boat 0.0022 124 38 160 56
boat 0.0022 318 147 383 161
boat 0.0021 145 31 186 51
boat 0.0019 -3 49 218 98
boat 0.0016 372 58 497 92
boat 0.0016 390 69 439 82
boat 0.0014 10 26 41 53
boat 0.0013 470 52 499 81
boat 0.0013 316 56 353 79
boat 0.0012 -7 -14 220 91
boat 0.0012 69 33 110 53
boat 0.0012 -2 207 417 383
boat 0.0011 66 52 139 72
boat 0.0011 179 66 218 81
boat 0.0011 70 279 409 338
bird 0.7259 371 182 405 222
bird 0.0140 438 243 454 306
dog 0.0032 316 112 331 154
bottle 0.0057 123 261 141 300
chair 0.0020 83 259 123 287
