person 0.8484 13 108 97 278
person 0.7174 -1 129 338 370
person 0.2271 295 38 496 386
person 0.1682 477 42 500 158
person 0.0588 85 70 491 372
person 0.0326 466 22 500 49
person 0.0241 450 8 500 372
person 0.0184 447 36 498 134
person 0.0149 476 34 499 280
person 0.0100 291 240 370 368
person 0.0090 470 2 500 130
person 0.0076 1 125 110 376
person 0.0049 206 227 232 257
person 0.0042 474 119 499 352
person 0.0038 1 111 196 345
person 0.0033 382 153 499 368
person 0.0032 389 9 497 124
person 0.0027 -1 90 17 269
person 0.0026 449 74 496 155
person 0.0026 72 125 106 229
person 0.0025 -1 97 67 346
person 0.0021 475 262 499 358
person 0.0019 375 21 495 201
person 0.0019 281 221 317 286
person 0.0018 249 64 413 376
person 0.0017 40 133 87 223
person 0.0017 375 4 494 73
person 0.0016 465 11 501 70
person 0.0015 486 107 500 171
person 0.0013 272 299 388 367
person 0.0013 483 135 500 178
person 0.0013 483 64 499 140
person 0.0011 456 82 499 272
person 0.0010 205 226 281 271
person 0.0010 195 252 310 371
person 0.0010 213 220 440 373
car 0.0106 33 12 468 376
dog 0.0011 85 70 491 372
horse 0.0011 17 88 398 375
horse 0.0011 383 0 485 84
bottle 0.0024 191 209 318 261
bottle 0.0017 29 68 61 91
bottle 0.0011 14 68 46 92
chair 0.0226 478 57 500 171
chair 0.0151 0 246 338 373
chair 0.0100 10 162 41 302
chair 0.0063 476 34 499 280
chair 0.0056 186 47 340 243
chair 0.0051 447 36 498 134
chair 0.0048 191 209 318 261
chair 0.0042 20 233 103 280
chair 0.0038 205 221 307 278
chair 0.0033 12 127 100 295
chair 0.0031 0 150 24 320
chair 0.0027 9 221 101 311
chair 0.0026 195 252 310 371
chair 0.0024 17 88 398 375
chair 0.0021 -2 244 112 367
chair 0.0019 449 74 496 155
chair 0.0017 24 257 46 287
chair 0.0015 228 353 291 375
chair 0.0014 483 135 500 178
chair 0.0014 81 191 103 234
chair 0.0014 484 83 499 154
chair 0.0014 48 264 82 287
chair 0.0011 457 117 487 151
chair 0.0011 486 107 500 171
chair 0.0010 12 152 51 245
sofa 0.0469 90 4 490 392
sofa 0.0415 0 246 338 373
sofa 0.0069 10 150 336 357
sofa 0.0061 195 252 310 371
sofa 0.0056 193 41 359 248
sofa 0.0054 189 219 311 292
sofa 0.0043 55 209 521 381
sofa 0.0034 191 209 318 261
sofa 0.0030 169 235 391 373
sofa 0.0030 478 57 500 171
sofa 0.0027 476 34 499 280
sofa 0.0026 -2 244 112 367
sofa 0.0022 272 299 388 367
sofa 0.0015 221 302 337 370
pottedplant 0.0038 14 68 46 92
pottedplant 0.0015 383 0 485 84
tvmonitor 0.0052 193 41 359 248
tvmonitor 0.0016 251 5 381 72
