person 0.0368 196 188 217 212
person 0.0205 189 198 224 228
person 0.0140 207 212 233 259
person 0.0091 74 179 97 219
person 0.0085 251 182 275 213
person 0.0069 199 205 232 234
person 0.0064 1 173 18 224
person 0.0053 20 173 41 223
person 0.0043 93 184 121 214
person 0.0041 198 184 232 215
person 0.0029 480 133 499 187
person 0.0028 272 187 289 237
person 0.0026 35 190 54 227
person 0.0025 170 186 196 212
person 0.0023 151 199 178 222
person 0.0015 56 191 77 227
person 0.0014 223 216 252 247
person 0.0013 297 193 313 233
person 0.0013 7 166 45 228
person 0.0013 218 141 254 169
person 0.0012 55 174 78 216
person 0.0012 197 193 241 245
person 0.0011 478 186 500 290
person 0.0011 477 71 500 209
bicycle 0.0223 207 212 233 259
bicycle 0.0013 272 187 289 237
bicycle 0.0010 348 210 364 261
car 0.8896 139 212 181 283
car 0.8455 170 213 224 265
car 0.4509 151 199 178 222
car 0.3530 207 212 233 259
car 0.0732 307 195 328 229
car 0.0731 148 197 175 213
car 0.0576 480 193 500 231
car 0.0570 189 198 224 228
car 0.0366 297 193 313 233
car 0.0345 199 205 232 234
car 0.0300 165 204 201 227
car 0.0277 272 187 289 237
car 0.0189 479 130 500 221
car 0.0173 307 183 332 222
car 0.0144 140 214 162 251
car 0.0125 321 196 337 228
car 0.0123 150 211 176 254
car 0.0080 170 186 196 212
car 0.0071 293 181 314 224
car 0.0069 0 275 30 347
car 0.0069 223 216 252 247
car 0.0068 142 204 217 275
car 0.0054 165 212 208 251
car 0.0041 477 155 500 278
car 0.0040 236 217 275 241
car 0.0032 454 118 498 231
car 0.0029 325 173 341 227
car 0.0028 4 132 160 333
car 0.0027 183 192 232 243
car 0.0026 211 209 264 256
car 0.0023 181 225 212 268
car 0.0019 168 188 256 267
car 0.0016 196 188 217 212
car 0.0016 103 205 187 303
car 0.0014 405 128 496 227
car 0.0014 141 208 162 232
car 0.0014 0 237 21 356
car 0.0012 142 197 183 245
car 0.0011 381 206 399 269
car 0.0010 480 124 499 163
motorbike 0.0061 207 212 233 259
motorbike 0.0013 148 197 175 213
motorbike 0.0011 0 275 30 347
bus 0.9777 -1 133 145 336
bus 0.9471 185 136 286 242
bus 0.0347 307 183 332 222
bus 0.0165 293 181 314 224
bus 0.0111 172 143 222 204
bus 0.0110 267 140 291 221
bus 0.0100 307 195 328 229
bus 0.0094 269 177 287 226
bus 0.0094 297 193 313 233
bus 0.0074 286 139 314 222
bus 0.0068 270 147 288 197
bus 0.0067 325 173 341 227
bus 0.0049 479 130 500 221
bus 0.0047 295 153 312 202
bus 0.0039 148 197 175 213
bus 0.0036 173 157 197 204
bus 0.0033 151 199 178 222
bus 0.0030 170 186 196 212
bus 0.0024 295 139 329 223
bus 0.0022 159 140 259 214
bus 0.0021 185 149 209 198
bus 0.0015 197 193 241 245
bus 0.0014 306 167 332 199
bus 0.0014 481 181 500 219
bus 0.0012 168 188 256 267
bus 0.0011 194 118 288 323
bus 0.0010 196 188 217 212
train 0.0151 479 130 500 221
train 0.0040 477 71 500 209
train 0.0021 479 -5 500 167
train 0.0011 307 183 332 222
train 0.0011 480 124 499 163
horse 0.0011 207 212 233 259
chair 0.0011 381 206 399 269
chair 0.0011 481 181 500 219
pottedplant 0.0168 381 206 399 269
pottedplant 0.0031 381 199 400 242
