person 0.8332 33 46 305 457
person 0.0205 274 184 297 260
person 0.0072 94 148 255 434
person 0.0033 47 203 340 507
person 0.0010 180 54 316 437
car 0.0013 292 256 332 272
aeroplane 0.0021 32 38 305 410
boat 0.0039 32 38 305 410
horse 0.0010 78 46 314 456
chair 0.0952 -1 323 18 432
chair 0.0257 26 215 315 498
chair 0.0114 -2 321 32 462
chair 0.0049 -2 323 12 384
chair 0.0036 36 379 314 498
chair 0.0027 -4 325 89 426
chair 0.0024 -1 366 16 426
chair 0.0019 78 46 314 456
chair 0.0019 292 414 333 489
chair 0.0013 -3 340 54 475
chair 0.0011 26 66 147 432
sofa 0.0063 26 215 315 498
diningtable 0.0021 20 318 328 501
