person 0.0049 185 136 214 218
person 0.0047 408 206 431 236
person 0.0036 202 35 274 238
person 0.0030 416 205 448 236
person 0.0025 187 170 207 217
aeroplane 0.0036 189 31 313 244
aeroplane 0.0010 71 5 424 253
boat 0.4720 340 188 362 236
boat 0.2578 259 91 337 235
boat 0.2243 0 209 30 232
boat 0.1744 189 31 313 244
boat 0.1108 250 220 297 242
boat 0.0892 55 196 85 231
boat 0.0763 89 220 119 235
boat 0.0761 89 202 117 234
boat 0.0739 416 205 448 236
boat 0.0652 336 221 369 238
boat 0.0579 408 206 431 236
boat 0.0480 68 199 104 232
boat 0.0350 435 199 459 236
boat 0.0339 61 183 114 236
boat 0.0314 30 220 106 235
boat 0.0294 58 178 81 224
boat 0.0258 331 192 356 236
boat 0.0216 45 183 91 235
boat 0.0178 339 161 367 236
boat 0.0145 249 187 301 242
boat 0.0122 310 223 367 241
boat 0.0110 406 188 458 238
boat 0.0089 179 228 228 245
boat 0.0087 319 184 362 239
boat 0.0083 0 217 41 237
boat 0.0081 0 174 18 220
boat 0.0080 208 92 295 233
boat 0.0074 71 180 98 220
boat 0.0067 366 220 420 237
boat 0.0065 356 199 389 234
boat 0.0064 341 220 403 237
boat 0.0062 0 154 26 237
boat 0.0054 11 170 103 241
boat 0.0053 86 221 156 238
boat 0.0052 31 202 68 232
boat 0.0050 348 212 462 259
boat 0.0050 429 218 463 237
boat 0.0049 424 184 471 239
boat 0.0046 257 204 297 235
boat 0.0046 343 183 396 238
boat 0.0044 39 166 145 240
boat 0.0043 71 5 424 253
boat 0.0043 0 184 47 238
boat 0.0039 179 152 304 241
boat 0.0039 191 193 213 234
boat 0.0038 107 223 180 239
boat 0.0037 350 177 456 241
boat 0.0034 127 225 198 241
boat 0.0033 107 175 245 239
boat 0.0031 316 173 412 239
boat 0.0028 375 203 412 235
boat 0.0024 298 90 369 252
boat 0.0022 179 218 304 244
boat 0.0019 187 170 207 217
boat 0.0019 239 137 313 249
boat 0.0017 22 184 75 236
boat 0.0017 396 165 487 244
boat 0.0017 186 156 217 234
boat 0.0016 373 236 412 257
boat 0.0016 49 70 303 244
boat 0.0016 154 225 212 242
boat 0.0016 2 215 114 265
boat 0.0015 89 214 275 250
boat 0.0015 362 186 422 238
boat 0.0014 54 222 291 260
boat 0.0014 186 116 264 231
boat 0.0013 390 206 488 270
boat 0.0013 78 163 121 233
boat 0.0013 11 180 40 216
boat 0.0012 68 173 195 237
boat 0.0011 315 108 356 241
boat 0.0010 -1 191 32 274
boat 0.0010 104 202 139 233
boat 0.0010 421 203 478 258
boat 0.0010 32 180 65 217
boat 0.0010 305 211 426 261
boat 0.0010 391 189 439 238
