person 0.0166 11 244 134 367
person 0.0011 5 257 40 368
person 0.0011 137 238 412 377
car 0.0013 450 352 501 375
cat 0.0016 11 244 134 367
dog 0.0170 11 244 134 367
bottle 0.0250 422 290 448 326
bottle 0.0132 418 275 442 315
bottle 0.0076 407 293 432 322
bottle 0.0068 460 206 486 235
bottle 0.0050 430 299 459 328
bottle 0.0047 479 206 498 238
bottle 0.0037 406 279 432 310
bottle 0.0013 435 278 456 316
bottle 0.0010 448 221 496 245
chair 0.4823 16 243 130 370
chair 0.0901 137 238 412 377
chair 0.0123 5 257 40 368
chair 0.0101 5 243 260 374
chair 0.0061 76 253 197 370
chair 0.0050 279 329 395 373
chair 0.0045 140 237 348 305
chair 0.0032 113 302 230 372
chair 0.0023 277 247 386 361
chair 0.0020 396 293 497 373
chair 0.0018 124 250 237 360
chair 0.0017 358 194 468 251
chair 0.0012 108 266 138 288
chair 0.0011 317 259 411 342
chair 0.0010 143 247 306 335
chair 0.0010 450 352 501 375
chair 0.0010 274 233 387 304
sofa 0.6288 130 243 384 374
sofa 0.0823 21 246 141 367
sofa 0.0271 5 243 260 374
sofa 0.0113 122 308 387 375
sofa 0.0075 279 329 395 373
sofa 0.0060 0 215 420 392
sofa 0.0059 140 237 348 305
sofa 0.0051 139 249 288 341
sofa 0.0042 355 186 505 351
sofa 0.0023 356 227 456 307
sofa 0.0020 76 253 197 370
sofa 0.0014 382 302 494 374
sofa 0.0014 113 302 230 372
sofa 0.0012 317 259 411 342
sofa 0.0012 358 194 468 251
sofa 0.0011 32 196 322 350
sofa 0.0011 268 253 403 369
sofa 0.0010 376 268 496 352
diningtable 0.0012 347 262 463 326
diningtable 0.0011 122 308 387 375
tvmonitor 0.0037 371 250 443 296
tvmonitor 0.0023 356 227 456 307
