person 0.0040 23 264 153 361
person 0.0014 324 140 341 177
person 0.0013 125 145 162 168
cat 0.0061 18 172 71 224
bottle 0.0323 324 140 341 177
bottle 0.0045 296 149 331 179
bottle 0.0039 339 142 371 175
bottle 0.0021 240 181 270 210
bottle 0.0016 160 137 177 174
bottle 0.0011 270 144 292 176
chair 0.4277 44 134 124 235
chair 0.0599 99 148 185 282
chair 0.0542 18 242 173 372
chair 0.0379 51 160 140 277
chair 0.0254 125 145 162 168
chair 0.0199 14 128 48 197
chair 0.0198 29 217 102 265
chair 0.0159 19 170 101 271
chair 0.0151 16 135 69 222
chair 0.0108 155 178 202 253
chair 0.0088 93 231 149 271
chair 0.0084 13 123 174 271
chair 0.0072 160 137 177 174
chair 0.0060 20 229 110 301
chair 0.0052 19 177 73 244
chair 0.0041 94 235 124 271
chair 0.0038 22 248 79 301
chair 0.0036 99 163 149 260
chair 0.0029 50 223 116 273
chair 0.0029 57 167 110 259
chair 0.0027 168 302 342 367
chair 0.0026 92 229 190 294
chair 0.0026 180 179 269 278
chair 0.0025 47 138 115 189
chair 0.0024 19 216 44 250
chair 0.0020 241 197 275 272
chair 0.0019 112 154 148 171
chair 0.0017 141 139 181 205
chair 0.0015 179 179 199 209
chair 0.0013 118 143 174 214
chair 0.0013 142 165 221 266
chair 0.0013 136 153 194 244
chair 0.0013 357 241 381 270
chair 0.0012 163 98 283 284
chair 0.0011 70 129 179 233
sofa 0.3279 18 242 173 372
sofa 0.0733 44 134 124 235
sofa 0.0259 -33 248 380 371
sofa 0.0090 103 145 184 248
sofa 0.0056 18 243 124 305
sofa 0.0046 13 123 174 271
sofa 0.0031 36 224 99 269
sofa 0.0014 85 257 187 354
sofa 0.0012 19 218 114 285
pottedplant 0.0148 160 137 177 174
diningtable 0.0078 -33 248 380 371
diningtable 0.0056 102 151 178 250
diningtable 0.0040 181 294 334 373
diningtable 0.0019 15 256 158 365
diningtable 0.0017 29 217 102 265
diningtable 0.0012 40 220 97 247
tvmonitor 0.0522 14 132 51 218
tvmonitor 0.0058 339 142 371 175
tvmonitor 0.0021 16 129 42 180
tvmonitor 0.0021 296 149 331 179
tvmonitor 0.0018 36 224 99 269
tvmonitor 0.0017 276 130 331 181
tvmonitor 0.0015 324 140 341 177
tvmonitor 0.0013 278 126 323 148
tvmonitor 0.0012 33 170 65 195
tvmonitor 0.0012 18 172 71 224
