person 0.4916 322 -1 476 92
person 0.0149 386 0 487 78
person 0.0147 203 217 242 297
person 0.0055 218 221 248 290
person 0.0031 319 0 399 94
bicycle 0.0012 327 6 461 107
aeroplane 0.0031 337 -2 480 87
boat 0.0021 337 -2 480 87
bird 0.8936 146 51 301 311
bird 0.2923 322 -1 476 92
bird 0.0265 117 47 460 330
bird 0.0153 386 0 487 78
bird 0.0137 319 0 399 94
bird 0.0018 421 7 476 68
bird 0.0012 435 5 500 71
cat 0.0022 322 -1 476 92
dog 0.0031 322 -1 476 92
horse 0.0013 328 -5 465 98
cow 0.0011 322 -1 476 92
chair 0.1628 327 6 461 107
chair 0.0148 336 52 387 108
chair 0.0020 347 19 393 104
diningtable 0.0030 327 6 461 107
