person 0.9697 137 107 293 283
person 0.6930 453 43 499 162
person 0.3975 231 40 259 79
person 0.3744 148 29 182 85
person 0.3197 277 57 306 79
person 0.1967 476 45 500 87
person 0.1805 182 52 206 84
person 0.1686 169 60 204 88
person 0.1652 260 51 303 76
person 0.1164 0 33 18 85
person 0.1102 205 49 225 84
person 0.1081 298 61 339 76
person 0.1051 386 66 495 165
person 0.1049 86 47 136 90
person 0.0694 103 72 143 93
person 0.0640 235 49 279 78
person 0.0539 0 39 22 118
person 0.0526 157 35 202 87
person 0.0493 38 29 62 63
person 0.0486 51 27 71 61
person 0.0383 50 47 82 84
person 0.0383 472 42 500 130
person 0.0375 32 47 67 81
person 0.0327 165 29 183 64
person 0.0326 22 39 78 90
person 0.0255 432 62 458 106
person 0.0253 0 83 23 117
person 0.0251 8 48 42 81
person 0.0241 310 61 357 77
person 0.0217 455 46 483 85
person 0.0174 293 65 343 81
person 0.0171 0 34 50 88
person 0.0167 437 18 454 65
person 0.0153 456 56 482 103
person 0.0149 452 40 497 98
person 0.0145 229 39 294 80
person 0.0123 400 33 497 129
person 0.0122 118 70 166 90
person 0.0116 470 60 498 175
person 0.0113 431 52 476 110
person 0.0112 202 63 227 84
person 0.0105 72 62 102 90
person 0.0085 483 72 501 131
person 0.0085 161 53 210 101
person 0.0079 144 70 183 91
person 0.0075 54 61 88 90
person 0.0071 -2 31 92 94
person 0.0068 259 64 305 83
person 0.0057 211 112 300 205
person 0.0053 404 76 458 116
person 0.0051 0 53 56 108
person 0.0045 360 24 501 177
person 0.0043 15 65 78 90
person 0.0037 435 3 465 76
person 0.0033 434 28 467 102
person 0.0031 106 82 145 106
person 0.0029 234 65 285 83
person 0.0027 3 30 49 57
person 0.0027 436 45 460 82
person 0.0026 5 69 51 91
person 0.0024 140 54 189 106
person 0.0024 481 88 500 148
person 0.0022 454 105 499 168
person 0.0021 468 115 500 241
person 0.0020 47 150 332 296
person 0.0020 329 59 372 76
person 0.0020 114 40 181 87
person 0.0019 421 51 477 146
person 0.0018 122 54 163 81
person 0.0018 163 107 281 181
person 0.0018 375 79 452 120
person 0.0017 172 44 224 87
person 0.0016 470 32 500 58
person 0.0015 0 61 24 178
person 0.0014 148 82 213 125
person 0.0014 374 83 406 116
person 0.0014 16 20 74 73
person 0.0014 38 43 160 95
person 0.0013 228 46 348 86
person 0.0012 180 115 288 234
person 0.0012 158 92 209 117
person 0.0012 264 40 290 61
person 0.0012 472 127 499 164
person 0.0011 358 48 463 116
person 0.0011 225 111 289 162
person 0.0011 465 142 501 166
person 0.0010 59 41 113 90
person 0.0010 255 44 387 93
bicycle 0.6080 122 153 305 299
bicycle 0.1177 0 83 23 117
bicycle 0.0400 0 58 20 107
bicycle 0.0147 15 65 78 90
bicycle 0.0077 54 61 88 90
bicycle 0.0071 5 69 51 91
bicycle 0.0060 0 53 56 108
bicycle 0.0057 72 62 102 90
bicycle 0.0057 0 33 18 85
bicycle 0.0036 223 210 324 297
bicycle 0.0034 -1 64 26 126
bicycle 0.0030 0 30 95 99
bicycle 0.0029 169 60 204 88
bicycle 0.0028 315 67 357 80
bicycle 0.0024 103 72 143 93
bicycle 0.0022 8 48 42 81
bicycle 0.0016 32 47 67 81
bicycle 0.0014 182 52 206 84
bicycle 0.0013 22 39 78 90
bicycle 0.0013 465 142 501 166
bicycle 0.0013 87 61 124 90
bicycle 0.0012 0 81 46 111
bicycle 0.0011 0 34 50 88
bicycle 0.0010 158 92 209 117
bicycle 0.0010 85 231 325 305
bicycle 0.0010 139 89 182 109
car 0.0107 310 61 357 77
car 0.0017 298 61 339 76
car 0.0015 180 60 211 87
car 0.0015 476 45 500 87
car 0.0014 260 51 303 76
car 0.0011 0 21 16 74
motorbike 0.1448 0 83 23 117
motorbike 0.0495 0 39 22 118
motorbike 0.0102 15 65 78 90
motorbike 0.0099 0 53 56 108
motorbike 0.0073 -2 31 92 94
motorbike 0.0064 5 69 51 91
motorbike 0.0061 0 34 50 88
motorbike 0.0060 310 61 357 77
motorbike 0.0051 22 39 78 90
motorbike 0.0041 0 33 18 85
motorbike 0.0038 298 61 339 76
motorbike 0.0031 365 77 463 164
motorbike 0.0030 86 47 136 90
motorbike 0.0022 8 48 42 81
motorbike 0.0020 54 61 88 90
motorbike 0.0020 360 24 501 177
motorbike 0.0019 32 47 67 81
motorbike 0.0014 180 60 211 87
motorbike 0.0012 293 65 343 81
motorbike 0.0011 72 62 102 90
motorbike 0.0010 0 61 24 178
motorbike 0.0010 231 40 259 79
bus 0.0023 439 9 500 66
boat 0.0020 374 77 485 166
boat 0.0014 231 -2 328 13
dog 0.0019 397 86 433 113
dog 0.0019 169 60 204 88
dog 0.0015 460 142 497 168
dog 0.0010 103 72 143 93
horse 0.0017 151 33 178 84
horse 0.0017 169 60 204 88
horse 0.0011 103 72 143 93
bottle 0.0144 190 236 225 267
bottle 0.0135 193 217 219 259
bottle 0.0048 209 220 237 255
bottle 0.0027 0 83 23 117
bottle 0.0024 397 86 433 113
bottle 0.0021 410 84 451 113
chair 0.1243 374 83 406 116
chair 0.0596 139 89 182 109
chair 0.0249 103 72 143 93
chair 0.0205 386 66 495 165
chair 0.0179 454 62 498 169
chair 0.0171 397 86 433 113
chair 0.0111 367 83 417 151
chair 0.0100 106 82 145 106
chair 0.0099 87 61 124 90
chair 0.0074 422 113 482 164
chair 0.0070 15 65 78 90
chair 0.0066 467 102 500 170
chair 0.0055 118 70 166 90
chair 0.0054 54 61 88 90
chair 0.0051 431 79 462 110
chair 0.0051 360 96 465 172
chair 0.0051 375 79 452 120
chair 0.0049 432 62 458 106
chair 0.0048 121 83 169 107
chair 0.0046 8 48 42 81
chair 0.0045 72 62 102 90
chair 0.0042 410 84 451 113
chair 0.0042 5 69 51 91
chair 0.0039 472 127 499 164
chair 0.0034 407 83 460 159
chair 0.0031 439 9 500 66
chair 0.0030 481 88 500 148
chair 0.0029 462 101 492 140
chair 0.0029 458 123 491 160
chair 0.0029 0 83 23 117
chair 0.0028 456 78 482 111
chair 0.0028 180 60 211 87
chair 0.0025 144 70 183 91
chair 0.0024 122 153 305 299
chair 0.0023 315 67 357 80
chair 0.0022 476 45 500 87
chair 0.0022 360 24 501 177
chair 0.0022 50 47 82 84
chair 0.0021 158 92 209 117
chair 0.0015 0 33 18 85
chair 0.0015 0 58 20 107
chair 0.0015 32 47 67 81
chair 0.0013 456 56 482 103
chair 0.0012 99 49 142 85
chair 0.0012 421 51 477 146
chair 0.0012 483 72 501 131
chair 0.0011 361 120 428 166
chair 0.0010 465 142 501 166
chair 0.0010 247 106 304 172
chair 0.0010 384 82 440 158
pottedplant 0.0015 0 83 23 117
diningtable 0.0037 386 66 495 165
diningtable 0.0017 375 79 452 120
diningtable 0.0015 404 76 458 116
diningtable 0.0014 357 105 473 169
diningtable 0.0010 139 89 182 109
diningtable 0.0010 397 86 433 113
tvmonitor 0.0144 410 84 451 113
tvmonitor 0.0022 397 86 433 113
tvmonitor 0.0014 374 83 406 116
