person 0.9323 63 46 206 365
person 0.8986 347 174 369 230
person 0.0138 78 49 199 234
person 0.0027 57 165 152 327
person 0.0020 347 176 369 203
person 0.0019 39 201 111 364
person 0.0015 23 89 148 338
person 0.0010 75 103 169 216
bicycle 0.0025 344 206 366 235
car 0.0013 351 172 373 229
horse 0.8667 47 156 203 492
horse 0.0111 39 201 111 364
horse 0.0038 32 142 128 427
horse 0.0033 58 202 156 358
horse 0.0018 40 101 332 484
horse 0.0017 46 216 79 374
horse 0.0015 55 211 94 347
horse 0.0013 106 212 199 358
