person 0.0330 234 -1 287 13
person 0.0265 284 -1 348 14
person 0.0210 220 -1 260 14
person 0.0109 146 11 496 361
person 0.0075 268 -1 326 12
person 0.0067 0 152 21 319
person 0.0052 194 203 446 372
person 0.0040 453 114 489 280
person 0.0040 441 109 500 361
person 0.0014 1 106 123 347
person 0.0014 454 137 477 186
person 0.0013 26 137 63 220
person 0.0012 452 117 491 201
person 0.0012 0 123 21 237
person 0.0011 470 136 500 255
person 0.0011 478 59 500 225
person 0.0011 209 0 237 16
person 0.0010 401 147 504 370
bicycle 0.0094 441 109 500 361
car 0.0023 21 13 415 371
cat 0.8831 95 68 245 287
cat 0.8531 144 176 429 375
cat 0.1703 70 73 443 371
cat 0.0040 57 89 280 345
cat 0.0021 123 111 439 264
cat 0.0012 0 133 21 305
cat 0.0011 33 181 130 280
cat 0.0011 68 9 283 231
cat 0.0010 12 185 332 364
cat 0.0010 137 0 451 217
dog 0.0277 90 25 469 352
dog 0.0145 144 176 429 375
dog 0.0017 123 111 439 264
dog 0.0016 26 137 63 220
dog 0.0011 0 133 21 305
horse 0.0010 441 109 500 361
sheep 0.0018 -1 96 110 208
sheep 0.0012 0 123 21 237
bottle 0.0017 1 1 53 57
chair 0.1681 73 21 437 360
chair 0.1290 441 109 500 361
chair 0.0174 137 0 451 217
chair 0.0157 444 229 500 368
chair 0.0139 0 173 20 368
chair 0.0128 401 147 504 370
chair 0.0093 451 120 489 313
chair 0.0065 472 221 501 368
chair 0.0059 11 62 285 376
chair 0.0041 388 -2 505 231
chair 0.0039 -23 155 452 376
chair 0.0039 410 256 446 283
chair 0.0034 469 121 501 389
chair 0.0032 452 117 491 201
chair 0.0031 470 136 500 255
chair 0.0031 -1 -34 352 272
chair 0.0026 0 82 118 299
chair 0.0025 86 102 433 271
chair 0.0023 9 16 264 221
chair 0.0022 -1 10 127 214
chair 0.0014 123 5 235 76
chair 0.0013 -1 96 110 208
chair 0.0011 0 238 14 309
chair 0.0010 477 89 500 235
chair 0.0010 316 39 488 335
sofa 0.2197 106 13 462 298
sofa 0.0504 13 68 421 376
sofa 0.0080 -35 223 461 369
sofa 0.0024 0 173 20 368
sofa 0.0020 123 111 439 264
sofa 0.0019 146 10 448 132
sofa 0.0014 442 8 501 367
sofa 0.0013 189 66 525 375
sofa 0.0013 96 61 300 250
sofa 0.0010 1 106 123 347
diningtable 0.0057 -35 223 461 369
diningtable 0.0047 440 128 501 375
diningtable 0.0018 472 221 501 368
tvmonitor 0.0171 1 1 53 57
tvmonitor 0.0057 10 0 116 68
tvmonitor 0.0050 474 -8 500 125
tvmonitor 0.0011 435 7 498 131
