person 0.1215 324 62 412 170
person 0.0280 278 57 395 142
person 0.0104 471 162 500 237
person 0.0085 349 65 442 178
person 0.0077 327 61 382 137
person 0.0046 284 32 454 194
person 0.0046 341 69 403 141
person 0.0035 318 66 359 137
person 0.0030 102 1 140 52
person 0.0016 309 38 407 121
person 0.0014 319 89 351 149
person 0.0014 480 44 500 233
person 0.0012 472 168 499 301
person 0.0012 307 53 366 110
person 0.0011 0 160 21 278
person 0.0011 322 93 384 143
cat 0.0031 471 162 500 237
cat 0.0015 324 62 412 170
dog 0.0023 471 162 500 237
bottle 0.0399 267 166 303 232
bottle 0.0358 271 195 300 228
bottle 0.0334 327 23 347 54
bottle 0.0317 229 173 256 219
bottle 0.0267 368 24 386 60
bottle 0.0220 213 169 260 228
bottle 0.0212 346 21 373 57
bottle 0.0150 233 200 259 228
bottle 0.0130 210 174 236 213
bottle 0.0081 245 178 273 215
bottle 0.0075 323 99 343 137
bottle 0.0050 231 163 254 201
bottle 0.0045 238 143 284 217
bottle 0.0043 279 160 304 197
bottle 0.0039 276 175 306 218
bottle 0.0031 240 194 267 228
bottle 0.0030 258 145 298 217
bottle 0.0029 208 127 238 153
bottle 0.0026 176 128 203 159
bottle 0.0021 300 163 334 199
bottle 0.0019 471 162 500 237
bottle 0.0018 324 62 412 170
bottle 0.0017 298 139 339 208
bottle 0.0014 332 13 383 63
bottle 0.0014 215 159 301 230
bottle 0.0013 297 166 333 238
bottle 0.0011 226 145 263 217
bottle 0.0010 300 178 330 214
bottle 0.0010 240 158 274 204
bottle 0.0010 328 67 356 95
chair 0.7669 -1 49 66 173
chair 0.1009 324 62 412 170
chair 0.0496 323 99 343 137
chair 0.0274 349 65 442 178
chair 0.0219 208 127 238 153
chair 0.0201 143 137 177 152
chair 0.0148 347 82 402 152
chair 0.0143 337 105 373 135
chair 0.0136 322 93 384 143
chair 0.0090 374 98 420 171
chair 0.0073 320 111 418 191
chair 0.0063 327 61 382 137
chair 0.0061 301 107 335 137
chair 0.0054 343 131 397 154
chair 0.0051 385 118 409 159
chair 0.0047 290 0 315 46
chair 0.0046 0 189 55 353
chair 0.0044 0 46 42 72
chair 0.0043 0 108 52 175
chair 0.0043 31 41 70 167
chair 0.0039 297 131 334 152
chair 0.0039 319 89 351 149
chair 0.0038 0 46 48 119
chair 0.0038 278 57 395 142
chair 0.0037 98 173 189 226
chair 0.0034 351 103 393 138
chair 0.0033 318 66 359 137
chair 0.0032 0 142 19 256
chair 0.0031 320 83 344 125
chair 0.0028 48 41 78 165
chair 0.0024 0 152 15 204
chair 0.0024 336 63 362 98
chair 0.0023 0 54 24 182
chair 0.0023 264 124 377 194
chair 0.0022 346 21 373 57
chair 0.0022 480 44 500 233
chair 0.0022 383 103 409 143
chair 0.0021 172 110 202 139
chair 0.0021 327 23 347 54
chair 0.0021 131 57 230 146
chair 0.0021 0 176 16 224
chair 0.0019 292 89 339 148
chair 0.0018 -1 106 19 207
chair 0.0018 332 13 383 63
chair 0.0018 284 32 454 194
chair 0.0016 189 105 220 137
chair 0.0016 362 67 399 88
chair 0.0016 3 193 85 284
chair 0.0016 281 110 308 139
chair 0.0015 0 195 15 246
chair 0.0013 357 209 452 266
chair 0.0013 46 226 86 248
chair 0.0013 299 78 329 120
chair 0.0012 469 172 499 256
chair 0.0012 0 175 43 268
chair 0.0010 176 128 203 159
sofa 0.0045 189 39 445 198
pottedplant 0.1910 156 32 348 211
pottedplant 0.0460 346 12 373 49
pottedplant 0.0457 368 24 386 60
pottedplant 0.0265 332 13 383 63
pottedplant 0.0100 229 92 336 201
pottedplant 0.0063 219 137 303 226
pottedplant 0.0043 362 8 386 53
pottedplant 0.0037 350 3 388 60
pottedplant 0.0031 187 58 325 176
pottedplant 0.0031 176 88 226 153
pottedplant 0.0031 152 68 255 165
pottedplant 0.0028 67 14 441 229
pottedplant 0.0024 326 12 348 52
pottedplant 0.0016 107 107 402 263
pottedplant 0.0015 238 143 284 217
pottedplant 0.0015 324 62 412 170
pottedplant 0.0015 307 -1 394 61
pottedplant 0.0013 278 57 395 142
diningtable 0.7799 43 125 527 341
diningtable 0.0930 0 34 68 182
diningtable 0.0176 22 167 253 364
diningtable 0.0111 345 60 451 181
diningtable 0.0065 257 126 469 331
diningtable 0.0049 9 210 493 360
diningtable 0.0049 0 189 55 353
diningtable 0.0041 107 107 402 263
diningtable 0.0035 140 124 228 199
diningtable 0.0025 298 169 501 366
diningtable 0.0021 93 155 328 362
diningtable 0.0018 148 92 251 189
diningtable 0.0016 0 172 112 368
diningtable 0.0016 284 32 454 194
diningtable 0.0013 0 46 48 119
diningtable 0.0012 177 132 204 198
diningtable 0.0011 366 69 415 86
diningtable 0.0010 0 46 42 72
diningtable 0.0010 5 52 362 340
tvmonitor 0.0578 386 5 448 55
tvmonitor 0.0232 66 6 105 35
tvmonitor 0.0031 309 0 406 63
tvmonitor 0.0015 389 29 442 54
tvmonitor 0.0011 -1 4 106 55
