person 0.9970 407 136 493 366
person 0.9755 328 129 418 373
person 0.7684 216 221 293 363
person 0.6667 145 206 224 371
person 0.6222 237 295 293 371
person 0.0522 253 183 295 283
person 0.0234 246 165 308 306
person 0.0091 199 200 235 348
person 0.0082 225 294 269 371
person 0.0061 200 179 228 253
person 0.0054 237 222 289 284
person 0.0054 225 170 333 366
person 0.0052 241 225 265 250
person 0.0039 251 200 300 344
person 0.0039 473 155 499 316
person 0.0033 182 198 224 270
person 0.0032 176 212 266 368
person 0.0026 155 234 218 309
person 0.0026 203 207 224 253
person 0.0026 179 219 223 329
person 0.0025 241 230 272 267
person 0.0025 215 224 270 279
person 0.0024 476 208 495 259
person 0.0022 143 187 226 280
person 0.0021 248 296 275 333
person 0.0019 171 201 200 238
person 0.0018 408 139 490 260
person 0.0015 265 149 397 370
person 0.0013 482 236 500 282
person 0.0013 293 183 358 351
person 0.0013 233 257 313 367
person 0.0012 0 142 17 288
person 0.0012 206 177 227 214
person 0.0012 456 169 494 294
person 0.0010 230 329 254 369
person 0.0010 268 203 291 256
car 0.0012 478 271 499 309
car 0.0010 335 134 442 370
aeroplane 0.0040 -17 -4 441 379
boat 0.0010 50 2 528 372
bottle 0.0013 456 276 493 302
chair 0.0085 480 256 499 296
chair 0.0022 478 271 499 309
chair 0.0011 206 177 227 214
pottedplant 0.0011 480 256 499 296
