person 0.0225 77 220 98 248
person 0.0204 85 149 130 169
person 0.0074 290 195 316 219
person 0.0053 282 182 314 209
person 0.0021 99 146 139 166
person 0.0017 346 212 370 238
person 0.0012 0 185 25 212
bicycle 0.0029 0 185 25 212
car 0.0164 447 183 483 203
car 0.0034 0 185 25 212
car 0.0030 477 127 499 153
car 0.0024 414 184 449 204
car 0.0023 479 178 500 203
car 0.0019 77 220 98 248
car 0.0015 261 187 300 206
car 0.0011 397 183 432 205
motorbike 0.0140 77 220 98 248
motorbike 0.0027 0 185 25 212
aeroplane 0.8216 60 81 504 233
aeroplane 0.0769 0 185 25 212
aeroplane 0.0338 3 181 47 213
aeroplane 0.0165 414 184 449 204
aeroplane 0.0159 17 139 405 239
aeroplane 0.0154 443 154 499 205
aeroplane 0.0115 397 183 432 205
aeroplane 0.0109 90 115 329 153
aeroplane 0.0081 447 183 483 203
aeroplane 0.0076 442 127 499 182
aeroplane 0.0071 35 169 65 187
aeroplane 0.0067 477 127 499 153
aeroplane 0.0064 448 146 485 171
aeroplane 0.0052 195 133 248 150
aeroplane 0.0049 388 163 496 226
aeroplane 0.0043 179 144 223 165
aeroplane 0.0041 220 133 257 151
aeroplane 0.0033 396 128 498 207
aeroplane 0.0028 398 132 471 177
aeroplane 0.0028 454 125 494 154
aeroplane 0.0025 330 138 492 213
aeroplane 0.0024 270 90 481 220
aeroplane 0.0023 411 160 446 189
aeroplane 0.0020 -1 144 102 215
aeroplane 0.0018 442 159 474 191
aeroplane 0.0016 -1 154 57 210
aeroplane 0.0016 171 132 235 148
aeroplane 0.0016 148 130 218 145
aeroplane 0.0015 400 153 465 203
aeroplane 0.0014 281 124 300 160
aeroplane 0.0013 5 199 48 215
aeroplane 0.0012 3 170 57 192
aeroplane 0.0012 477 132 499 173
aeroplane 0.0011 197 143 244 164
aeroplane 0.0011 85 149 130 169
aeroplane 0.0011 382 107 486 171
aeroplane 0.0010 0 158 16 204
bus 0.0231 447 183 483 203
bus 0.0080 479 178 500 203
bus 0.0041 442 159 474 191
bus 0.0018 478 160 499 201
bus 0.0017 414 184 449 204
bus 0.0014 443 154 499 205
