person 0.4452 54 61 331 447
person 0.1638 302 241 369 498
person 0.0960 23 249 106 407
person 0.0239 92 249 152 418
person 0.0124 317 233 372 315
person 0.0122 71 156 211 417
person 0.0118 5 383 41 413
person 0.0097 353 235 374 327
person 0.0090 1 377 18 410
person 0.0088 227 298 379 502
person 0.0072 18 382 64 410
person 0.0053 1 259 32 335
person 0.0050 136 77 318 285
person 0.0047 2 403 38 429
person 0.0026 115 156 388 487
person 0.0021 360 268 374 335
person 0.0019 102 309 146 403
person 0.0018 58 343 111 411
person 0.0018 354 235 374 278
person 0.0015 210 354 316 435
person 0.0014 4 256 29 299
person 0.0014 0 399 25 427
person 0.0014 59 384 114 411
person 0.0011 0 267 23 320
person 0.0011 -1 369 57 421
person 0.0010 22 321 112 414
person 0.0010 70 316 150 409
bird 0.0023 84 223 109 247
cat 0.0053 317 233 372 315
dog 0.0148 210 354 316 435
dog 0.0099 317 233 372 315
dog 0.0013 302 241 369 498
dog 0.0012 18 382 64 410
bottle 0.0043 140 201 166 244
bottle 0.0039 179 470 217 499
bottle 0.0036 127 291 144 342
bottle 0.0030 174 449 219 500
bottle 0.0017 20 407 73 430
bottle 0.0017 142 409 181 428
bottle 0.0014 2 403 38 429
bottle 0.0014 1 258 31 371
bottle 0.0013 129 193 181 244
bottle 0.0013 94 412 135 428
bottle 0.0013 136 131 183 150
bottle 0.0013 132 441 182 492
bottle 0.0010 180 439 208 469
chair 0.0275 317 233 372 315
chair 0.0179 102 309 146 403
chair 0.0153 58 343 111 411
chair 0.0150 -2 348 42 404
chair 0.0101 60 341 77 400
chair 0.0080 59 384 114 411
chair 0.0068 103 81 347 482
chair 0.0060 2 248 37 277
chair 0.0053 1 451 146 501
chair 0.0052 2 322 77 420
chair 0.0050 2 250 35 317
chair 0.0045 302 241 369 498
chair 0.0037 18 382 64 410
chair 0.0031 22 321 112 414
chair 0.0031 150 210 377 439
chair 0.0030 73 173 166 259
chair 0.0027 304 151 333 171
chair 0.0024 36 127 205 393
chair 0.0023 70 316 150 409
chair 0.0019 353 235 374 327
chair 0.0018 4 366 117 423
chair 0.0017 4 256 29 299
chair 0.0017 23 246 105 399
chair 0.0017 97 245 183 407
chair 0.0013 -1 369 57 421
chair 0.0013 77 313 116 399
chair 0.0011 210 354 316 435
chair 0.0011 8 310 30 353
chair 0.0010 118 134 204 223
sofa 0.0946 302 241 369 498
sofa 0.0808 150 210 377 439
sofa 0.0505 37 96 343 460
sofa 0.0237 317 233 372 315
sofa 0.0065 35 178 201 401
sofa 0.0039 357 251 375 342
sofa 0.0030 227 298 379 502
sofa 0.0028 -49 400 349 502
sofa 0.0025 -25 212 402 500
sofa 0.0016 210 354 316 435
sofa 0.0012 93 247 192 351
sofa 0.0010 150 363 366 502
pottedplant 0.0563 0 259 25 331
pottedplant 0.0132 1 258 31 371
pottedplant 0.0121 84 181 139 245
pottedplant 0.0060 2 250 35 317
pottedplant 0.0033 2 255 84 400
pottedplant 0.0032 18 382 64 410
pottedplant 0.0023 1 315 19 355
pottedplant 0.0019 4 256 29 299
pottedplant 0.0015 84 223 109 247
pottedplant 0.0015 1 451 146 501
pottedplant 0.0015 1 293 19 339
pottedplant 0.0011 136 131 183 150
pottedplant 0.0010 5 383 41 413
diningtable 0.1114 -49 400 349 502
diningtable 0.0109 -13 445 221 501
diningtable 0.0051 -11 407 240 484
diningtable 0.0042 86 449 284 501
diningtable 0.0032 -36 296 407 504
diningtable 0.0031 -3 393 123 434
diningtable 0.0026 -6 417 133 494
diningtable 0.0021 -3 404 124 458
diningtable 0.0011 68 412 236 467
diningtable 0.0010 4 416 88 433
tvmonitor 0.0058 0 1 73 126
tvmonitor 0.0029 1 315 19 355
