person 0.0159 302 229 316 286
person 0.0054 300 225 327 332
person 0.0040 122 86 309 419
person 0.0031 21 160 134 357
person 0.0012 306 251 325 297
car 0.0012 28 106 312 454
aeroplane 0.0039 27 78 321 421
bus 0.0023 27 78 321 421
train 0.0272 122 86 309 419
boat 0.0847 122 86 309 419
boat 0.0043 21 160 134 357
boat 0.0023 299 254 329 340
boat 0.0017 293 320 329 346
boat 0.0015 297 306 329 334
boat 0.0013 302 229 316 286
boat 0.0012 99 72 246 369
horse 0.0084 27 78 321 421
sheep 0.0011 28 106 312 454
chair 0.0011 27 78 321 421
pottedplant 0.0018 21 160 134 357
