person 0.9791 157 21 276 248
person 0.0165 223 301 258 330
person 0.0040 1 170 52 229
person 0.0028 2 115 86 233
person 0.0025 157 17 257 156
person 0.0015 203 133 317 226
person 0.0015 0 137 51 217
person 0.0010 0 122 24 227
person 0.0010 9 180 52 212
bicycle 0.9785 134 138 341 290
bicycle 0.0309 259 181 339 279
bicycle 0.0229 2 37 185 295
bicycle 0.0221 176 150 337 245
bicycle 0.0209 146 41 290 275
bicycle 0.0036 261 176 325 218
bicycle 0.0032 133 151 227 271
bicycle 0.0011 222 165 445 329
bicycle 0.0011 147 129 293 229
car 0.0848 61 8 104 23
car 0.0641 93 9 158 24
car 0.0164 16 5 51 24
car 0.0019 106 3 178 18
car 0.0015 0 170 104 243
car 0.0013 38 3 100 20
car 0.0011 2 115 86 233
car 0.0010 2 37 185 295
car 0.0010 1 170 52 229
car 0.0010 150 11 188 29
bus 0.0047 44 7 97 23
bus 0.0019 3 -2 94 204
bus 0.0014 16 5 51 24
train 0.0078 3 -2 94 204
train 0.0014 1 115 88 200
train 0.0012 16 5 51 24
bird 0.0010 223 301 258 330
cat 0.0018 323 191 463 326
dog 0.8302 313 181 467 329
dog 0.0027 338 170 478 231
dog 0.0026 260 288 389 327
dog 0.0021 265 185 362 291
horse 0.0283 313 181 467 329
sheep 0.0115 313 181 467 329
cow 0.0057 315 198 464 330
bottle 0.0171 213 173 237 211
bottle 0.0125 227 196 250 234
bottle 0.0021 212 191 241 227
bottle 0.0020 203 164 235 197
bottle 0.0017 238 199 278 231
bottle 0.0011 222 178 246 220
bottle 0.0010 185 157 217 188
pottedplant 0.0013 2 37 185 295
