person 0.9128 385 192 442 339
person 0.0394 385 212 417 331
person 0.0278 408 194 445 323
person 0.0110 420 196 441 237
person 0.0068 263 185 288 218
person 0.0058 305 199 337 232
person 0.0030 246 230 266 273
person 0.0023 418 194 446 279
person 0.0021 393 197 437 280
person 0.0018 427 209 446 256
person 0.0015 251 120 290 198
person 0.0015 238 198 281 270
person 0.0013 160 156 204 188
person 0.0012 97 199 121 235
person 0.0010 457 198 477 230
bicycle 0.0058 86 259 121 294
bicycle 0.0050 58 245 118 295
bicycle 0.0037 351 195 372 229
bicycle 0.0027 356 177 382 221
bicycle 0.0024 45 226 90 286
bicycle 0.0017 64 249 99 289
bicycle 0.0016 355 193 384 236
bicycle 0.0013 86 243 124 266
bicycle 0.0011 92 215 121 250
bicycle 0.0010 18 226 120 318
bicycle 0.0010 358 216 383 260
car 0.1427 305 199 337 232
car 0.0115 320 197 344 230
car 0.0055 351 195 372 229
car 0.0018 331 176 348 220
car 0.0011 306 183 335 211
bus 0.0012 0 25 23 252
bus 0.0011 305 199 337 232
train 0.0035 393 94 494 300
train 0.0017 81 14 421 367
bird 0.0012 246 230 266 273
dog 0.0011 392 192 440 329
horse 0.0012 263 185 288 218
tvmonitor 0.0053 39 19 384 367
tvmonitor 0.0028 157 149 206 199
tvmonitor 0.0019 118 50 309 339
tvmonitor 0.0013 0 120 17 232
