person 0.7509 50 74 222 313
person 0.0827 0 182 63 315
person 0.0328 0 209 95 333
person 0.0312 47 281 95 333
person 0.0138 194 163 244 220
person 0.0129 196 167 220 211
person 0.0120 0 205 21 252
person 0.0078 0 240 53 330
person 0.0057 178 165 216 266
person 0.0055 183 141 219 213
person 0.0043 0 203 29 300
person 0.0042 181 122 266 232
person 0.0039 131 77 300 264
person 0.0038 35 66 462 342
person 0.0033 -5 90 118 317
person 0.0033 176 159 257 264
person 0.0032 200 152 304 240
person 0.0031 158 76 206 149
person 0.0031 -2 278 94 337
person 0.0028 230 205 263 230
person 0.0024 0 167 48 270
person 0.0021 -1 26 63 304
person 0.0020 0 117 25 271
person 0.0018 308 13 424 90
person 0.0017 165 83 243 230
person 0.0017 148 138 214 291
person 0.0016 166 110 202 283
person 0.0016 123 87 218 242
person 0.0016 242 174 479 330
person 0.0014 63 296 98 335
person 0.0012 70 312 99 333
person 0.0010 50 273 79 305
person 0.0010 214 101 450 296
person 0.0010 182 87 215 188
bicycle 0.0116 230 37 449 217
bicycle 0.0013 203 75 370 242
bicycle 0.0010 232 135 322 216
car 0.0122 2 220 92 335
car 0.0097 -1 279 95 336
car 0.0023 47 281 95 333
motorbike 0.0024 2 220 92 335
motorbike 0.0015 47 281 95 333
motorbike 0.0012 230 37 449 217
boat 0.0339 274 30 454 217
boat 0.0054 35 66 462 342
dog 0.0014 0 182 63 315
horse 0.2380 50 74 222 313
horse 0.0045 0 206 65 335
horse 0.0012 0 172 23 257
sheep 0.0116 0 205 21 252
sheep 0.0026 0 117 25 271
sheep 0.0024 0 187 52 287
cow 0.0014 0 172 23 257
cow 0.0012 0 182 63 315
bottle 0.0011 162 258 179 318
chair 0.0365 226 142 322 213
chair 0.0182 200 152 304 240
chair 0.0038 274 30 454 217
chair 0.0022 235 54 325 197
chair 0.0021 241 48 327 130
chair 0.0019 417 286 489 330
chair 0.0018 246 164 309 220
chair 0.0016 194 163 244 220
chair 0.0012 308 13 424 90
chair 0.0011 0 205 21 252
pottedplant 0.0023 234 204 278 226
pottedplant 0.0020 169 222 268 325
pottedplant 0.0017 434 44 501 189
pottedplant 0.0017 197 203 237 267
