person 0.7292 399 181 504 328
person 0.6945 36 61 287 332
person 0.1865 372 192 448 316
person 0.1704 236 95 330 324
person 0.0421 383 255 428 328
person 0.0380 441 184 500 249
person 0.0294 388 207 444 263
person 0.0189 0 82 56 197
person 0.0185 401 171 494 246
person 0.0157 378 246 494 330
person 0.0155 442 191 497 312
person 0.0142 -1 80 60 323
person 0.0099 103 73 476 327
person 0.0078 482 180 499 323
person 0.0075 372 222 424 322
person 0.0069 240 169 285 252
person 0.0069 425 217 447 253
person 0.0062 313 209 392 326
person 0.0061 485 166 500 216
person 0.0049 239 180 286 325
person 0.0045 389 256 423 297
person 0.0044 479 173 499 255
person 0.0039 490 244 500 307
person 0.0038 295 168 373 315
person 0.0030 273 119 325 311
person 0.0029 427 234 450 260
person 0.0027 444 246 499 327
person 0.0026 256 148 399 324
person 0.0026 299 133 325 218
person 0.0022 484 247 499 330
person 0.0019 488 226 500 285
person 0.0017 242 108 282 242
person 0.0016 347 161 460 242
person 0.0014 484 201 499 257
person 0.0014 440 172 502 220
person 0.0013 249 116 323 217
person 0.0012 434 219 455 253
person 0.0012 447 182 496 209
person 0.0011 247 211 272 251
person 0.0010 283 122 305 166
person 0.0010 387 176 443 249
person 0.0010 408 215 454 326
bicycle 0.0014 24 36 315 313
car 0.0026 56 10 439 329
car 0.0020 1 281 49 331
motorbike 0.0040 24 36 315 313
boat 0.0020 56 10 439 329
cat 0.0013 43 47 283 302
bottle 0.0114 283 122 305 166
bottle 0.0026 425 217 447 253
bottle 0.0017 8 291 47 326
bottle 0.0013 427 234 450 260
chair 0.0340 313 209 392 326
chair 0.0164 1 281 49 331
chair 0.0145 379 255 423 328
chair 0.0083 0 221 49 319
chair 0.0071 485 166 500 216
chair 0.0061 225 177 288 325
chair 0.0050 312 285 374 330
chair 0.0050 364 168 420 217
chair 0.0049 0 81 56 193
chair 0.0049 258 143 327 323
chair 0.0049 368 206 442 329
chair 0.0047 388 217 506 328
chair 0.0034 240 169 285 252
chair 0.0026 295 168 373 315
chair 0.0022 4 282 46 308
chair 0.0019 36 61 287 332
chair 0.0018 323 163 404 245
chair 0.0016 256 148 399 324
chair 0.0016 489 249 500 330
chair 0.0015 315 228 371 309
chair 0.0014 444 246 499 327
chair 0.0011 243 190 270 241
sofa 0.0165 30 79 264 325
sofa 0.0019 374 186 500 323
sofa 0.0015 267 133 331 325
sofa 0.0014 0 221 49 319
sofa 0.0013 313 209 392 326
sofa 0.0010 225 177 288 325
diningtable 0.0025 0 200 48 309
diningtable 0.0021 315 184 392 318
diningtable 0.0011 317 281 382 301
diningtable 0.0010 330 160 454 226
tvmonitor 0.0135 0 84 58 227
tvmonitor 0.0035 0 136 54 206
tvmonitor 0.0019 485 166 500 216
tvmonitor 0.0013 0 184 50 236
tvmonitor 0.0010 0 37 114 299
