person 0.1257 400 -11 502 371
person 0.0187 273 19 292 54
person 0.0142 325 17 484 356
person 0.0046 419 0 433 55
person 0.0033 180 6 199 47
person 0.0033 409 231 499 367
person 0.0023 280 29 311 54
person 0.0018 183 14 204 102
person 0.0015 0 206 17 379
person 0.0015 17 211 44 249
person 0.0012 34 215 62 248
person 0.0011 219 179 249 223
person 0.0010 38 332 57 371
person 0.0010 0 282 21 374
bicycle 0.0021 244 73 268 93
bicycle 0.0012 280 29 311 54
car 0.0088 244 73 268 93
car 0.0071 280 29 311 54
bottle 0.0061 219 179 249 223
bottle 0.0051 407 63 426 98
bottle 0.0014 335 67 353 97
bottle 0.0013 419 0 433 55
bottle 0.0012 98 182 143 262
bottle 0.0011 34 215 62 248
chair 0.0097 0 282 21 374
chair 0.0082 409 231 499 367
chair 0.0051 0 206 17 379
chair 0.0023 268 318 397 376
chair 0.0020 476 209 499 378
chair 0.0018 451 217 498 373
chair 0.0018 348 185 433 258
chair 0.0016 0 275 12 350
chair 0.0012 2 287 43 374
chair 0.0012 400 -11 502 371
sofa 0.0058 0 241 19 382
sofa 0.0045 408 220 498 369
sofa 0.0014 301 217 497 373
sofa 0.0010 268 318 397 376
pottedplant 0.0013 407 63 426 98
diningtable 0.0036 2 244 343 372
diningtable 0.0015 8 143 414 372
tvmonitor 0.3519 30 135 226 289
tvmonitor 0.1230 296 111 391 202
tvmonitor 0.0252 301 114 371 167
tvmonitor 0.0249 141 128 217 272
tvmonitor 0.0077 78 155 191 286
tvmonitor 0.0043 130 165 171 269
tvmonitor 0.0033 172 191 268 287
tvmonitor 0.0019 154 151 209 247
