person 0.6375 0 189 15 290
person 0.2351 462 193 492 224
person 0.2056 11 197 33 282
person 0.0772 13 198 32 238
person 0.0754 19 233 38 284
person 0.0473 472 190 497 218
person 0.0452 464 117 491 153
person 0.0400 473 113 499 158
person 0.0382 291 198 318 220
person 0.0362 441 118 468 146
person 0.0217 1 235 14 303
person 0.0209 294 201 340 230
person 0.0144 445 107 498 170
person 0.0100 0 191 14 239
person 0.0099 427 193 480 213
person 0.0099 319 179 342 210
person 0.0070 352 206 388 238
person 0.0060 396 186 431 213
person 0.0050 279 189 319 211
person 0.0049 430 197 469 220
person 0.0048 363 184 389 211
person 0.0046 455 189 497 237
person 0.0036 128 203 158 236
person 0.0036 0 210 20 375
person 0.0035 331 207 377 238
person 0.0032 409 192 458 213
person 0.0032 476 192 497 280
person 0.0029 13 179 38 258
person 0.0027 23 250 41 285
person 0.0024 290 205 355 242
person 0.0016 479 210 499 256
person 0.0016 419 197 455 219
person 0.0015 182 203 212 240
person 0.0014 366 211 390 245
person 0.0013 400 198 430 219
person 0.0012 64 141 101 168
person 0.0012 383 184 413 217
person 0.0011 59 144 86 170
bicycle 0.1039 19 233 38 284
bicycle 0.0345 23 250 41 285
bicycle 0.0123 14 212 39 288
bicycle 0.0108 1 235 14 303
bicycle 0.0025 13 200 32 265
bicycle 0.0022 9 234 41 305
car 0.9976 206 209 342 262
car 0.9236 134 204 183 239
car 0.8468 379 179 503 284
car 0.5160 128 203 158 236
car 0.3924 181 211 220 248
car 0.2420 302 209 368 245
car 0.1672 120 202 143 231
car 0.1456 185 195 243 247
car 0.1300 171 201 198 229
car 0.0928 294 201 340 230
car 0.0505 196 200 238 227
car 0.0380 291 198 318 220
car 0.0260 331 207 377 238
car 0.0248 0 200 14 302
car 0.0240 366 211 390 245
car 0.0239 352 206 388 238
car 0.0163 225 202 259 220
car 0.0116 184 183 207 214
car 0.0112 157 181 203 214
car 0.0087 378 148 502 232
car 0.0072 19 233 38 284
car 0.0056 127 188 161 210
car 0.0053 257 201 297 220
car 0.0043 376 202 403 228
car 0.0035 0 191 14 239
car 0.0034 14 212 39 288
car 0.0033 232 199 288 220
car 0.0033 13 198 32 238
car 0.0030 472 190 497 218
car 0.0025 266 193 373 243
car 0.0022 23 250 41 285
car 0.0020 196 208 233 250
car 0.0020 152 185 187 210
car 0.0017 396 186 431 213
car 0.0016 0 178 15 220
car 0.0014 7 143 124 378
car 0.0011 279 189 319 211
car 0.0010 164 194 271 253
car 0.0010 448 166 499 183
car 0.0010 411 169 495 185
motorbike 0.0320 23 250 41 285
motorbike 0.0157 19 233 38 284
motorbike 0.0058 1 235 14 303
motorbike 0.0023 14 212 39 288
motorbike 0.0021 181 211 220 248
motorbike 0.0012 9 234 41 305
bus 0.9968 18 140 123 244
bus 0.6655 255 117 445 236
bus 0.2195 157 181 203 214
bus 0.1169 429 93 501 202
bus 0.0789 445 107 498 170
bus 0.0534 188 169 244 221
bus 0.0515 184 183 207 214
bus 0.0514 380 98 500 284
bus 0.0433 427 109 480 177
bus 0.0279 378 148 502 232
bus 0.0229 386 122 429 192
bus 0.0188 127 188 161 210
bus 0.0156 157 175 203 193
bus 0.0110 152 185 187 210
bus 0.0104 382 116 484 198
bus 0.0063 349 122 449 225
bus 0.0057 202 184 243 218
bus 0.0054 0 178 15 220
bus 0.0051 218 145 365 221
bus 0.0038 182 116 401 254
bus 0.0036 181 171 215 195
bus 0.0030 252 123 390 195
bus 0.0029 137 175 196 224
bus 0.0024 191 154 313 219
bus 0.0023 462 135 495 174
bus 0.0022 441 118 468 146
bus 0.0020 24 156 44 192
bus 0.0020 264 116 443 173
bus 0.0019 390 141 428 172
bus 0.0016 390 121 428 150
bus 0.0014 172 155 261 224
bus 0.0013 13 198 32 238
bus 0.0013 265 142 299 167
bus 0.0013 263 177 330 221
bus 0.0012 13 179 38 258
bus 0.0012 473 113 499 158
bus 0.0012 468 105 500 205
bus 0.0011 22 180 43 216
train 0.0010 232 120 441 239
dog 0.0015 25 300 56 339
pottedplant 0.0242 23 250 41 285
pottedplant 0.0088 25 300 56 339
pottedplant 0.0067 476 108 499 142
pottedplant 0.0027 461 109 491 143
pottedplant 0.0022 291 198 318 220
pottedplant 0.0018 1 235 14 303
pottedplant 0.0016 0 178 15 220
pottedplant 0.0012 201 168 239 193
