person 0.9819 61 95 257 306
person 0.7064 300 197 424 331
person 0.0048 172 77 194 114
person 0.0033 317 175 469 363
person 0.0032 230 178 257 213
person 0.0029 225 216 446 370
person 0.0024 0 291 24 325
person 0.0015 373 200 421 319
person 0.0014 194 308 259 350
person 0.0013 391 218 429 326
person 0.0010 198 139 217 175
car 0.0013 358 168 393 185
bottle 0.0244 407 143 426 182
bottle 0.0207 421 144 438 184
bottle 0.0131 332 140 354 187
bottle 0.0083 380 148 404 181
bottle 0.0043 437 149 454 179
bottle 0.0025 429 151 449 193
bottle 0.0025 360 145 388 178
bottle 0.0015 309 141 327 182
bottle 0.0015 45 243 85 308
bottle 0.0011 437 168 458 219
bottle 0.0010 194 308 259 350
bottle 0.0010 358 168 393 185
bottle 0.0010 339 160 361 184
bottle 0.0010 395 160 417 184
chair 0.3678 299 188 432 346
chair 0.2333 244 201 287 306
chair 0.0974 391 218 429 326
chair 0.0774 26 180 74 209
chair 0.0732 280 316 433 370
chair 0.0236 55 176 82 206
chair 0.0128 382 202 440 344
chair 0.0117 301 248 416 328
chair 0.0110 419 181 486 351
chair 0.0065 298 205 341 312
chair 0.0054 293 197 389 317
chair 0.0047 26 200 78 230
chair 0.0042 259 225 291 308
chair 0.0040 29 225 77 288
chair 0.0038 401 205 437 228
chair 0.0036 46 102 251 317
chair 0.0034 28 199 78 265
chair 0.0032 276 204 309 304
chair 0.0029 0 291 24 325
chair 0.0028 0 314 47 377
chair 0.0025 225 216 446 370
chair 0.0022 -4 166 299 364
chair 0.0019 244 212 333 305
chair 0.0019 26 180 46 209
chair 0.0017 221 203 262 302
chair 0.0016 244 178 266 213
chair 0.0015 348 201 429 321
chair 0.0013 421 176 457 334
chair 0.0013 230 178 257 213
chair 0.0013 38 183 135 289
chair 0.0012 401 217 429 257
chair 0.0012 311 162 438 211
chair 0.0011 396 202 434 271
chair 0.0011 83 232 269 300
chair 0.0011 421 144 438 184
chair 0.0011 32 281 306 344
chair 0.0011 276 363 329 377
chair 0.0010 26 146 79 208
chair 0.0010 275 225 292 287
sofa 0.1899 25 181 80 224
sofa 0.0752 26 200 78 230
sofa 0.0098 299 188 432 346
sofa 0.0086 46 102 251 317
sofa 0.0068 55 176 82 206
sofa 0.0030 16 178 104 276
sofa 0.0029 244 201 287 306
sofa 0.0026 -4 166 299 364
sofa 0.0014 19 151 92 235
sofa 0.0013 225 216 446 370
sofa 0.0013 280 316 433 370
sofa 0.0010 26 146 79 208
pottedplant 0.3745 360 145 388 178
pottedplant 0.0207 219 151 264 208
pottedplant 0.0177 380 148 404 181
pottedplant 0.0095 353 142 401 183
pottedplant 0.0042 338 141 359 184
pottedplant 0.0032 358 168 393 185
pottedplant 0.0012 376 164 416 183
diningtable 0.3863 -1 280 328 370
diningtable 0.0748 74 253 423 365
diningtable 0.0404 280 316 433 370
diningtable 0.0394 163 305 325 366
diningtable 0.0283 311 162 438 211
diningtable 0.0211 -4 166 299 364
diningtable 0.0120 151 297 407 374
diningtable 0.0108 26 200 78 230
diningtable 0.0088 25 181 80 224
diningtable 0.0085 0 276 186 317
diningtable 0.0081 51 301 317 357
diningtable 0.0076 46 102 251 317
diningtable 0.0064 0 314 47 377
diningtable 0.0063 45 268 282 323
diningtable 0.0054 307 182 427 291
diningtable 0.0047 -13 271 130 337
diningtable 0.0044 286 181 457 251
diningtable 0.0024 -2 287 109 376
diningtable 0.0024 -20 300 220 373
diningtable 0.0022 -1 286 44 347
diningtable 0.0021 244 201 287 306
diningtable 0.0021 15 280 240 343
diningtable 0.0020 120 290 283 343
diningtable 0.0018 83 159 489 381
diningtable 0.0018 -25 236 158 380
diningtable 0.0015 358 168 393 185
diningtable 0.0010 183 271 398 341
diningtable 0.0010 16 300 323 427
diningtable 0.0010 319 187 393 202
tvmonitor 0.0098 332 140 354 187
tvmonitor 0.0053 275 100 307 145
tvmonitor 0.0048 272 85 308 191
tvmonitor 0.0024 309 141 327 182
