person 0.0689 132 198 185 261
person 0.0283 371 198 416 258
person 0.0197 149 209 180 251
person 0.0139 311 195 368 265
person 0.0128 317 213 349 249
person 0.0113 232 201 256 253
person 0.0052 308 205 329 253
person 0.0051 375 200 407 238
person 0.0050 70 201 125 260
person 0.0040 452 124 500 257
person 0.0036 317 199 350 237
person 0.0034 81 209 117 247
person 0.0033 165 212 187 253
person 0.0027 133 211 164 254
person 0.0026 383 175 429 255
person 0.0021 362 169 458 288
person 0.0021 304 193 333 265
person 0.0020 397 165 493 286
person 0.0019 149 199 178 232
person 0.0017 342 217 367 253
person 0.0015 439 229 500 280
person 0.0015 167 188 186 238
person 0.0012 380 77 495 290
person 0.0012 295 180 448 278
person 0.0011 446 195 500 270
person 0.0011 478 117 500 264
bus 0.0044 -16 272 514 351
train 0.0013 92 289 467 329
boat 0.0013 -16 272 514 351
bird 0.0064 439 229 500 280
bird 0.0021 449 115 502 265
bird 0.0016 400 220 498 286
bird 0.0014 446 195 500 270
bottle 0.9342 216 65 289 276
bottle 0.9094 123 71 199 278
bottle 0.8547 297 60 380 280
bottle 0.7716 71 80 129 267
bottle 0.0474 335 56 461 288
bottle 0.0157 305 169 377 263
bottle 0.0066 368 78 420 163
bottle 0.0065 46 84 84 259
bottle 0.0064 -12 40 512 318
bottle 0.0051 364 63 433 246
bottle 0.0049 303 69 373 197
bottle 0.0035 372 175 424 254
bottle 0.0030 274 61 314 283
bottle 0.0024 245 83 304 281
bottle 0.0020 183 71 222 273
bottle 0.0020 226 199 259 259
bottle 0.0015 189 95 256 270
bottle 0.0013 444 108 500 261
bottle 0.0013 97 100 236 325
bottle 0.0013 363 160 446 280
bottle 0.0012 355 82 392 156
bottle 0.0011 481 225 499 277
bottle 0.0011 79 74 164 242
bottle 0.0010 130 71 196 165
chair 0.0017 4 7 496 295
chair 0.0013 73 4 430 116
chair 0.0011 452 124 500 257
sofa 0.0017 444 108 500 261
sofa 0.0010 20 272 554 350
pottedplant 0.0040 439 229 500 280
pottedplant 0.0017 481 225 499 277
pottedplant 0.0014 444 76 501 241
diningtable 0.0879 -12 40 512 318
diningtable 0.0127 -55 291 480 359
diningtable 0.0089 1 148 497 366
diningtable 0.0022 -7 279 420 319
diningtable 0.0019 58 315 514 358
diningtable 0.0013 62 331 459 366
tvmonitor 0.0063 -55 291 480 359
tvmonitor 0.0023 363 160 446 280
tvmonitor 0.0015 295 180 448 278
tvmonitor 0.0011 303 181 377 272
