car 0.0120 80 60 502 329
car 0.0015 188 98 469 292
aeroplane 0.6178 -31 47 449 288
aeroplane 0.0560 200 51 461 275
aeroplane 0.0366 326 50 483 278
aeroplane 0.0144 172 66 350 281
aeroplane 0.0114 12 55 175 284
aeroplane 0.0083 54 91 304 300
aeroplane 0.0037 70 91 190 302
aeroplane 0.0035 44 -23 536 227
aeroplane 0.0033 263 15 519 311
aeroplane 0.0021 70 130 504 329
aeroplane 0.0015 33 59 326 212
aeroplane 0.0014 192 24 471 180
aeroplane 0.0013 292 114 388 201
boat 0.0012 150 32 492 304
bird 0.0042 88 112 157 284
