person 0.1023 441 15 465 65
person 0.0750 456 26 478 63
person 0.0701 432 20 500 362
person 0.0428 418 48 492 159
person 0.0255 479 29 500 65
person 0.0219 451 93 500 181
person 0.0166 459 41 482 85
person 0.0149 448 18 491 77
person 0.0088 436 79 501 213
person 0.0077 436 50 467 80
person 0.0070 433 28 477 92
person 0.0052 359 21 386 61
person 0.0038 437 59 465 93
person 0.0036 142 1 172 20
person 0.0034 446 27 495 129
person 0.0030 412 8 498 213
person 0.0028 425 49 478 115
person 0.0027 7 -13 332 331
person 0.0024 473 7 499 73
person 0.0022 37 -4 158 69
person 0.0018 423 103 472 165
person 0.0017 478 84 500 350
person 0.0017 418 8 494 121
person 0.0013 455 61 484 93
person 0.0012 474 76 499 234
person 0.0011 45 0 96 56
person 0.0010 471 4 499 151
bicycle 0.0013 479 29 500 65
bicycle 0.0010 359 21 386 61
car 0.0018 243 0 275 19
motorbike 0.0014 419 38 492 162
boat 0.0049 417 18 494 151
boat 0.0010 446 27 495 129
bird 0.0043 419 38 492 162
bird 0.0022 479 29 500 65
bird 0.0014 437 59 465 93
bird 0.0010 456 26 478 63
cat 0.0080 418 48 492 159
cat 0.0036 451 93 500 181
cat 0.0024 423 103 472 165
cat 0.0013 433 64 501 376
cat 0.0010 426 123 450 156
dog 0.0162 418 48 492 159
dog 0.0038 417 76 499 209
dog 0.0036 414 0 499 310
dog 0.0015 359 21 386 61
dog 0.0013 456 26 478 63
dog 0.0012 423 103 472 165
dog 0.0011 479 29 500 65
dog 0.0010 451 93 500 181
dog 0.0010 448 18 491 77
horse 0.0023 433 64 501 376
horse 0.0016 451 93 500 181
horse 0.0014 419 38 492 162
bottle 0.0212 459 41 482 85
bottle 0.0197 437 59 465 93
bottle 0.0069 436 50 467 80
bottle 0.0069 455 61 484 93
bottle 0.0050 441 15 465 65
bottle 0.0042 422 14 491 142
bottle 0.0037 456 26 478 63
bottle 0.0032 433 28 477 92
bottle 0.0030 450 25 491 95
bottle 0.0022 244 27 264 66
chair 0.3363 9 -11 332 383
chair 0.2521 433 64 501 376
chair 0.0109 417 18 494 151
chair 0.0067 451 93 500 181
chair 0.0046 37 -4 158 69
chair 0.0040 35 315 315 374
chair 0.0035 27 220 315 373
chair 0.0034 478 84 500 350
chair 0.0020 436 50 467 80
chair 0.0020 420 62 481 138
chair 0.0017 357 91 419 111
chair 0.0017 447 36 499 164
chair 0.0017 144 5 256 81
chair 0.0015 436 79 501 213
chair 0.0015 479 29 500 65
chair 0.0014 142 1 172 20
chair 0.0014 392 90 426 112
chair 0.0013 99 13 312 290
chair 0.0013 437 59 465 93
chair 0.0011 248 13 323 113
chair 0.0010 433 28 477 92
sofa 0.5608 9 -11 332 383
sofa 0.3766 433 64 501 376
sofa 0.0205 31 1 294 207
sofa 0.0085 418 48 492 159
sofa 0.0045 436 79 501 213
sofa 0.0042 451 93 500 181
sofa 0.0036 478 84 500 350
sofa 0.0014 100 4 318 140
sofa 0.0011 91 -13 474 330
pottedplant 0.1396 319 52 354 113
pottedplant 0.0095 324 43 350 79
pottedplant 0.0094 313 -2 351 95
pottedplant 0.0039 252 12 325 111
pottedplant 0.0032 275 11 374 111
pottedplant 0.0031 450 25 491 95
pottedplant 0.0020 433 28 477 92
pottedplant 0.0019 202 1 239 33
pottedplant 0.0018 422 14 491 142
pottedplant 0.0012 215 14 261 72
pottedplant 0.0010 456 26 478 63
pottedplant 0.0010 191 0 256 42
pottedplant 0.0010 479 29 500 65
diningtable 0.0076 418 48 492 159
diningtable 0.0059 7 -13 332 331
diningtable 0.0015 446 27 495 129
tvmonitor 0.0025 244 27 264 66
tvmonitor 0.0014 347 5 467 85
