person 0.8538 220 110 259 200
person 0.7864 457 170 484 221
person 0.7712 411 163 431 224
person 0.7400 362 163 385 220
person 0.7032 91 150 112 206
person 0.5599 62 156 84 203
person 0.3160 432 177 459 222
person 0.2844 53 158 88 223
person 0.2767 138 151 159 201
person 0.1499 133 155 169 219
person 0.1370 86 155 117 222
person 0.0381 34 202 89 229
person 0.0377 325 155 348 197
person 0.0359 72 179 101 219
person 0.0292 415 162 433 196
person 0.0241 485 168 500 229
person 0.0234 346 165 367 217
person 0.0172 207 110 290 221
person 0.0165 45 182 139 228
person 0.0150 181 152 198 190
person 0.0128 480 194 499 226
person 0.0125 146 154 167 207
person 0.0123 73 195 103 225
person 0.0103 272 119 292 151
person 0.0100 457 193 486 224
person 0.0083 339 156 363 203
person 0.0079 337 160 375 220
person 0.0071 408 197 428 221
person 0.0068 189 104 256 211
person 0.0064 228 110 255 159
person 0.0058 415 190 436 222
person 0.0055 82 200 135 224
person 0.0052 31 159 73 228
person 0.0047 336 204 375 221
person 0.0044 203 107 254 176
person 0.0042 456 169 483 197
person 0.0038 322 168 346 217
person 0.0032 63 151 103 213
person 0.0027 352 202 397 220
person 0.0025 39 177 65 212
person 0.0021 25 155 105 229
person 0.0019 227 152 288 201
person 0.0016 376 179 408 212
person 0.0016 43 137 139 226
person 0.0015 231 106 273 173
person 0.0015 245 113 266 158
person 0.0014 92 149 113 178
person 0.0011 224 138 257 174
bicycle 0.0083 457 193 486 224
bicycle 0.0028 434 188 462 223
bicycle 0.0023 408 197 428 221
bicycle 0.0017 58 168 85 215
bicycle 0.0014 34 202 89 229
car 0.0026 273 149 324 169
car 0.0019 457 170 484 221
car 0.0014 361 163 386 198
car 0.0013 432 177 459 222
motorbike 0.0018 457 193 486 224
bus 0.0044 281 96 430 169
dog 0.0749 100 202 138 224
dog 0.0481 28 207 79 230
dog 0.0038 434 188 462 223
dog 0.0025 73 195 103 225
dog 0.0019 138 151 159 201
dog 0.0010 336 204 375 221
horse 0.9856 183 147 328 250
horse 0.0332 249 159 336 240
horse 0.0205 175 151 244 241
horse 0.0178 286 167 336 222
horse 0.0138 207 110 290 221
horse 0.0092 325 155 348 197
horse 0.0059 182 150 207 192
horse 0.0023 227 152 288 201
horse 0.0017 183 148 233 198
horse 0.0013 133 155 169 219
horse 0.0013 323 150 357 213
horse 0.0012 184 125 265 234
horse 0.0011 337 160 375 220
horse 0.0011 322 168 346 217
sheep 0.0039 191 150 319 250
sheep 0.0023 28 207 79 230
cow 0.0059 191 150 319 250
cow 0.0032 28 207 79 230
cow 0.0015 100 202 138 224
cow 0.0012 245 165 339 249
chair 0.2909 82 200 135 224
chair 0.0912 89 167 113 216
chair 0.0725 34 202 89 229
chair 0.0663 58 168 85 215
chair 0.0504 457 193 486 224
chair 0.0476 73 195 103 225
chair 0.0374 434 188 462 223
chair 0.0237 137 163 163 215
chair 0.0230 72 179 101 219
chair 0.0073 381 203 414 221
chair 0.0069 408 197 428 221
chair 0.0051 457 170 484 221
chair 0.0050 107 183 146 211
chair 0.0046 480 194 499 226
chair 0.0040 39 177 65 212
chair 0.0040 147 161 170 219
chair 0.0038 352 202 397 220
chair 0.0020 485 168 500 229
chair 0.0019 121 206 174 221
chair 0.0019 415 190 436 222
chair 0.0016 31 159 73 228
chair 0.0015 59 159 102 223
chair 0.0014 45 182 139 228
chair 0.0011 362 163 385 220
chair 0.0010 62 156 84 203
chair 0.0010 91 191 144 228
diningtable 0.0026 89 167 113 216
diningtable 0.0024 58 168 85 215
diningtable 0.0012 34 202 89 229
diningtable 0.0011 72 179 101 219
