person 0.2034 13 22 484 354
person 0.0883 84 36 348 247
person 0.0043 60 61 290 320
person 0.0023 143 63 427 230
person 0.0023 83 13 347 138
person 0.0019 151 17 255 109
person 0.0012 174 33 324 112
bicycle 0.0010 31 11 523 356
car 0.0111 -1 95 497 338
car 0.0016 49 167 367 328
car 0.0013 66 -17 500 246
motorbike 0.5711 -1 95 497 338
motorbike 0.0500 51 137 371 316
motorbike 0.0021 33 17 341 366
motorbike 0.0011 29 155 181 355
dog 0.0017 13 22 484 354
horse 0.0010 13 22 484 354
diningtable 0.0010 95 280 479 367
