person 0.0352 62 261 193 372
person 0.0021 480 204 500 338
person 0.0020 32 299 175 375
person 0.0016 0 163 202 366
person 0.0011 358 354 389 375
bottle 0.0052 78 252 105 287
bottle 0.0034 83 278 110 309
bottle 0.0018 59 248 107 300
bottle 0.0010 297 275 352 300
chair 0.0506 76 113 491 334
chair 0.0328 477 202 499 309
chair 0.0258 -3 266 118 353
chair 0.0126 0 271 52 318
chair 0.0089 1 323 58 374
chair 0.0078 -1 231 107 314
chair 0.0068 24 159 80 225
chair 0.0057 454 193 497 309
chair 0.0055 -1 249 57 305
chair 0.0052 -2 176 124 360
chair 0.0045 481 241 500 383
chair 0.0041 -5 238 201 374
chair 0.0032 18 146 87 285
chair 0.0030 484 270 500 318
chair 0.0024 22 206 73 297
chair 0.0024 487 217 500 288
chair 0.0021 25 120 191 271
chair 0.0020 482 207 500 263
chair 0.0018 27 176 73 258
chair 0.0018 32 299 175 375
chair 0.0015 2 222 55 289
chair 0.0015 36 327 58 373
chair 0.0013 20 247 76 302
chair 0.0012 -1 260 56 282
chair 0.0011 303 115 492 321
chair 0.0011 36 273 63 304
chair 0.0010 413 157 499 307
sofa 0.4565 41 96 461 355
sofa 0.0643 81 161 509 286
sofa 0.0226 -11 263 134 357
sofa 0.0223 69 114 430 259
sofa 0.0177 -5 238 201 374
sofa 0.0051 -2 196 426 386
sofa 0.0044 -1 231 107 314
sofa 0.0026 -2 176 124 360
sofa 0.0014 480 204 500 338
sofa 0.0010 308 312 495 372
pottedplant 0.0013 80 279 109 307
diningtable 0.0330 89 145 488 375
diningtable 0.0189 -11 263 134 357
diningtable 0.0121 475 170 500 308
diningtable 0.0089 438 160 500 304
diningtable 0.0069 121 246 454 372
diningtable 0.0055 -5 238 201 374
diningtable 0.0029 316 317 406 370
diningtable 0.0018 308 312 495 372
diningtable 0.0016 -1 231 107 314
diningtable 0.0010 32 299 175 375
tvmonitor 0.0027 76 113 491 334
tvmonitor 0.0016 316 317 406 370
