person 0.9170 210 121 310 376
person 0.5137 378 201 498 326
person 0.1755 434 188 502 333
person 0.0145 468 186 500 322
person 0.0136 445 92 500 153
person 0.0133 452 226 498 323
person 0.0121 430 248 509 357
person 0.0093 408 192 499 285
person 0.0081 370 268 499 344
person 0.0064 425 194 483 266
person 0.0064 449 191 499 278
person 0.0060 474 241 500 342
person 0.0048 289 290 333 374
person 0.0047 469 99 500 295
person 0.0041 436 34 501 356
person 0.0022 451 302 481 374
person 0.0021 449 135 500 256
person 0.0018 426 261 484 327
person 0.0015 448 284 489 309
person 0.0013 35 184 54 218
person 0.0010 396 333 425 368
person 0.0010 435 221 466 258
bird 0.0044 445 92 500 153
bird 0.0013 478 102 500 145
cat 0.0027 445 92 500 153
horse 0.0020 445 92 500 153
bottle 0.3761 451 302 481 374
bottle 0.2947 429 324 450 371
bottle 0.2737 479 320 497 374
bottle 0.0639 455 296 482 330
bottle 0.0513 113 259 135 290
bottle 0.0491 481 307 500 357
bottle 0.0438 434 294 464 328
bottle 0.0353 396 333 425 368
bottle 0.0144 98 241 116 272
bottle 0.0124 435 311 460 350
bottle 0.0123 427 301 451 330
bottle 0.0121 430 296 469 375
bottle 0.0112 445 112 468 157
bottle 0.0072 445 277 491 346
bottle 0.0036 107 228 152 275
bottle 0.0029 81 267 124 286
bottle 0.0029 481 302 500 332
bottle 0.0027 479 112 500 154
bottle 0.0024 110 273 141 298
bottle 0.0022 428 288 480 333
bottle 0.0019 383 322 439 343
bottle 0.0018 287 283 307 339
bottle 0.0016 445 92 500 153
bottle 0.0015 35 184 54 218
bottle 0.0014 451 122 483 156
bottle 0.0010 378 327 443 378
bottle 0.0010 285 265 318 363
chair 0.4321 117 260 212 364
chair 0.3551 0 335 66 373
chair 0.1330 -4 310 109 373
chair 0.1253 375 189 503 355
chair 0.0885 370 240 455 362
chair 0.0539 368 263 386 320
chair 0.0538 362 299 464 371
chair 0.0396 366 256 390 363
chair 0.0387 370 268 499 344
chair 0.0268 86 230 240 380
chair 0.0219 0 296 61 372
chair 0.0203 0 281 54 344
chair 0.0178 0 267 112 355
chair 0.0146 381 332 410 372
chair 0.0135 396 333 425 368
chair 0.0133 158 250 240 376
chair 0.0131 371 322 426 375
chair 0.0115 18 275 48 296
chair 0.0108 125 325 235 374
chair 0.0106 391 247 442 302
chair 0.0095 179 295 329 373
chair 0.0095 66 346 111 372
chair 0.0093 155 307 255 371
chair 0.0093 369 252 408 336
chair 0.0084 279 284 365 372
chair 0.0080 0 284 17 342
chair 0.0075 43 265 201 364
chair 0.0061 197 248 236 340
chair 0.0060 387 197 501 276
chair 0.0051 386 359 441 376
chair 0.0050 0 255 22 338
chair 0.0049 306 299 428 369
chair 0.0045 380 208 440 260
chair 0.0043 248 282 336 376
chair 0.0040 375 306 449 329
chair 0.0038 328 251 410 371
chair 0.0038 0 285 176 378
chair 0.0037 185 325 246 375
chair 0.0036 111 237 149 273
chair 0.0034 162 230 352 372
chair 0.0033 477 304 499 371
chair 0.0033 185 254 223 341
chair 0.0033 451 302 481 374
chair 0.0032 400 298 530 375
chair 0.0031 289 290 333 374
chair 0.0031 104 237 223 293
chair 0.0029 210 121 310 376
chair 0.0028 -3 333 107 393
chair 0.0027 17 270 196 317
chair 0.0027 -13 227 130 378
chair 0.0025 128 291 193 370
chair 0.0024 29 194 231 351
chair 0.0023 375 202 466 318
chair 0.0023 371 327 392 373
chair 0.0022 377 288 442 341
chair 0.0020 481 302 500 332
chair 0.0019 166 170 235 286
chair 0.0015 379 356 419 375
chair 0.0013 373 318 421 337
chair 0.0013 430 248 509 357
chair 0.0012 429 324 450 371
chair 0.0012 176 282 231 380
chair 0.0012 0 269 14 319
chair 0.0011 344 246 377 379
chair 0.0011 371 278 388 336
chair 0.0011 0 336 23 373
chair 0.0011 455 296 482 330
chair 0.0010 461 239 482 278
chair 0.0010 462 249 487 296
sofa 0.1549 378 201 498 326
sofa 0.0438 0 335 66 373
sofa 0.0361 -4 310 109 373
sofa 0.0235 370 268 499 344
sofa 0.0032 -1 251 65 369
sofa 0.0023 408 192 499 285
sofa 0.0022 434 188 502 333
sofa 0.0017 179 295 329 373
sofa 0.0012 370 240 455 362
sofa 0.0011 469 126 500 312
sofa 0.0011 -3 333 107 393
sofa 0.0010 354 317 543 373
pottedplant 0.0067 289 290 333 374
pottedplant 0.0026 248 282 336 376
pottedplant 0.0023 279 284 365 372
pottedplant 0.0014 469 126 500 312
pottedplant 0.0011 481 307 500 357
pottedplant 0.0010 285 265 318 363
diningtable 0.6851 376 302 505 375
diningtable 0.1502 8 270 193 339
diningtable 0.1442 370 268 499 344
diningtable 0.0813 5 236 206 375
diningtable 0.0298 0 335 66 373
diningtable 0.0178 54 264 190 317
diningtable 0.0174 368 207 507 372
diningtable 0.0164 -4 310 109 373
diningtable 0.0126 -5 288 169 371
diningtable 0.0120 81 235 202 291
diningtable 0.0109 386 359 441 376
diningtable 0.0090 371 322 426 375
diningtable 0.0083 18 250 198 303
diningtable 0.0062 79 254 201 357
diningtable 0.0053 373 318 421 337
diningtable 0.0053 396 333 425 368
diningtable 0.0049 384 341 497 386
diningtable 0.0045 370 240 455 362
diningtable 0.0044 106 229 222 275
diningtable 0.0032 405 357 455 377
diningtable 0.0027 383 322 439 343
diningtable 0.0027 306 299 428 369
diningtable 0.0024 129 232 228 313
diningtable 0.0021 429 324 450 371
diningtable 0.0018 430 248 509 357
diningtable 0.0017 344 316 452 378
diningtable 0.0016 175 243 227 260
diningtable 0.0015 86 230 240 380
diningtable 0.0015 279 284 365 372
diningtable 0.0014 185 325 246 375
diningtable 0.0013 381 332 410 372
diningtable 0.0012 0 267 112 355
tvmonitor 0.0111 375 201 488 339
tvmonitor 0.0015 370 268 499 344
tvmonitor 0.0013 110 227 174 272
tvmonitor 0.0010 111 237 149 273
