person 0.0046 -1 2 60 268
person 0.0022 -10 433 183 501
person 0.0018 0 -3 33 257
person 0.0015 -5 291 138 504
person 0.0011 8 301 72 482
cat 0.9484 177 51 258 110
cat 0.0122 174 56 205 91
cat 0.0051 169 58 231 104
cat 0.0039 204 63 254 100
cat 0.0022 117 51 244 116
cat 0.0010 116 35 271 237
cat 0.0010 156 57 210 110
dog 0.0011 38 442 176 499
bottle 0.0412 242 394 261 424
bottle 0.0389 202 400 226 434
bottle 0.0206 225 393 248 427
bottle 0.0101 205 253 228 292
bottle 0.0093 235 311 259 356
bottle 0.0083 244 239 266 284
bottle 0.0039 244 376 266 422
bottle 0.0035 200 380 231 442
bottle 0.0024 210 377 256 439
bottle 0.0019 221 254 243 290
bottle 0.0016 239 157 262 212
bottle 0.0010 200 338 232 363
bottle 0.0010 197 235 211 286
chair 0.0626 38 442 176 499
chair 0.0412 8 296 207 507
chair 0.0156 2 258 77 487
chair 0.0113 0 457 56 500
chair 0.0032 14 411 196 500
chair 0.0032 42 290 76 457
chair 0.0023 -6 449 97 500
chair 0.0023 37 421 77 492
chair 0.0019 -9 466 178 501
chair 0.0018 24 308 90 480
chair 0.0014 8 472 72 500
chair 0.0013 31 482 92 500
chair 0.0011 26 301 65 452
sofa 0.0448 38 442 176 499
sofa 0.0037 14 411 196 500
sofa 0.0026 -9 466 178 501
sofa 0.0017 14 292 71 467
diningtable 0.0087 38 442 176 499
diningtable 0.0026 2 258 77 487
diningtable 0.0015 -9 466 178 501
