person 0.6577 114 141 283 365
person 0.4243 263 0 404 308
person 0.0105 22 131 399 377
person 0.0086 478 80 499 159
person 0.0060 117 24 448 354
person 0.0053 198 54 379 327
person 0.0019 234 53 326 106
person 0.0013 220 320 269 373
person 0.0011 471 87 501 232
bird 0.0014 478 80 499 159
cat 0.0026 478 80 499 159
bottle 0.0093 278 141 315 165
bottle 0.0083 283 234 314 382
bottle 0.0048 276 130 318 190
bottle 0.0046 478 80 499 159
bottle 0.0042 270 163 290 198
bottle 0.0038 277 131 311 157
bottle 0.0025 175 323 197 370
bottle 0.0024 181 314 198 359
bottle 0.0023 477 124 499 158
bottle 0.0017 285 167 316 197
bottle 0.0016 186 260 221 361
bottle 0.0010 231 65 288 83
chair 0.7837 341 102 453 369
chair 0.4602 47 236 212 366
chair 0.3259 54 119 141 246
chair 0.2612 454 245 500 373
chair 0.1296 444 136 497 375
chair 0.1274 29 119 165 348
chair 0.1101 51 117 92 237
chair 0.0718 75 134 187 234
chair 0.0713 390 107 499 357
chair 0.0503 365 118 429 240
chair 0.0394 0 125 62 277
chair 0.0309 123 223 207 368
chair 0.0306 104 137 257 366
chair 0.0282 378 122 420 206
chair 0.0231 72 235 323 364
chair 0.0220 143 252 185 376
chair 0.0218 -3 110 111 351
chair 0.0218 78 177 184 253
chair 0.0206 48 238 134 373
chair 0.0195 296 11 428 355
chair 0.0179 162 246 200 372
chair 0.0162 473 109 500 284
chair 0.0149 476 282 500 376
chair 0.0125 450 108 485 140
chair 0.0104 154 243 252 364
chair 0.0088 402 126 497 255
chair 0.0076 129 168 170 196
chair 0.0071 409 77 490 155
chair 0.0070 124 157 177 204
chair 0.0066 150 127 182 157
chair 0.0064 62 105 102 185
chair 0.0062 51 111 214 260
chair 0.0062 181 127 213 154
chair 0.0059 391 126 429 228
chair 0.0045 448 107 496 162
chair 0.0044 328 121 403 265
chair 0.0044 12 237 110 366
chair 0.0042 384 100 430 185
chair 0.0041 79 298 276 367
chair 0.0040 395 84 495 201
chair 0.0039 426 156 485 352
chair 0.0039 477 124 499 158
chair 0.0039 483 89 500 144
chair 0.0036 85 195 164 241
chair 0.0034 380 123 406 163
chair 0.0031 140 144 177 162
chair 0.0030 485 295 500 371
chair 0.0027 448 111 501 207
chair 0.0027 121 172 233 268
chair 0.0027 373 89 448 223
chair 0.0026 167 234 202 320
chair 0.0026 133 150 170 174
chair 0.0025 480 322 499 376
chair 0.0025 484 186 500 250
chair 0.0024 102 220 135 250
chair 0.0023 138 115 193 164
chair 0.0021 454 153 499 275
chair 0.0021 401 123 428 155
chair 0.0020 474 96 500 169
chair 0.0019 87 215 116 248
chair 0.0018 186 260 221 361
chair 0.0017 32 125 105 303
chair 0.0017 431 150 470 250
chair 0.0017 136 191 227 345
chair 0.0016 121 129 178 193
chair 0.0015 226 153 435 363
chair 0.0015 345 153 443 298
chair 0.0014 277 131 311 157
chair 0.0014 8 57 116 184
chair 0.0014 126 219 159 257
chair 0.0014 83 179 124 207
chair 0.0012 79 283 178 372
chair 0.0012 181 314 198 359
chair 0.0012 123 208 175 263
chair 0.0011 81 153 130 241
chair 0.0011 85 294 134 370
chair 0.0011 475 133 500 170
chair 0.0010 482 169 500 227
chair 0.0010 238 234 347 367
chair 0.0010 90 264 151 361
sofa 0.0042 -2 135 64 302
sofa 0.0032 409 77 490 155
sofa 0.0013 72 235 323 364
sofa 0.0013 390 75 481 199
pottedplant 0.4470 414 77 464 137
pottedplant 0.1481 409 77 490 155
pottedplant 0.0228 478 80 499 159
pottedplant 0.0057 448 97 496 147
pottedplant 0.0054 420 93 452 137
pottedplant 0.0032 450 108 485 140
pottedplant 0.0030 395 84 495 201
pottedplant 0.0027 484 79 499 132
pottedplant 0.0024 435 102 472 140
pottedplant 0.0020 323 1 380 50
pottedplant 0.0014 430 79 464 119
pottedplant 0.0011 386 53 498 263
pottedplant 0.0010 373 62 462 179
diningtable 0.1681 124 122 280 356
diningtable 0.1432 465 246 500 373
diningtable 0.0729 226 143 333 230
diningtable 0.0677 75 134 187 234
diningtable 0.0607 123 108 356 275
diningtable 0.0569 214 187 343 244
diningtable 0.0302 46 123 227 346
diningtable 0.0240 198 54 379 327
diningtable 0.0230 455 196 501 359
diningtable 0.0209 111 130 234 230
diningtable 0.0200 78 177 184 253
diningtable 0.0187 22 131 399 377
diningtable 0.0140 129 153 183 203
diningtable 0.0113 86 203 166 228
diningtable 0.0101 72 235 323 364
diningtable 0.0098 140 144 177 162
diningtable 0.0091 86 109 263 265
diningtable 0.0090 204 161 360 361
diningtable 0.0080 106 182 292 252
diningtable 0.0068 476 282 500 376
diningtable 0.0063 121 171 178 217
diningtable 0.0051 440 86 500 378
diningtable 0.0045 339 141 456 370
diningtable 0.0041 390 107 499 357
diningtable 0.0039 121 172 233 268
diningtable 0.0029 133 132 187 192
diningtable 0.0027 117 24 448 354
diningtable 0.0024 111 193 178 242
diningtable 0.0022 473 109 500 284
diningtable 0.0021 84 169 163 226
diningtable 0.0021 247 117 337 191
diningtable 0.0020 236 179 285 204
diningtable 0.0020 233 167 290 212
diningtable 0.0018 137 167 175 199
diningtable 0.0017 88 204 157 256
diningtable 0.0015 475 133 500 170
diningtable 0.0015 138 115 193 164
diningtable 0.0014 123 208 175 263
diningtable 0.0013 405 89 497 228
diningtable 0.0013 160 114 203 163
diningtable 0.0012 -2 135 64 302
diningtable 0.0012 150 151 324 236
diningtable 0.0011 181 127 213 154
tvmonitor 0.0016 450 108 485 140
tvmonitor 0.0010 483 89 500 144
