person 0.0594 458 278 484 311
person 0.0528 402 251 426 292
person 0.0335 399 228 419 275
person 0.0185 245 239 270 260
person 0.0164 230 235 259 261
person 0.0122 0 257 21 298
person 0.0101 399 215 433 294
person 0.0053 407 210 449 298
person 0.0044 265 238 298 258
person 0.0036 275 236 317 258
person 0.0036 50 259 84 290
person 0.0031 298 239 333 257
person 0.0027 146 251 172 291
person 0.0019 150 245 173 269
person 0.0018 416 252 442 298
person 0.0018 420 273 443 307
person 0.0016 183 226 448 350
person 0.0013 0 244 28 270
person 0.0012 0 251 31 309
person 0.0011 415 162 496 303
person 0.0010 441 237 465 281
car 0.9300 160 229 427 344
car 0.4675 2 260 81 303
car 0.3299 121 260 156 293
car 0.1070 71 258 144 298
car 0.0713 17 255 154 302
car 0.0535 146 251 172 291
car 0.0336 0 257 21 298
car 0.0276 65 258 112 286
car 0.0087 50 259 84 290
car 0.0074 0 251 31 309
car 0.0060 243 228 409 311
car 0.0050 150 245 173 269
car 0.0033 106 247 146 265
car 0.0033 167 239 194 262
car 0.0031 458 278 484 311
car 0.0029 32 257 99 300
car 0.0023 402 251 426 292
car 0.0018 166 227 327 323
car 0.0015 2 244 53 265
car 0.0013 80 247 181 301
car 0.0012 115 249 169 269
car 0.0012 0 244 28 270
car 0.0010 229 205 349 247
car 0.0010 308 249 428 343
bus 0.0038 -2 225 53 275
bus 0.0035 0 258 122 302
bus 0.0015 -1 217 32 287
bus 0.0014 2 244 53 265
bus 0.0011 0 244 28 270
bottle 0.0012 458 278 484 311
pottedplant 0.3383 411 156 495 302
pottedplant 0.0941 434 164 494 219
pottedplant 0.0135 435 194 500 311
pottedplant 0.0099 458 278 484 311
pottedplant 0.0054 398 0 494 309
pottedplant 0.0053 428 147 500 249
pottedplant 0.0043 431 195 473 281
pottedplant 0.0020 472 215 500 294
pottedplant 0.0017 409 153 453 285
pottedplant 0.0017 395 142 484 256
pottedplant 0.0016 435 216 464 245
pottedplant 0.0012 441 237 465 281
pottedplant 0.0012 428 77 473 239
pottedplant 0.0011 457 169 491 214
