person 0.0576 0 216 16 281
person 0.0193 0 137 22 288
person 0.0118 472 93 498 132
person 0.0040 408 1 485 50
person 0.0035 1 176 15 252
person 0.0032 411 7 449 42
person 0.0026 3 156 17 229
person 0.0020 431 6 474 41
person 0.0019 404 3 431 46
person 0.0019 442 89 496 147
person 0.0018 243 88 273 119
person 0.0016 0 256 24 288
person 0.0016 276 4 395 79
person 0.0014 473 120 500 150
person 0.0014 481 178 500 277
person 0.0014 458 92 493 130
person 0.0014 452 5 482 46
person 0.0013 155 179 180 218
person 0.0012 148 188 170 233
person 0.0012 484 236 500 270
person 0.0011 316 23 358 50
person 0.0010 488 195 500 269
bicycle 0.4063 7 85 421 314
bicycle 0.1923 143 4 490 324
bicycle 0.1184 307 19 499 325
bicycle 0.0245 0 137 22 288
bicycle 0.0095 0 205 20 288
bicycle 0.0084 -2 131 63 289
bicycle 0.0079 438 118 500 272
bicycle 0.0050 304 2 507 176
bicycle 0.0023 399 105 505 248
bicycle 0.0019 473 120 500 150
bicycle 0.0016 472 93 498 132
bicycle 0.0015 384 82 497 170
bicycle 0.0014 476 137 500 259
bicycle 0.0013 0 256 24 288
bicycle 0.0013 -2 50 219 295
bicycle 0.0013 153 1 203 48
bicycle 0.0013 359 27 505 236
bicycle 0.0010 340 37 468 142
car 0.0135 395 -3 493 52
car 0.0062 313 -3 501 55
car 0.0043 316 23 358 50
car 0.0032 300 -10 504 130
car 0.0024 430 22 478 47
car 0.0020 431 6 474 41
car 0.0020 411 7 449 42
car 0.0016 441 110 499 159
car 0.0015 438 102 501 252
car 0.0015 480 166 499 264
car 0.0010 452 5 482 46
motorbike 0.0130 143 4 490 324
motorbike 0.0048 304 2 507 176
motorbike 0.0032 0 205 20 288
motorbike 0.0024 438 102 501 252
motorbike 0.0021 153 1 203 48
motorbike 0.0020 384 82 497 170
motorbike 0.0017 0 137 22 288
motorbike 0.0017 16 40 355 313
motorbike 0.0015 311 13 412 91
motorbike 0.0013 366 60 500 286
boat 0.0039 44 71 456 324
bottle 0.0241 169 271 200 311
bottle 0.0175 164 178 186 219
bottle 0.0139 167 3 199 44
bottle 0.0111 209 12 236 42
bottle 0.0075 184 268 202 312
bottle 0.0067 220 155 256 239
bottle 0.0064 208 160 232 202
bottle 0.0056 199 175 241 247
bottle 0.0055 155 179 180 218
bottle 0.0051 316 162 346 182
bottle 0.0050 148 188 170 233
bottle 0.0038 204 199 234 238
bottle 0.0035 231 155 252 196
bottle 0.0028 208 1 277 47
bottle 0.0025 161 24 198 48
bottle 0.0024 298 177 326 252
bottle 0.0024 194 197 220 238
bottle 0.0023 185 2 206 44
bottle 0.0022 188 174 224 255
bottle 0.0021 161 177 195 248
bottle 0.0017 195 168 217 210
bottle 0.0017 472 93 498 132
bottle 0.0014 458 92 493 130
bottle 0.0014 200 146 242 208
bottle 0.0014 305 123 361 185
bottle 0.0014 170 234 207 314
bottle 0.0013 279 179 310 256
bottle 0.0011 303 173 324 214
bottle 0.0010 0 114 21 282
bottle 0.0010 306 161 336 187
chair 0.0059 311 13 412 91
chair 0.0031 314 2 483 91
chair 0.0030 304 2 507 176
chair 0.0021 318 12 382 66
chair 0.0019 472 93 498 132
chair 0.0012 340 37 468 142
chair 0.0011 354 8 390 78
pottedplant 0.0015 153 1 203 48
diningtable 0.0044 206 17 358 64
diningtable 0.0012 61 13 516 318
tvmonitor 0.0045 399 -1 493 53
