person 0.0205 343 204 402 239
person 0.0022 359 192 395 218
person 0.0011 342 182 407 232
person 0.0011 386 185 409 223
bicycle 0.0027 390 205 421 236
bicycle 0.0018 336 197 409 240
car 0.0056 34 102 263 256
motorbike 0.9007 336 197 409 240
motorbike 0.0177 337 206 384 239
motorbike 0.0112 379 207 411 237
motorbike 0.0035 390 205 421 236
motorbike 0.0019 328 204 355 235
motorbike 0.0013 342 216 403 241
bus 0.0071 34 102 263 256
train 0.1084 34 102 263 256
boat 0.0421 34 102 263 256
bottle 0.0011 34 102 263 256
chair 0.3397 118 205 158 265
chair 0.0072 34 102 263 256
