person 0.7667 149 158 221 264
person 0.1710 88 362 375 502
person 0.0806 166 140 193 178
person 0.0767 159 155 219 213
person 0.0500 320 0 369 63
person 0.0421 295 0 331 22
person 0.0231 146 141 236 228
person 0.0155 151 193 210 253
person 0.0146 300 -5 367 90
person 0.0143 229 144 249 186
person 0.0123 267 0 317 21
person 0.0117 246 0 292 18
person 0.0097 330 0 369 20
person 0.0073 158 137 199 189
person 0.0069 44 163 77 197
person 0.0056 145 182 221 315
person 0.0056 35 165 59 209
person 0.0053 0 1 34 82
person 0.0041 147 203 170 239
person 0.0040 35 161 79 211
person 0.0036 109 99 133 139
person 0.0035 160 204 219 280
person 0.0028 244 0 361 55
person 0.0025 289 0 341 59
person 0.0021 208 0 248 22
person 0.0019 221 396 366 500
person 0.0017 -32 337 409 527
person 0.0016 211 124 245 155
person 0.0013 177 208 210 244
person 0.0013 51 228 397 506
person 0.0013 220 170 252 198
person 0.0012 201 206 223 237
person 0.0012 235 144 255 188
person 0.0012 200 0 340 30
person 0.0011 138 355 382 450
person 0.0011 212 191 254 216
bicycle 0.0308 145 182 221 315
bicycle 0.0030 164 227 219 289
bicycle 0.0016 166 140 193 178
car 0.0260 82 116 112 139
car 0.0086 86 126 111 152
car 0.0038 109 99 133 139
car 0.0031 143 188 171 216
car 0.0021 151 193 210 253
car 0.0021 114 163 206 268
car 0.0021 147 203 170 239
car 0.0021 84 150 119 176
car 0.0019 117 96 140 124
car 0.0019 88 362 375 502
car 0.0017 155 156 222 281
car 0.0015 93 135 143 155
car 0.0015 195 169 231 191
car 0.0015 213 204 254 225
car 0.0015 166 140 193 178
car 0.0014 100 136 171 157
car 0.0012 166 209 198 243
car 0.0010 212 191 254 216
car 0.0010 44 163 77 197
car 0.0010 49 105 229 319
motorbike 0.8047 145 182 221 315
motorbike 0.1430 164 227 219 289
motorbike 0.0205 149 158 221 264
motorbike 0.0138 150 202 209 280
motorbike 0.0101 75 161 226 333
motorbike 0.0028 147 203 170 239
motorbike 0.0018 150 237 208 315
motorbike 0.0017 182 214 212 255
motorbike 0.0014 143 188 171 216
motorbike 0.0012 181 255 216 287
motorbike 0.0012 139 189 180 254
motorbike 0.0011 134 169 176 236
motorbike 0.0011 112 163 209 281
motorbike 0.0010 166 258 195 295
bus 0.0022 26 76 209 342
boat 0.0153 3 453 115 499
boat 0.0082 88 362 375 502
boat 0.0035 146 141 236 228
boat 0.0028 2 400 130 500
boat 0.0022 -32 337 409 527
boat 0.0021 195 169 231 191
boat 0.0020 100 136 171 157
boat 0.0020 4 370 219 501
boat 0.0015 11 449 212 499
boat 0.0014 110 150 162 172
boat 0.0012 149 158 221 264
boat 0.0011 105 115 269 170
boat 0.0011 165 126 262 202
bird 0.0032 320 0 369 63
bird 0.0014 88 362 375 502
cat 0.0302 124 362 377 502
cat 0.0268 320 0 369 63
dog 0.0304 320 0 369 63
dog 0.0281 88 362 375 502
dog 0.0019 330 0 369 20
dog 0.0014 300 -5 367 90
horse 0.0593 88 362 375 502
horse 0.0023 320 0 369 63
sheep 0.0024 320 0 369 63
cow 0.0746 124 362 377 502
cow 0.0029 320 0 369 63
bottle 0.0020 295 0 331 22
bottle 0.0011 88 362 375 502
chair 0.1479 124 362 377 502
chair 0.0072 109 99 133 139
chair 0.0045 82 116 112 139
chair 0.0034 211 402 367 500
chair 0.0017 97 95 139 145
chair 0.0011 86 126 111 152
chair 0.0011 138 174 174 200
sofa 0.0092 124 362 377 502
pottedplant 0.0039 0 103 79 219
pottedplant 0.0017 44 163 77 197
pottedplant 0.0017 44 155 83 184
pottedplant 0.0016 42 130 82 198
pottedplant 0.0015 35 161 79 211
pottedplant 0.0011 35 165 59 209
diningtable 0.0017 100 136 171 157
diningtable 0.0012 124 362 377 502
