person 0.0291 150 184 169 245
person 0.0253 165 176 194 251
person 0.0186 273 192 312 246
person 0.0170 187 178 218 250
person 0.0146 148 178 168 218
person 0.0075 0 213 17 252
person 0.0064 281 183 312 216
person 0.0057 115 178 135 213
person 0.0044 114 196 138 242
person 0.0042 174 174 194 216
person 0.0037 24 200 43 239
person 0.0034 264 157 287 204
person 0.0033 284 160 313 198
person 0.0031 274 167 314 230
person 0.0030 132 181 151 217
person 0.0028 25 215 44 246
person 0.0022 195 177 238 247
person 0.0019 135 187 152 244
person 0.0019 267 200 300 241
person 0.0017 166 213 187 249
person 0.0016 286 212 312 249
person 0.0016 343 226 375 252
person 0.0015 204 166 230 195
person 0.0014 255 200 304 262
person 0.0014 152 211 173 252
person 0.0014 273 148 317 210
person 0.0014 260 153 298 242
person 0.0013 258 113 291 207
person 0.0013 298 165 336 194
person 0.0013 214 189 239 238
person 0.0012 174 166 196 196
person 0.0011 205 175 232 214
bicycle 0.0016 29 218 58 241
bicycle 0.0013 34 197 55 236
car 0.7443 0 213 17 252
car 0.0030 61 204 100 236
car 0.0025 25 215 44 246
car 0.0023 95 101 349 271
car 0.0022 51 201 88 237
car 0.0021 67 218 99 238
car 0.0018 103 216 136 249
car 0.0015 51 219 90 239
car 0.0015 0 176 24 250
motorbike 0.0060 0 213 17 252
bus 0.5802 91 99 393 268
bus 0.0040 0 213 17 252
bus 0.0037 42 195 102 237
bus 0.0021 61 204 100 236
bus 0.0013 78 24 481 282
train 0.0074 42 195 102 237
train 0.0051 0 182 103 245
train 0.0019 0 213 17 252
train 0.0016 6 -19 424 258
boat 0.0060 6 -19 424 258
boat 0.0013 0 213 17 252
boat 0.0010 80 22 341 211
bird 0.0034 111 37 145 53
bottle 0.0042 187 178 218 250
