person 0.0012 65 148 115 210
car 0.1381 46 159 131 273
car 0.0437 296 132 330 159
car 0.0288 47 188 79 213
car 0.0256 74 186 105 213
car 0.0162 49 192 78 229
car 0.0108 53 190 122 249
car 0.0092 66 199 113 230
car 0.0091 66 132 110 148
car 0.0058 297 128 368 153
car 0.0057 43 144 128 216
car 0.0046 63 163 117 224
car 0.0043 293 104 336 125
car 0.0042 293 131 315 160
car 0.0041 88 194 124 231
car 0.0040 91 185 121 214
car 0.0027 51 204 131 313
car 0.0023 289 116 381 131
car 0.0022 335 111 381 131
car 0.0020 346 125 377 158
car 0.0019 45 167 83 223
car 0.0019 292 121 342 163
car 0.0017 110 192 130 237
car 0.0016 80 148 124 213
car 0.0016 292 88 385 155
car 0.0016 94 159 122 201
car 0.0016 294 90 333 121
car 0.0014 89 93 111 135
car 0.0014 42 134 88 151
car 0.0013 75 157 104 204
car 0.0013 78 98 107 139
car 0.0010 292 69 340 124
bird 0.0067 369 164 484 288
dog 0.9737 366 163 465 280
dog 0.0042 361 215 468 289
dog 0.0022 328 164 502 348
dog 0.0016 383 231 404 278
dog 0.0013 367 173 422 264
dog 0.0012 396 175 495 292
bottle 0.0031 74 186 105 213
bottle 0.0022 91 185 121 214
bottle 0.0019 49 192 78 229
bottle 0.0013 47 188 79 213
bottle 0.0012 88 194 124 231
chair 0.0071 233 246 497 371
chair 0.0059 249 288 386 370
chair 0.0046 387 279 489 373
chair 0.0031 155 292 270 374
chair 0.0022 46 159 131 273
chair 0.0018 235 294 279 372
chair 0.0010 199 284 319 373
sofa 0.3768 233 246 497 371
sofa 0.0235 249 288 386 370
sofa 0.0058 387 279 489 373
sofa 0.0011 326 258 489 355
pottedplant 0.0030 340 65 376 125
pottedplant 0.0025 66 132 110 148
diningtable 0.0010 66 132 110 148
tvmonitor 0.0020 43 144 128 216
