person 0.0078 247 11 336 154
person 0.0055 146 -2 351 165
person 0.0028 72 -20 423 326
person 0.0015 223 0 366 206
person 0.0014 199 0 310 70
person 0.0011 146 4 264 206
bicycle 0.0010 80 42 180 87
train 0.0038 57 -27 441 398
bird 0.0146 85 47 128 78
bird 0.0042 100 45 141 73
bird 0.0035 89 39 175 89
bird 0.0029 120 51 174 80
bird 0.0021 85 65 119 88
bottle 0.0128 151 265 174 296
bottle 0.0103 155 7 253 139
bottle 0.0075 111 252 134 293
bottle 0.0066 193 234 311 304
bottle 0.0060 246 246 309 289
bottle 0.0056 164 72 187 97
bottle 0.0045 85 47 128 78
bottle 0.0036 85 65 119 88
bottle 0.0035 145 63 182 87
bottle 0.0030 89 39 175 89
bottle 0.0029 111 235 136 274
bottle 0.0027 151 86 202 159
bottle 0.0026 99 126 114 181
bottle 0.0023 104 245 152 299
bottle 0.0018 225 251 253 284
bottle 0.0018 202 248 308 340
bottle 0.0015 251 255 280 289
bottle 0.0014 83 60 105 89
bottle 0.0013 100 45 141 73
bottle 0.0013 303 0 365 77
bottle 0.0012 225 246 292 295
bottle 0.0012 178 260 216 289
bottle 0.0011 82 236 172 310
bottle 0.0011 146 3 181 76
bottle 0.0010 161 82 201 108
bottle 0.0010 96 251 120 291
chair 0.0053 152 5 251 132
chair 0.0017 203 143 266 210
chair 0.0016 1 44 115 320
chair 0.0014 444 326 500 373
sofa 0.0042 1 231 128 315
sofa 0.0024 152 5 251 132
sofa 0.0017 -2 236 201 376
diningtable 0.0020 10 244 334 370
diningtable 0.0013 2 63 345 379
tvmonitor 0.5788 375 6 504 87
tvmonitor 0.3784 2 31 104 272
tvmonitor 0.0420 90 78 195 226
tvmonitor 0.0094 -4 37 178 335
tvmonitor 0.0064 155 7 253 139
tvmonitor 0.0015 2 228 114 326
tvmonitor 0.0010 144 99 196 166
