person 0.0139 67 100 339 481
person 0.0125 226 396 331 498
person 0.0058 220 237 335 492
person 0.0055 68 91 289 324
person 0.0015 29 21 364 345
car 0.0295 8 82 337 494
car 0.0142 78 91 319 332
motorbike 0.0109 15 60 335 364
boat 0.0022 14 74 335 425
cat 0.0019 220 237 335 492
cat 0.0014 78 144 322 489
dog 0.4767 67 100 339 481
dog 0.1411 68 91 289 324
dog 0.0017 156 218 332 504
dog 0.0016 79 93 161 159
horse 0.2206 67 100 339 481
sheep 0.0191 68 91 289 324
sheep 0.0093 14 74 335 425
cow 0.0276 78 91 319 332
cow 0.0013 8 82 337 494
bottle 0.0026 210 369 254 427
bottle 0.0015 217 396 245 428
chair 0.0042 14 74 335 425
sofa 0.0023 14 74 335 425
diningtable 0.0060 8 82 337 494
