person 0.7503 8 90 321 378
person 0.0288 196 303 370 371
person 0.0167 229 268 354 367
person 0.0114 -1 235 210 375
person 0.0107 175 240 387 376
person 0.0086 14 95 98 211
person 0.0069 50 205 525 387
person 0.0047 18 112 70 169
person 0.0038 258 277 304 332
person 0.0030 18 121 39 166
person 0.0029 11 107 45 171
person 0.0025 110 60 467 383
person 0.0021 307 321 361 369
person 0.0018 406 3 500 354
person 0.0018 291 94 330 118
person 0.0014 0 76 20 240
person 0.0013 2 47 207 233
person 0.0012 -1 92 130 357
person 0.0011 1 235 96 362
person 0.0010 248 225 482 372
train 0.0016 46 13 447 371
cat 0.0014 258 275 299 324
dog 0.0011 258 277 304 332
bottle 0.0022 258 275 299 324
bottle 0.0015 18 121 39 166
chair 0.1509 307 321 361 369
chair 0.0184 9 122 330 386
chair 0.0177 196 303 370 371
chair 0.0069 -1 235 210 375
chair 0.0041 358 317 501 372
chair 0.0034 258 277 304 332
chair 0.0028 44 237 73 267
chair 0.0018 22 241 404 374
chair 0.0012 166 264 331 360
sofa 0.0822 -6 214 425 383
sofa 0.0656 -1 235 210 375
sofa 0.0531 196 303 370 371
sofa 0.0450 332 317 493 369
sofa 0.0394 -2 150 283 368
sofa 0.0391 307 321 361 369
sofa 0.0131 11 286 413 372
sofa 0.0034 194 225 443 373
sofa 0.0024 229 268 354 367
sofa 0.0021 260 315 457 377
sofa 0.0021 1 235 96 362
sofa 0.0017 166 264 331 360
sofa 0.0012 45 292 208 368
sofa 0.0010 -1 170 122 367
diningtable 0.0544 332 317 493 369
tvmonitor 0.2045 -17 0 215 58
tvmonitor 0.1111 257 32 403 238
tvmonitor 0.0153 3 20 211 211
tvmonitor 0.0095 264 8 394 52
tvmonitor 0.0025 -5 30 297 358
