person 0.5902 119 12 190 127
person 0.0775 106 29 208 162
person 0.0398 116 15 173 85
person 0.0129 108 27 151 123
person 0.0095 67 63 111 171
person 0.0081 147 14 180 65
person 0.0068 309 50 320 173
person 0.0036 118 37 144 85
person 0.0029 55 63 123 218
person 0.0026 139 14 186 86
person 0.0018 147 29 209 108
person 0.0017 146 20 180 126
person 0.0017 314 60 320 110
person 0.0016 80 65 108 106
person 0.0016 196 108 214 132
person 0.0013 79 62 130 160
person 0.0012 121 31 156 92
person 0.0010 307 100 320 219
car 0.0032 245 126 316 174
bus 0.0013 309 50 320 173
bus 0.0010 203 73 318 210
horse 0.6153 98 49 214 176
horse 0.0472 22 32 252 245
horse 0.0092 67 63 111 171
horse 0.0034 152 60 210 165
horse 0.0025 79 62 130 160
horse 0.0023 80 65 108 106
horse 0.0022 190 73 217 127
horse 0.0021 64 54 158 179
horse 0.0019 162 57 219 119
horse 0.0015 203 73 318 210
horse 0.0014 127 82 296 197
horse 0.0012 91 25 321 211
chair 0.0047 97 160 315 229
chair 0.0036 309 60 320 185
chair 0.0028 243 138 315 182
chair 0.0020 203 73 318 210
chair 0.0013 67 63 111 171
pottedplant 0.0021 265 99 287 124
pottedplant 0.0017 245 126 316 174
