person 0.0293 1 224 127 330
person 0.0162 394 230 499 330
person 0.0131 2 280 409 337
person 0.0048 0 221 48 330
person 0.0025 25 268 298 322
person 0.0023 1 97 107 316
person 0.0015 307 220 510 335
person 0.0013 349 260 397 282
person 0.0012 471 227 498 326
person 0.0011 2 52 348 354
person 0.0011 102 268 137 289
bicycle 0.0012 98 180 153 205
bicycle 0.0011 362 87 401 121
car 0.1027 72 162 109 186
car 0.0704 127 153 191 196
car 0.0578 132 154 194 172
car 0.0369 191 171 214 194
car 0.0335 85 154 196 203
car 0.0183 120 158 168 187
car 0.0180 97 169 155 189
car 0.0125 84 124 127 148
car 0.0113 161 159 191 191
car 0.0081 73 175 107 211
car 0.0070 98 180 153 205
car 0.0068 112 123 144 148
car 0.0044 69 167 134 209
car 0.0028 77 180 127 207
car 0.0014 113 143 148 170
car 0.0013 130 122 164 154
car 0.0010 73 114 135 159
aeroplane 0.0029 132 154 194 172
bus 0.0010 73 143 197 203
bus 0.0010 127 153 191 196
train 0.0037 127 153 191 196
train 0.0017 85 154 196 203
train 0.0013 132 154 194 172
boat 0.0020 72 162 109 186
bird 0.0033 362 87 401 121
cat 0.0114 349 260 397 282
cat 0.0025 102 268 137 289
cat 0.0016 345 263 380 282
dog 0.0102 349 260 397 282
dog 0.0039 102 268 137 289
dog 0.0014 345 263 380 282
dog 0.0012 394 230 499 330
horse 0.0013 362 87 401 121
bottle 0.0014 349 260 397 282
chair 0.3588 394 230 499 330
chair 0.0539 1 224 127 330
chair 0.0250 44 280 451 336
chair 0.0192 182 237 324 298
chair 0.0163 283 202 312 229
chair 0.0155 0 221 48 330
chair 0.0114 303 211 323 250
chair 0.0098 25 268 298 322
chair 0.0074 280 155 319 233
chair 0.0070 142 244 430 320
chair 0.0059 310 207 416 269
chair 0.0043 315 240 395 264
chair 0.0041 283 175 314 207
chair 0.0037 161 159 191 191
chair 0.0030 204 264 281 285
chair 0.0028 36 235 113 280
chair 0.0027 307 220 510 335
chair 0.0026 471 227 498 326
chair 0.0023 138 157 193 187
chair 0.0022 285 253 450 325
chair 0.0022 73 175 107 211
chair 0.0021 188 176 215 202
chair 0.0021 397 193 503 284
chair 0.0019 64 251 366 309
chair 0.0017 358 201 404 227
chair 0.0015 31 243 257 302
chair 0.0015 449 281 500 333
chair 0.0015 57 281 231 332
chair 0.0014 314 224 479 283
chair 0.0013 452 224 499 287
chair 0.0013 397 236 471 278
chair 0.0012 -9 212 437 343
chair 0.0012 102 268 137 289
chair 0.0011 322 195 465 264
chair 0.0010 443 210 499 260
chair 0.0010 120 158 168 187
sofa 0.5783 394 230 499 330
sofa 0.4439 -11 243 430 337
sofa 0.2562 1 224 127 330
sofa 0.0595 103 274 482 337
sofa 0.0495 -3 281 369 334
sofa 0.0474 0 221 48 330
sofa 0.0280 182 237 324 298
sofa 0.0274 25 268 298 322
sofa 0.0181 64 251 366 309
sofa 0.0108 307 220 510 335
sofa 0.0059 74 204 498 349
sofa 0.0049 136 263 387 325
sofa 0.0047 31 243 257 302
sofa 0.0040 285 253 450 325
sofa 0.0037 315 240 395 264
sofa 0.0031 42 238 121 293
sofa 0.0027 2 203 49 278
sofa 0.0026 454 222 499 328
sofa 0.0023 5 133 415 349
sofa 0.0018 62 215 217 279
sofa 0.0016 57 281 231 332
sofa 0.0015 310 207 416 269
sofa 0.0013 16 184 335 320
sofa 0.0012 328 226 496 289
sofa 0.0010 469 221 499 296
pottedplant 0.0184 191 171 214 194
pottedplant 0.0018 130 122 164 154
pottedplant 0.0012 0 221 48 330
diningtable 0.2267 50 237 456 337
diningtable 0.1374 185 234 323 281
diningtable 0.0053 64 251 366 309
diningtable 0.0052 315 240 395 264
diningtable 0.0037 166 227 383 288
diningtable 0.0036 15 281 426 336
diningtable 0.0031 138 157 193 187
diningtable 0.0026 120 158 168 187
diningtable 0.0017 97 169 155 189
diningtable 0.0017 159 262 439 330
diningtable 0.0013 184 206 300 273
diningtable 0.0012 77 180 127 207
diningtable 0.0010 98 180 153 205
tvmonitor 0.8574 215 154 279 229
tvmonitor 0.0102 355 194 424 236
tvmonitor 0.0090 362 202 411 228
tvmonitor 0.0086 332 180 452 248
tvmonitor 0.0033 344 143 457 188
tvmonitor 0.0014 399 199 425 233
tvmonitor 0.0012 353 183 429 203
tvmonitor 0.0011 253 116 301 160
tvmonitor 0.0010 334 155 462 203
