person 0.2236 402 248 429 283
person 0.0305 284 255 307 281
person 0.0278 437 251 464 283
person 0.0265 364 248 386 281
person 0.0222 409 250 454 282
person 0.0166 343 250 367 282
person 0.0157 326 260 354 281
person 0.0112 286 230 306 285
person 0.0092 350 237 369 280
person 0.0078 380 238 405 277
person 0.0056 227 107 259 134
person 0.0031 194 85 214 120
person 0.0026 278 220 311 282
person 0.0022 387 238 448 280
person 0.0020 301 265 338 282
person 0.0018 211 101 232 138
person 0.0015 482 231 499 282
person 0.0015 238 105 284 133
person 0.0012 0 201 11 266
bicycle 0.0256 402 248 429 283
bicycle 0.0093 409 250 454 282
bicycle 0.0074 364 248 386 281
bicycle 0.0071 437 251 464 283
bicycle 0.0041 396 238 463 279
bicycle 0.0020 379 252 409 281
bicycle 0.0011 386 243 491 297
car 0.0043 396 238 463 279
car 0.0017 397 242 432 278
car 0.0014 409 250 454 282
train 0.7774 38 49 377 287
train 0.0042 396 238 463 279
train 0.0034 0 142 96 285
train 0.0030 383 220 483 289
train 0.0014 0 92 204 287
