person 0.0041 0 155 16 319
person 0.0019 0 179 10 246
person 0.0011 34 58 248 267
boat 0.0018 46 117 314 306
bird 0.0026 46 117 314 306
bird 0.0012 452 191 500 241
bird 0.0011 294 129 464 263
cat 0.3738 294 129 464 263
cat 0.0128 46 117 314 306
cat 0.0013 452 191 500 241
dog 0.3601 312 132 465 264
dog 0.3168 46 117 314 306
dog 0.0056 26 33 393 310
horse 0.0296 65 118 334 303
horse 0.0028 294 129 464 263
horse 0.0023 26 33 393 310
sheep 0.2301 65 118 334 303
sheep 0.0276 294 129 464 263
sheep 0.0064 452 191 500 241
sheep 0.0015 152 223 499 324
sheep 0.0012 59 39 520 295
cow 0.6014 65 118 334 303
cow 0.0428 312 132 465 264
cow 0.0027 32 37 469 300
cow 0.0021 12 47 265 206
cow 0.0013 197 121 472 276
