person 0.2223 253 188 279 214
person 0.0115 56 30 86 59
person 0.0105 74 44 97 80
person 0.0090 55 38 84 80
person 0.0056 68 28 92 59
person 0.0047 58 181 81 212
person 0.0021 75 183 102 212
motorbike 0.0011 52 27 95 83
bird 0.0012 56 30 86 59
cat 0.0316 253 188 279 214
cat 0.0014 433 110 455 160
dog 0.0385 253 188 279 214
horse 0.0040 74 44 97 80
horse 0.0022 52 27 95 83
horse 0.0012 56 30 86 59
horse 0.0011 56 61 84 87
bottle 0.1314 75 183 102 212
bottle 0.0277 58 181 81 212
bottle 0.0063 253 188 279 214
bottle 0.0028 71 195 103 215
bottle 0.0021 110 176 135 212
bottle 0.0017 56 193 79 217
bottle 0.0016 457 174 472 214
bottle 0.0014 55 38 84 80
bottle 0.0012 74 44 97 80
bottle 0.0011 152 37 171 76
chair 0.9584 325 110 394 210
chair 0.1967 49 150 96 206
chair 0.0587 246 130 302 190
chair 0.0295 284 191 352 213
chair 0.0162 41 153 138 209
chair 0.0162 162 160 195 183
chair 0.0159 326 111 393 161
chair 0.0156 111 164 232 210
chair 0.0092 249 124 299 145
chair 0.0092 253 188 279 214
chair 0.0076 302 120 322 145
chair 0.0064 123 174 170 202
chair 0.0056 195 133 246 182
chair 0.0048 58 181 81 212
chair 0.0048 301 122 335 185
chair 0.0034 102 198 132 214
chair 0.0033 157 133 198 182
chair 0.0027 302 109 333 140
chair 0.0026 202 121 230 148
chair 0.0025 320 147 340 195
chair 0.0022 139 166 186 188
chair 0.0021 110 176 135 212
chair 0.0021 310 152 335 191
chair 0.0020 158 103 197 165
chair 0.0019 52 167 110 214
chair 0.0018 259 187 338 210
chair 0.0017 245 188 349 223
chair 0.0016 75 183 102 212
chair 0.0016 321 116 356 198
chair 0.0016 325 114 351 151
chair 0.0015 407 160 466 213
chair 0.0013 317 108 352 132
chair 0.0013 130 171 166 189
chair 0.0013 326 162 387 211
chair 0.0012 379 99 407 129
chair 0.0012 232 162 348 212
sofa 0.2268 320 108 390 207
sofa 0.0923 246 130 302 190
sofa 0.0213 111 164 232 210
sofa 0.0144 284 191 352 213
sofa 0.0070 195 133 246 182
sofa 0.0063 249 124 299 145
sofa 0.0062 253 188 279 214
sofa 0.0042 243 183 356 215
sofa 0.0031 232 162 348 212
sofa 0.0024 41 153 138 209
sofa 0.0023 301 122 335 185
sofa 0.0023 49 150 96 206
sofa 0.0019 326 111 393 161
sofa 0.0018 146 170 294 214
sofa 0.0018 202 121 230 148
sofa 0.0011 302 120 322 145
pottedplant 0.3545 433 110 455 160
pottedplant 0.0845 152 37 171 76
pottedplant 0.0058 75 183 102 212
pottedplant 0.0037 379 99 407 129
pottedplant 0.0035 253 188 279 214
pottedplant 0.0030 381 67 414 172
pottedplant 0.0028 152 43 186 111
pottedplant 0.0028 156 61 179 95
pottedplant 0.0027 391 48 422 185
pottedplant 0.0024 378 93 409 116
pottedplant 0.0023 400 101 475 205
pottedplant 0.0020 419 151 454 173
pottedplant 0.0017 160 79 180 117
pottedplant 0.0017 52 27 95 83
pottedplant 0.0016 165 64 194 93
pottedplant 0.0013 187 75 202 120
pottedplant 0.0012 433 142 456 164
diningtable 0.0108 110 173 254 213
diningtable 0.0042 284 191 352 213
diningtable 0.0034 249 124 299 145
diningtable 0.0023 245 188 349 223
diningtable 0.0013 123 174 170 202
diningtable 0.0010 302 120 322 145
tvmonitor 0.0096 202 121 230 148
tvmonitor 0.0025 407 160 466 213
tvmonitor 0.0014 124 66 156 165
