person 0.4645 1 164 20 204
person 0.0205 468 217 500 295
person 0.0107 0 166 48 229
person 0.0105 469 215 500 369
person 0.0072 -1 188 50 247
person 0.0071 8 184 44 206
person 0.0061 353 143 384 212
person 0.0040 8 166 44 202
person 0.0033 454 217 477 249
person 0.0032 396 210 426 234
person 0.0029 474 257 499 295
person 0.0026 316 206 410 265
person 0.0024 36 189 61 210
person 0.0023 -1 154 28 209
person 0.0018 347 178 367 214
person 0.0015 0 195 25 240
person 0.0014 0 193 31 272
person 0.0014 0 189 29 358
person 0.0013 379 208 403 232
person 0.0011 360 208 392 231
person 0.0010 304 204 332 236
person 0.0010 246 182 268 217
person 0.0010 353 139 371 189
person 0.0010 244 253 263 296
bicycle 0.0026 48 211 78 337
car 0.0098 8 184 44 206
car 0.0022 36 189 61 210
car 0.0016 179 89 201 115
car 0.0011 365 355 463 377
car 0.0010 1 164 20 204
bottle 0.0088 244 253 263 296
chair 0.6504 397 236 491 366
chair 0.5641 151 281 242 375
chair 0.4664 368 222 414 319
chair 0.2764 110 211 144 282
chair 0.2746 274 217 331 288
chair 0.2709 27 211 72 341
chair 0.2579 336 218 373 291
chair 0.2418 0 233 62 362
chair 0.2222 240 261 321 340
chair 0.2182 320 211 359 291
chair 0.2180 379 208 403 232
chair 0.2179 409 217 458 244
chair 0.2175 468 217 500 295
chair 0.1962 194 247 258 297
chair 0.1645 357 220 396 294
chair 0.1335 48 211 78 337
chair 0.1328 187 214 217 245
chair 0.1237 266 209 323 261
chair 0.1216 388 230 434 317
chair 0.1207 454 217 477 249
chair 0.1200 246 213 273 249
chair 0.1125 319 209 345 256
chair 0.1122 318 205 344 231
chair 0.1100 36 200 68 227
chair 0.1014 274 215 311 251
chair 0.1000 95 195 120 236
chair 0.0974 155 231 214 283
chair 0.0910 432 217 474 245
chair 0.0893 171 201 199 233
chair 0.0888 334 215 402 314
chair 0.0797 274 254 329 326
chair 0.0794 270 255 382 361
chair 0.0778 244 219 277 284
chair 0.0776 261 200 301 233
chair 0.0767 112 210 168 272
chair 0.0753 396 210 426 234
chair 0.0751 233 206 259 234
chair 0.0724 255 304 468 374
chair 0.0678 103 201 139 233
chair 0.0675 156 221 208 246
chair 0.0673 130 197 158 234
chair 0.0639 414 229 478 282
chair 0.0602 131 219 164 244
chair 0.0554 148 204 182 235
chair 0.0541 46 201 80 234
chair 0.0519 402 240 464 313
chair 0.0501 455 219 500 325
chair 0.0463 216 226 258 246
chair 0.0457 305 218 332 253
chair 0.0443 246 200 267 237
chair 0.0431 360 208 392 231
chair 0.0426 0 189 29 358
chair 0.0414 285 241 336 309
chair 0.0412 285 211 362 311
chair 0.0399 312 248 411 361
chair 0.0385 336 211 378 229
chair 0.0373 25 218 66 246
chair 0.0364 96 278 149 372
chair 0.0360 366 236 458 362
chair 0.0350 142 220 185 243
chair 0.0324 129 253 167 338
chair 0.0320 298 208 342 263
chair 0.0317 304 204 332 236
chair 0.0311 276 203 309 237
chair 0.0308 135 258 178 370
chair 0.0297 26 201 73 266
chair 0.0286 377 214 404 251
chair 0.0280 393 216 441 245
chair 0.0271 0 169 20 211
chair 0.0270 474 257 499 295
chair 0.0269 262 216 298 254
chair 0.0269 45 197 85 268
chair 0.0266 244 253 263 296
chair 0.0252 152 212 216 264
chair 0.0246 98 193 145 245
chair 0.0245 24 253 64 369
chair 0.0243 438 223 497 368
chair 0.0236 3 210 48 299
chair 0.0234 197 203 235 236
chair 0.0233 223 244 423 369
chair 0.0223 425 258 481 325
chair 0.0213 0 193 50 268
chair 0.0209 260 231 286 275
chair 0.0201 237 285 331 375
chair 0.0196 245 250 307 300
chair 0.0187 185 249 215 287
chair 0.0186 361 225 385 277
chair 0.0185 368 213 464 301
chair 0.0182 173 245 228 297
chair 0.0180 210 231 266 285
chair 0.0161 360 215 387 255
chair 0.0151 75 197 104 239
chair 0.0150 340 218 371 253
chair 0.0143 131 187 156 211
chair 0.0143 134 238 228 305
chair 0.0142 113 247 315 371
chair 0.0142 0 257 26 371
chair 0.0131 257 183 305 213
chair 0.0131 154 192 214 243
chair 0.0125 375 298 496 370
sofa 0.0146 468 217 500 295
sofa 0.0090 96 278 149 372
sofa 0.0030 357 212 459 259
sofa 0.0022 390 213 486 263
sofa 0.0013 257 208 338 269
sofa 0.0011 138 277 235 373
sofa 0.0011 410 214 458 235
sofa 0.0010 275 245 331 299
sofa 0.0010 469 215 500 369
sofa 0.0010 403 220 494 292
pottedplant 0.2785 159 162 214 221
pottedplant 0.0639 257 183 305 213
pottedplant 0.0512 246 182 268 217
pottedplant 0.0320 349 141 375 212
pottedplant 0.0312 131 187 156 211
pottedplant 0.0303 247 151 307 212
pottedplant 0.0245 188 175 214 215
pottedplant 0.0224 1 164 20 204
pottedplant 0.0202 156 184 181 218
pottedplant 0.0177 246 200 267 237
pottedplant 0.0157 165 178 201 216
pottedplant 0.0141 246 96 312 227
pottedplant 0.0112 244 253 263 296
pottedplant 0.0092 140 168 191 227
pottedplant 0.0083 211 83 238 234
pottedplant 0.0078 154 192 214 243
pottedplant 0.0069 177 140 249 234
pottedplant 0.0055 186 162 215 202
pottedplant 0.0050 36 189 61 210
pottedplant 0.0050 353 139 371 189
pottedplant 0.0048 0 158 53 206
pottedplant 0.0046 244 171 283 230
pottedplant 0.0043 216 125 290 236
pottedplant 0.0042 164 163 200 203
pottedplant 0.0041 219 112 251 247
pottedplant 0.0038 347 178 367 214
pottedplant 0.0036 245 163 276 200
pottedplant 0.0034 255 190 307 245
pottedplant 0.0032 358 150 380 208
pottedplant 0.0031 171 201 199 233
pottedplant 0.0026 130 197 158 234
pottedplant 0.0026 468 217 500 295
pottedplant 0.0025 118 163 215 232
pottedplant 0.0025 274 142 312 216
pottedplant 0.0025 281 99 316 222
pottedplant 0.0023 283 166 308 200
pottedplant 0.0022 306 104 328 217
pottedplant 0.0022 34 164 61 202
pottedplant 0.0022 155 165 182 197
pottedplant 0.0020 128 169 161 199
pottedplant 0.0020 258 170 302 198
pottedplant 0.0020 148 204 182 235
pottedplant 0.0019 141 31 290 260
pottedplant 0.0017 117 156 172 209
pottedplant 0.0016 245 117 284 208
pottedplant 0.0016 266 177 314 226
pottedplant 0.0014 102 191 144 213
pottedplant 0.0013 221 161 259 238
pottedplant 0.0013 287 139 307 183
pottedplant 0.0013 96 153 154 207
pottedplant 0.0013 124 174 170 228
pottedplant 0.0012 246 143 275 179
pottedplant 0.0012 263 141 297 181
pottedplant 0.0011 134 194 187 242
pottedplant 0.0010 203 159 242 238
pottedplant 0.0010 320 134 350 217
diningtable 0.1510 -1 188 50 247
diningtable 0.1301 142 220 185 243
diningtable 0.1144 8 184 44 206
diningtable 0.1119 158 239 262 294
diningtable 0.1028 147 275 335 350
diningtable 0.1010 185 267 315 331
diningtable 0.0965 156 221 208 246
diningtable 0.0826 1 195 64 350
diningtable 0.0615 417 238 479 267
diningtable 0.0602 248 278 311 296
diningtable 0.0559 148 204 182 235
diningtable 0.0496 409 217 458 244
diningtable 0.0474 0 193 31 272
diningtable 0.0424 336 211 378 229
diningtable 0.0371 206 246 263 298
diningtable 0.0360 194 236 296 306
diningtable 0.0356 36 200 68 227
diningtable 0.0333 0 195 25 240
diningtable 0.0306 393 216 441 245
diningtable 0.0300 155 231 214 283
diningtable 0.0297 0 189 29 358
diningtable 0.0289 206 239 266 265
diningtable 0.0287 216 226 258 246
diningtable 0.0286 0 169 20 211
diningtable 0.0274 113 247 315 371
diningtable 0.0270 130 197 158 234
diningtable 0.0213 318 205 344 231
diningtable 0.0204 0 209 22 255
diningtable 0.0183 131 219 164 244
diningtable 0.0181 46 201 80 234
diningtable 0.0155 357 212 459 259
diningtable 0.0154 239 272 314 321
diningtable 0.0153 0 237 23 273
diningtable 0.0152 9 197 90 268
diningtable 0.0145 25 218 66 246
diningtable 0.0140 459 258 489 287
diningtable 0.0137 11 221 49 367
diningtable 0.0133 27 211 72 341
diningtable 0.0132 134 238 228 305
diningtable 0.0132 95 195 120 236
diningtable 0.0129 171 201 199 233
diningtable 0.0129 103 201 139 233
diningtable 0.0126 379 208 403 232
diningtable 0.0125 16 219 48 250
diningtable 0.0120 152 212 216 264
diningtable 0.0115 474 257 499 295
diningtable 0.0109 253 215 330 315
diningtable 0.0109 3 210 48 299
diningtable 0.0105 377 214 404 251
diningtable 0.0101 432 217 474 245
diningtable 0.0100 0 166 48 229
diningtable 0.0099 305 218 332 253
diningtable 0.0095 396 210 426 234
diningtable 0.0093 0 179 66 277
diningtable 0.0084 13 235 43 268
diningtable 0.0084 360 208 392 231
diningtable 0.0082 146 282 250 372
diningtable 0.0078 319 209 345 256
diningtable 0.0078 115 220 216 282
diningtable 0.0075 36 189 61 210
diningtable 0.0072 448 225 501 359
diningtable 0.0070 403 229 494 320
diningtable 0.0063 274 215 311 251
diningtable 0.0062 261 200 301 233
diningtable 0.0062 459 238 489 278
diningtable 0.0062 147 254 252 331
diningtable 0.0061 390 213 486 263
diningtable 0.0060 360 215 387 255
diningtable 0.0058 154 192 214 243
diningtable 0.0058 51 207 84 252
diningtable 0.0056 418 240 479 305
diningtable 0.0054 340 218 371 253
diningtable 0.0054 237 285 331 375
diningtable 0.0052 187 214 217 245
diningtable 0.0051 246 200 267 237
diningtable 0.0048 316 206 410 265
diningtable 0.0048 0 252 20 293
diningtable 0.0047 473 271 500 305
diningtable 0.0046 257 208 338 269
diningtable 0.0045 181 240 218 278
diningtable 0.0043 299 234 335 264
diningtable 0.0043 246 213 273 249
diningtable 0.0043 454 217 477 249
diningtable 0.0042 135 209 190 260
diningtable 0.0040 177 235 406 373
diningtable 0.0040 134 194 187 242
diningtable 0.0037 304 204 332 236
diningtable 0.0036 407 221 467 287
diningtable 0.0035 75 197 104 239
diningtable 0.0034 144 239 185 275
diningtable 0.0033 111 217 166 281
diningtable 0.0033 276 203 309 237
diningtable 0.0033 466 217 500 326
diningtable 0.0031 453 275 492 304
diningtable 0.0030 48 211 78 337
diningtable 0.0028 194 224 250 246
diningtable 0.0026 37 195 91 212
diningtable 0.0026 233 206 259 234
diningtable 0.0025 21 195 74 246
diningtable 0.0025 394 238 431 264
