person 0.0921 0 158 11 223
person 0.0669 110 179 134 217
person 0.0617 389 175 415 202
person 0.0217 325 168 354 200
person 0.0177 340 194 371 252
person 0.0103 129 174 155 211
person 0.0089 457 210 477 247
person 0.0082 305 168 332 199
person 0.0069 341 168 368 196
person 0.0067 142 172 171 210
person 0.0063 299 171 321 204
person 0.0055 435 47 466 76
person 0.0050 50 184 72 228
person 0.0049 378 174 417 234
person 0.0047 321 193 363 248
person 0.0046 372 198 420 243
person 0.0045 397 175 428 200
person 0.0045 317 177 360 233
person 0.0044 0 140 11 199
person 0.0044 321 190 353 226
person 0.0033 41 180 60 232
person 0.0033 38 137 64 232
person 0.0031 125 224 182 254
person 0.0031 315 163 362 211
person 0.0031 418 171 450 196
person 0.0030 383 185 414 219
person 0.0029 115 176 160 224
person 0.0026 436 210 463 245
person 0.0025 315 150 445 247
person 0.0024 431 30 480 84
person 0.0024 363 169 394 195
person 0.0022 428 209 474 271
person 0.0022 139 159 167 185
person 0.0021 417 212 459 264
person 0.0020 419 223 458 249
person 0.0020 421 211 455 244
person 0.0019 370 202 400 239
person 0.0019 343 189 368 226
person 0.0018 254 177 280 204
person 0.0016 452 184 480 303
person 0.0016 104 160 139 215
person 0.0016 68 195 100 220
person 0.0015 119 203 182 252
person 0.0014 0 116 13 223
person 0.0013 324 161 354 188
person 0.0011 248 185 279 223
person 0.0010 130 176 179 224
person 0.0010 390 174 435 230
bicycle 0.0060 139 182 169 214
bicycle 0.0034 77 148 250 229
bicycle 0.0032 130 180 156 215
bicycle 0.0024 130 176 179 224
bicycle 0.0023 0 175 13 225
bicycle 0.0014 151 178 201 226
bicycle 0.0013 159 183 194 214
bicycle 0.0010 97 163 215 245
car 0.0025 0 158 11 223
motorbike 0.0024 0 175 13 225
bus 0.0037 -11 52 422 264
bus 0.0015 0 116 13 223
bus 0.0011 0 158 11 223
train 0.1568 287 104 481 287
train 0.1257 -11 52 422 264
train 0.0861 31 103 299 232
train 0.0093 112 129 445 267
train 0.0073 2 114 58 227
train 0.0071 315 150 445 247
train 0.0070 47 129 264 207
train 0.0064 77 148 250 229
train 0.0051 0 116 13 223
train 0.0041 43 111 292 152
train 0.0027 157 111 323 151
train 0.0021 13 129 176 215
train 0.0019 47 0 509 175
train 0.0017 140 117 329 184
train 0.0013 0 158 11 223
train 0.0011 0 140 11 199
train 0.0011 245 155 388 241
chair 0.0070 0 175 13 225
chair 0.0011 451 245 479 316
