person 0.0081 0 73 24 325
person 0.0024 371 189 406 285
person 0.0021 0 70 29 171
person 0.0012 -2 60 118 243
person 0.0010 0 50 63 182
bird 0.0015 467 231 500 308
bird 0.0011 266 151 361 311
dog 0.0056 0 152 93 316
dog 0.0034 266 151 361 311
dog 0.0031 98 155 198 319
dog 0.0012 467 231 500 308
horse 0.0044 355 64 500 364
horse 0.0015 4 67 106 166
sheep 0.8544 0 147 116 320
sheep 0.8166 204 141 281 290
sheep 0.7344 349 51 505 344
sheep 0.5242 264 153 364 303
sheep 0.5093 107 141 212 319
sheep 0.4286 -1 75 106 167
sheep 0.1725 43 161 127 306
sheep 0.1433 302 78 432 293
sheep 0.1188 75 97 207 194
sheep 0.1050 0 65 29 210
sheep 0.0671 16 91 165 196
sheep 0.0576 2 69 196 231
sheep 0.0420 0 73 24 325
sheep 0.0398 112 102 221 259
sheep 0.0333 283 80 362 200
sheep 0.0303 -3 62 68 210
sheep 0.0146 -1 50 46 155
sheep 0.0133 467 231 500 308
sheep 0.0123 247 201 356 326
sheep 0.0121 0 71 58 310
sheep 0.0107 354 172 433 293
sheep 0.0105 392 201 490 332
sheep 0.0088 0 163 18 339
sheep 0.0061 289 153 352 206
sheep 0.0060 2 63 42 94
sheep 0.0054 -3 48 106 117
sheep 0.0053 27 90 225 157
sheep 0.0051 26 84 106 110
sheep 0.0050 273 62 396 262
sheep 0.0049 288 83 351 154
sheep 0.0036 0 128 52 257
sheep 0.0032 0 185 65 321
sheep 0.0029 4 146 88 249
sheep 0.0027 435 33 503 353
sheep 0.0026 329 155 409 288
sheep 0.0024 212 258 352 324
sheep 0.0020 82 159 179 314
sheep 0.0020 388 194 438 246
sheep 0.0019 280 119 362 244
sheep 0.0018 0 105 21 166
sheep 0.0018 282 83 352 108
sheep 0.0017 230 93 368 297
sheep 0.0016 29 99 102 165
sheep 0.0015 -3 52 38 114
sheep 0.0014 124 107 228 176
sheep 0.0014 161 127 244 269
sheep 0.0013 390 187 487 277
sheep 0.0013 479 80 500 311
sheep 0.0013 357 183 402 285
sheep 0.0012 443 101 502 273
sheep 0.0011 0 135 20 180
sheep 0.0011 198 252 242 301
sheep 0.0011 108 150 192 242
sheep 0.0010 171 279 355 345
sheep 0.0010 294 67 441 159
sheep 0.0010 60 88 108 114
cow 0.0198 335 78 495 353
cow 0.0135 204 137 278 290
cow 0.0088 467 231 500 308
cow 0.0042 262 146 369 321
cow 0.0034 0 163 18 339
cow 0.0032 98 155 198 319
cow 0.0026 0 152 93 316
cow 0.0019 0 226 16 321
cow 0.0012 0 73 24 325
cow 0.0012 357 183 402 285
cow 0.0010 0 242 56 311
cow 0.0010 -3 48 106 117
