person 0.3525 181 102 248 284
person 0.0148 259 95 289 126
person 0.0108 225 56 247 101
person 0.0084 252 92 280 115
person 0.0060 227 90 287 149
person 0.0058 253 90 296 148
person 0.0055 222 112 295 286
person 0.0051 201 163 248 265
person 0.0041 203 138 230 170
person 0.0034 197 86 327 292
person 0.0031 182 147 219 282
person 0.0030 195 112 240 199
person 0.0026 92 76 250 280
person 0.0025 182 102 232 169
person 0.0021 257 78 293 198
person 0.0019 441 38 461 82
person 0.0016 222 52 267 107
person 0.0016 248 57 270 103
person 0.0016 255 178 292 284
person 0.0014 119 164 155 190
person 0.0013 221 158 246 183
person 0.0011 236 90 283 225
person 0.0011 171 112 201 275
person 0.0011 394 37 462 85
person 0.0010 199 159 244 181
person 0.0010 217 86 255 268
car 0.0022 283 114 359 280
car 0.0012 269 297 445 325
car 0.0010 287 196 313 235
bus 0.0053 20 -24 477 139
train 0.0038 53 0 445 102
train 0.0024 154 -4 503 56
train 0.0012 35 -69 538 94
cat 0.0018 119 164 155 190
dog 0.0013 119 164 155 190
horse 0.9393 210 92 356 289
horse 0.0687 171 73 254 287
horse 0.0150 283 114 359 280
horse 0.0055 222 112 295 286
horse 0.0037 259 95 289 126
horse 0.0022 182 102 232 169
horse 0.0018 252 92 280 115
horse 0.0017 191 86 236 151
horse 0.0012 227 90 287 149
horse 0.0011 247 91 349 219
cow 0.0062 207 75 361 288
cow 0.0020 283 114 359 280
bottle 0.0022 225 56 247 101
chair 0.0010 482 99 500 292
pottedplant 0.0073 119 164 155 190
pottedplant 0.0010 474 54 500 149
diningtable 0.0015 -2 207 105 257
