person 0.9486 475 249 500 373
person 0.4816 237 100 277 153
person 0.4504 295 120 331 157
person 0.3689 287 118 317 150
person 0.2118 164 120 197 157
person 0.1811 161 108 210 164
person 0.1338 175 96 218 148
person 0.0583 168 104 208 138
person 0.0578 160 141 213 206
person 0.0575 208 127 242 157
person 0.0546 274 118 327 162
person 0.0538 192 123 220 154
person 0.0482 301 139 333 179
person 0.0435 221 118 251 154
person 0.0415 223 107 255 144
person 0.0366 219 107 272 161
person 0.0300 264 115 288 154
person 0.0238 295 119 333 229
person 0.0214 205 100 227 136
person 0.0125 167 151 206 172
person 0.0121 155 112 214 237
person 0.0107 173 125 223 190
person 0.0103 482 278 499 341
person 0.0094 197 145 245 169
person 0.0089 306 155 333 192
person 0.0087 193 115 245 164
person 0.0083 188 95 213 121
person 0.0061 257 149 306 172
person 0.0058 183 147 220 170
person 0.0054 177 166 222 194
person 0.0044 487 299 499 372
person 0.0043 188 116 312 199
person 0.0038 252 111 302 165
person 0.0035 266 146 333 199
person 0.0031 159 114 248 194
person 0.0029 159 122 182 160
person 0.0028 163 161 209 189
person 0.0026 239 122 333 193
person 0.0025 477 266 499 321
person 0.0025 462 236 495 355
person 0.0025 239 144 278 167
person 0.0024 -1 256 26 280
person 0.0021 479 254 499 296
person 0.0019 251 134 309 182
person 0.0017 179 182 226 203
person 0.0017 481 243 499 274
person 0.0016 220 144 253 170
person 0.0015 161 233 177 278
person 0.0012 153 95 218 182
person 0.0012 278 161 316 193
person 0.0010 296 113 324 143
bicycle 0.0022 484 318 499 375
car 0.9520 45 266 153 332
car 0.0037 -1 256 26 280
car 0.0025 62 267 118 286
car 0.0019 155 95 340 366
car 0.0015 178 202 308 278
motorbike 0.0088 479 270 499 380
motorbike 0.0066 155 95 340 366
motorbike 0.0032 484 318 499 375
motorbike 0.0011 306 155 333 192
aeroplane 0.0016 -1 256 26 280
bus 0.0023 155 95 340 366
bus 0.0017 -1 256 26 280
boat 0.0010 155 95 340 366
bird 0.0153 182 97 213 137
bird 0.0127 168 104 208 138
bird 0.0054 164 120 197 157
bird 0.0033 197 145 245 169
bird 0.0033 192 123 220 154
bird 0.0029 208 127 242 157
bird 0.0020 221 118 251 154
bird 0.0020 -1 256 26 280
bird 0.0018 188 95 213 121
bird 0.0014 223 107 255 144
bird 0.0013 183 147 220 170
bird 0.0012 205 100 227 136
bird 0.0011 161 108 210 164
bird 0.0011 220 144 253 170
dog 0.0018 182 97 213 137
dog 0.0015 164 120 197 157
dog 0.0010 197 145 245 169
dog 0.0010 208 127 242 157
horse 0.0026 -1 256 26 280
cow 0.0033 -1 256 26 280
tvmonitor 0.0011 178 202 308 278
