person 0.7078 392 170 420 230
person 0.1310 435 180 461 212
person 0.1198 434 183 468 243
person 0.0562 411 179 459 246
person 0.0427 402 168 491 268
person 0.0202 405 200 457 271
person 0.0199 395 196 422 232
person 0.0160 393 168 419 197
person 0.0153 425 177 452 210
person 0.0135 412 202 440 233
person 0.0104 481 202 500 260
person 0.0100 432 195 477 272
person 0.0057 480 195 499 234
person 0.0045 447 197 493 272
person 0.0037 454 199 486 232
person 0.0020 391 191 412 230
bicycle 0.0815 395 196 422 232
bicycle 0.0588 391 191 412 230
bicycle 0.0032 401 196 493 277
bicycle 0.0014 392 171 421 220
car 0.0110 390 172 415 223
car 0.0081 395 196 422 232
car 0.0037 391 191 412 230
car 0.0024 220 142 374 242
car 0.0012 296 206 327 233
car 0.0012 402 168 491 268
car 0.0011 344 172 369 212
motorbike 0.0139 395 196 422 232
motorbike 0.0097 391 191 412 230
motorbike 0.0016 392 170 420 230
motorbike 0.0015 396 192 479 275
bus 0.0129 220 142 374 242
train 0.0390 213 85 383 251
train 0.0145 223 128 365 225
train 0.0032 31 4 392 325
train 0.0015 269 140 290 178
train 0.0013 173 34 341 293
train 0.0012 394 121 501 231
train 0.0012 235 87 350 162
train 0.0010 474 140 500 214
bird 0.0056 79 35 101 72
bird 0.0031 88 34 109 73
bird 0.0010 73 5 111 75
horse 0.0016 435 180 461 212
horse 0.0010 79 35 101 72
chair 0.2098 447 197 493 272
chair 0.0659 401 196 493 277
chair 0.0273 423 227 484 274
chair 0.0272 432 195 477 272
chair 0.0240 454 199 486 232
chair 0.0218 395 196 422 232
chair 0.0199 405 200 457 271
chair 0.0122 449 231 486 271
chair 0.0118 412 202 440 233
chair 0.0095 481 202 500 260
chair 0.0080 439 184 462 237
chair 0.0054 435 211 461 253
chair 0.0050 420 211 446 251
chair 0.0039 456 217 489 245
chair 0.0027 395 201 432 274
chair 0.0023 397 236 431 273
chair 0.0017 480 195 499 234
chair 0.0015 477 224 498 272
chair 0.0011 392 171 421 220
chair 0.0011 391 191 412 230
sofa 0.0010 403 189 493 276
pottedplant 0.0728 343 99 363 134
pottedplant 0.0013 334 91 368 145
diningtable 0.0091 454 199 486 232
diningtable 0.0072 456 217 489 245
diningtable 0.0051 480 195 499 234
diningtable 0.0050 441 188 495 243
diningtable 0.0045 401 196 493 277
diningtable 0.0033 439 184 462 237
diningtable 0.0017 435 211 461 253
diningtable 0.0017 435 180 461 212
diningtable 0.0015 481 202 500 260
diningtable 0.0015 412 202 440 233
diningtable 0.0013 444 221 492 273
diningtable 0.0011 432 195 477 272
diningtable 0.0011 430 237 479 272
