person 0.2107 279 89 372 248
person 0.1177 296 94 339 179
person 0.1006 168 47 245 205
person 0.0990 331 98 381 176
person 0.0620 274 94 317 219
person 0.0534 154 102 199 185
person 0.0443 292 90 381 183
person 0.0433 301 80 331 117
person 0.0409 327 96 353 135
person 0.0376 259 85 336 231
person 0.0334 162 36 279 313
person 0.0272 315 94 359 176
person 0.0269 417 142 440 164
person 0.0264 283 105 310 135
person 0.0185 360 119 390 161
person 0.0183 303 94 335 133
person 0.0158 290 74 338 128
person 0.0157 188 45 239 109
person 0.0146 326 83 355 117
person 0.0145 210 62 288 200
person 0.0144 379 125 400 159
person 0.0135 334 70 389 129
person 0.0130 282 85 320 152
person 0.0127 192 50 237 182
person 0.0110 309 64 334 100
person 0.0108 183 97 231 182
person 0.0086 136 16 281 184
person 0.0081 346 105 391 167
person 0.0078 341 101 369 139
person 0.0068 288 116 338 230
person 0.0068 197 65 379 270
person 0.0062 166 102 193 134
person 0.0061 236 80 314 200
person 0.0054 193 66 237 94
person 0.0053 285 85 317 115
person 0.0047 360 133 384 172
person 0.0046 313 103 393 228
person 0.0046 338 76 371 114
person 0.0045 211 96 234 137
person 0.0044 152 64 222 192
person 0.0042 197 34 293 147
person 0.0041 282 114 308 150
person 0.0034 284 77 354 166
person 0.0033 385 141 440 209
person 0.0025 344 116 376 151
person 0.0024 307 75 365 128
person 0.0024 242 37 320 134
person 0.0022 370 123 432 223
person 0.0022 194 44 234 80
person 0.0022 188 102 218 133
person 0.0019 142 19 277 97
person 0.0019 379 188 418 232
person 0.0018 286 59 382 136
person 0.0018 265 114 302 192
person 0.0018 403 141 436 159
person 0.0018 166 27 242 135
person 0.0014 291 51 336 108
person 0.0013 477 118 499 310
person 0.0013 322 110 345 156
person 0.0010 395 -6 497 330
person 0.0010 334 66 403 167
person 0.0010 161 113 191 152
bicycle 0.0044 378 135 399 162
bicycle 0.0039 286 149 374 242
bicycle 0.0016 266 74 386 248
bicycle 0.0011 360 119 390 161
bicycle 0.0010 148 114 194 185
car 0.0327 379 125 400 159
car 0.0190 417 142 440 164
car 0.0141 360 119 390 161
car 0.0042 346 105 391 167
car 0.0041 360 133 384 172
car 0.0032 403 141 436 159
car 0.0022 286 149 374 242
car 0.0017 398 133 428 155
car 0.0012 266 74 386 248
car 0.0010 344 116 376 151
motorbike 0.7282 167 46 307 307
motorbike 0.2854 279 89 372 248
motorbike 0.0578 197 65 379 270
motorbike 0.0324 159 27 272 237
motorbike 0.0270 151 111 200 190
motorbike 0.0210 331 98 381 176
motorbike 0.0152 259 85 336 231
motorbike 0.0090 164 101 238 211
motorbike 0.0072 292 90 381 183
motorbike 0.0057 290 74 338 128
motorbike 0.0029 313 103 393 228
motorbike 0.0026 296 94 339 179
motorbike 0.0025 197 97 282 214
motorbike 0.0023 296 62 412 255
motorbike 0.0022 151 91 221 257
motorbike 0.0020 285 85 317 115
motorbike 0.0020 301 80 331 117
motorbike 0.0020 283 105 310 135
motorbike 0.0017 346 105 391 167
motorbike 0.0015 334 70 389 129
motorbike 0.0015 360 119 390 161
motorbike 0.0014 309 64 334 100
motorbike 0.0014 344 116 376 151
motorbike 0.0014 131 25 244 310
motorbike 0.0014 281 69 391 136
motorbike 0.0010 379 125 400 159
motorbike 0.0010 282 114 308 150
motorbike 0.0010 226 75 292 202
cat 0.0106 380 191 416 230
cat 0.0011 386 156 433 231
dog 0.0515 379 188 418 232
dog 0.0121 386 156 433 231
dog 0.0021 381 183 408 219
bottle 0.0038 380 191 416 230
chair 0.0037 379 125 400 159
