person 0.0211 298 200 337 236
person 0.0108 303 178 331 213
person 0.0077 277 200 319 233
person 0.0030 271 190 334 243
person 0.0028 279 179 321 210
person 0.0018 267 198 293 234
person 0.0013 319 193 342 230
person 0.0010 320 184 339 219
bicycle 0.0048 271 190 334 243
bicycle 0.0019 277 200 319 233
bicycle 0.0011 298 200 337 236
motorbike 0.0109 271 190 334 243
motorbike 0.0012 277 200 319 233
train 0.8168 80 138 343 247
train 0.0558 157 128 496 255
train 0.0357 253 139 343 248
train 0.0251 303 110 502 250
train 0.0191 67 102 512 300
train 0.0102 413 124 496 233
train 0.0026 157 139 325 223
train 0.0023 478 98 499 258
train 0.0019 85 141 320 183
train 0.0011 232 132 398 232
train 0.0010 71 147 290 203
boat 0.0035 271 190 334 243
boat 0.0015 298 200 337 236
boat 0.0012 94 242 163 259
