person 0.0101 13 244 109 327
person 0.0094 63 267 104 330
person 0.0083 20 246 183 316
person 0.0045 18 225 111 273
person 0.0036 460 185 487 213
person 0.0015 15 224 78 242
person 0.0014 164 55 312 279
person 0.0012 63 261 103 286
person 0.0010 47 257 87 284
person 0.0010 440 198 463 230
person 0.0010 22 238 76 305
bicycle 0.0015 331 245 375 268
car 0.0067 295 214 341 233
car 0.0061 364 221 396 239
car 0.0046 308 238 476 283
car 0.0031 373 220 413 239
car 0.0028 338 222 375 240
car 0.0020 451 206 491 228
car 0.0020 59 228 109 245
car 0.0018 102 232 153 248
car 0.0018 460 185 487 213
car 0.0017 240 199 276 231
car 0.0015 390 220 433 239
car 0.0015 331 245 375 268
car 0.0013 318 219 349 240
car 0.0012 365 211 393 235
car 0.0012 293 212 316 234
car 0.0010 227 200 254 230
bus 0.0061 317 231 473 284
bus 0.0022 305 255 482 287
bus 0.0017 295 214 341 233
bus 0.0012 365 211 393 235
train 0.0015 311 257 480 299
train 0.0013 54 11 446 331
boat 0.0713 305 255 482 287
boat 0.0170 247 258 506 301
boat 0.0080 317 231 473 284
boat 0.0020 141 268 528 311
boat 0.0011 451 206 491 228
boat 0.0011 312 266 363 285
bottle 0.0050 29 31 66 127
bottle 0.0031 63 267 104 330
bottle 0.0018 295 214 341 233
bottle 0.0015 65 280 104 311
bottle 0.0012 306 182 329 221
chair 0.0106 20 246 183 316
chair 0.0032 311 257 480 299
chair 0.0022 59 228 109 245
chair 0.0018 45 247 89 273
chair 0.0017 27 225 108 244
chair 0.0016 13 244 109 327
chair 0.0016 60 241 108 274
chair 0.0015 35 231 100 282
chair 0.0015 26 257 71 282
chair 0.0015 26 247 70 271
chair 0.0012 16 229 79 281
chair 0.0011 15 224 78 242
pottedplant 0.0035 416 204 449 232
pottedplant 0.0021 460 185 487 213
pottedplant 0.0015 171 15 305 238
diningtable 0.0056 63 238 514 324
diningtable 0.0024 169 283 503 338
diningtable 0.0014 20 246 183 316
diningtable 0.0013 4 195 496 354
diningtable 0.0011 141 268 528 311
diningtable 0.0010 0 222 335 332
