person 0.9555 6 62 205 368
person 0.7869 169 169 481 373
person 0.1118 91 62 494 388
person 0.0169 162 210 356 375
person 0.0075 368 161 500 370
person 0.0073 12 8 340 382
person 0.0071 17 235 102 369
person 0.0059 3 324 130 373
person 0.0039 100 -1 195 62
person 0.0037 429 216 500 369
person 0.0035 2 208 421 377
person 0.0030 224 277 369 375
person 0.0028 476 212 499 375
person 0.0022 -2 54 71 392
person 0.0021 -7 307 185 376
person 0.0020 135 250 213 366
person 0.0018 0 139 21 293
person 0.0016 188 288 317 373
person 0.0015 0 85 26 232
person 0.0014 416 204 499 304
person 0.0013 479 284 499 373
cat 0.0023 162 210 356 375
cat 0.0013 14 146 194 374
cat 0.0011 169 169 481 373
bottle 0.0721 55 14 79 58
bottle 0.0193 13 10 48 63
bottle 0.0146 1 2 17 58
bottle 0.0015 99 21 122 56
bottle 0.0015 50 235 95 314
bottle 0.0014 52 238 90 272
chair 0.0221 418 213 498 368
chair 0.0160 169 169 481 373
chair 0.0134 479 284 499 373
chair 0.0068 476 212 499 375
chair 0.0031 483 320 500 376
chair 0.0030 0 142 21 257
chair 0.0028 422 253 469 366
chair 0.0018 296 209 504 370
chair 0.0015 451 248 500 378
chair 0.0015 -1 164 15 226
chair 0.0014 86 -14 497 395
chair 0.0013 7 46 194 357
chair 0.0012 0 154 19 202
chair 0.0012 3 144 419 383
sofa 0.0527 93 155 495 367
sofa 0.0190 7 54 416 382
sofa 0.0149 206 215 515 368
sofa 0.0101 -4 58 215 369
sofa 0.0094 429 216 500 369
sofa 0.0043 476 212 499 375
sofa 0.0032 162 210 356 375
sofa 0.0023 59 219 293 370
pottedplant 0.0031 13 10 48 63
diningtable 0.0061 -7 307 185 376
diningtable 0.0024 4 282 100 380
diningtable 0.0023 -3 56 68 177
diningtable 0.0020 3 324 130 373
