person 0.0160 326 391 346 436
person 0.0159 31 388 56 424
person 0.0109 74 380 95 418
person 0.0050 171 365 217 392
person 0.0025 82 378 112 412
person 0.0010 260 375 280 418
bicycle 0.0010 326 391 346 436
car 0.6220 149 365 219 421
car 0.0107 156 349 227 405
car 0.0051 260 375 280 418
car 0.0038 167 394 215 421
car 0.0019 171 365 217 392
car 0.0017 275 384 306 416
car 0.0016 317 388 352 410
car 0.0015 339 385 371 404
car 0.0010 288 390 336 409
bus 0.0049 146 344 233 419
boat 0.0823 3 390 123 435
boat 0.0050 143 345 230 418
boat 0.0018 77 395 125 420
boat 0.0017 82 378 112 412
boat 0.0015 42 393 83 421
boat 0.0012 0 393 39 425
dog 0.0017 326 391 346 436
chair 0.0062 82 378 112 412
chair 0.0040 42 393 83 421
