person 0.0255 78 82 507 375
person 0.0090 129 282 311 370
person 0.0068 8 -16 421 331
person 0.0026 90 150 276 308
person 0.0020 170 112 399 183
person 0.0019 177 60 305 146
person 0.0017 179 79 398 163
person 0.0015 150 51 482 186
person 0.0014 113 170 249 260
person 0.0012 185 33 280 125
person 0.0010 136 10 452 140
bicycle 0.0045 33 164 248 367
bicycle 0.0045 6 -3 284 376
bicycle 0.0025 90 150 276 308
car 0.0057 10 -3 426 376
motorbike 0.0011 182 30 272 126
bird 0.0073 112 161 252 267
cat 0.1434 141 88 491 370
cat 0.0630 84 249 343 369
cat 0.0133 79 173 285 357
cat 0.0096 113 170 249 260
cat 0.0094 14 159 414 363
cat 0.0080 138 278 308 372
cat 0.0063 133 75 500 215
cat 0.0011 109 216 248 317
cat 0.0010 143 165 263 225
dog 0.1792 141 88 491 370
dog 0.0174 133 75 500 215
dog 0.0086 123 267 321 366
dog 0.0032 14 159 414 363
dog 0.0017 116 164 243 235
dog 0.0010 112 94 393 271
cow 0.0050 90 150 276 308
cow 0.0023 113 170 249 260
cow 0.0013 84 249 343 369
bottle 0.0120 181 36 274 122
chair 0.0286 90 150 276 308
chair 0.0237 -1 10 184 356
chair 0.0109 41 8 462 364
chair 0.0087 1 0 118 240
chair 0.0065 61 222 301 371
chair 0.0061 94 159 492 357
chair 0.0043 182 30 272 126
chair 0.0035 387 -5 499 231
chair 0.0027 99 244 255 348
chair 0.0024 113 170 249 260
chair 0.0015 34 99 243 360
chair 0.0014 445 177 498 362
chair 0.0013 143 165 263 225
chair 0.0013 0 241 21 380
sofa 0.0464 78 82 507 375
sofa 0.0022 133 75 500 215
sofa 0.0014 118 230 524 368
sofa 0.0010 82 280 402 372
sofa 0.0010 8 -16 421 331
diningtable 0.0010 10 -3 426 376
tvmonitor 0.0010 182 30 272 126
