person 0.7382 318 100 494 373
person 0.7234 2 63 165 365
person 0.5649 13 75 342 380
person 0.3032 242 1 344 120
person 0.2356 212 1 283 93
person 0.1997 181 90 398 298
person 0.1881 155 70 488 381
person 0.1522 485 14 499 184
person 0.0523 193 112 296 243
person 0.0421 160 73 231 218
person 0.0384 482 76 499 233
person 0.0356 336 114 364 152
person 0.0312 328 103 419 183
person 0.0257 345 111 400 154
person 0.0245 328 116 352 149
person 0.0228 252 2 303 95
person 0.0224 178 5 314 203
person 0.0217 157 4 237 154
person 0.0215 46 2 136 67
person 0.0205 475 155 499 349
person 0.0183 275 0 315 91
person 0.0157 330 114 421 239
person 0.0149 150 66 272 237
person 0.0142 386 245 496 364
person 0.0142 488 40 499 120
person 0.0104 488 85 499 155
person 0.0103 478 103 500 292
person 0.0101 208 -1 228 52
person 0.0097 436 102 500 356
person 0.0090 197 6 289 149
person 0.0086 317 3 352 121
person 0.0071 223 153 441 370
person 0.0061 486 123 499 192
person 0.0060 270 4 357 91
person 0.0059 35 75 217 293
person 0.0058 207 89 355 210
person 0.0053 0 116 19 313
person 0.0050 265 92 457 300
person 0.0048 207 0 241 74
person 0.0041 -5 241 114 366
person 0.0040 295 0 331 79
person 0.0034 -2 303 106 374
person 0.0034 229 59 346 158
person 0.0034 210 0 265 58
person 0.0034 433 220 499 369
person 0.0033 101 156 385 359
person 0.0033 354 108 427 159
person 0.0030 256 101 414 215
person 0.0028 449 30 501 168
person 0.0024 484 149 499 204
person 0.0023 458 198 498 342
person 0.0023 0 89 21 231
person 0.0022 0 126 15 185
person 0.0021 0 60 56 387
person 0.0020 157 4 256 89
person 0.0020 439 10 501 281
person 0.0019 42 225 319 372
person 0.0017 215 134 350 242
person 0.0016 476 251 499 337
person 0.0015 329 302 498 366
person 0.0013 318 271 511 355
person 0.0013 0 37 31 164
person 0.0012 448 87 501 193
person 0.0012 481 177 499 220
person 0.0011 316 109 362 159
person 0.0011 1 318 65 373
person 0.0011 451 263 498 357
person 0.0010 -1 7 57 70
person 0.0010 328 141 381 217
person 0.0010 0 56 60 180
person 0.0010 -2 48 134 260
person 0.0010 74 -1 428 308
car 0.0012 31 57 68 76
motorbike 0.0011 44 136 453 369
boat 0.0014 45 213 532 373
dog 0.0019 -2 303 106 374
horse 0.0029 -2 303 106 374
bottle 0.0077 162 210 195 229
bottle 0.0055 323 187 348 280
bottle 0.0038 328 116 352 149
bottle 0.0031 329 219 348 279
bottle 0.0023 476 251 499 337
bottle 0.0021 146 208 176 232
bottle 0.0015 208 -1 228 52
bottle 0.0013 19 338 65 361
chair 0.5041 154 71 223 217
chair 0.2724 102 70 171 214
chair 0.2020 145 9 228 146
chair 0.0831 310 125 497 372
chair 0.0698 54 13 211 212
chair 0.0676 170 115 269 239
chair 0.0488 345 111 400 154
chair 0.0447 0 78 54 156
chair 0.0419 0 41 33 78
chair 0.0364 140 3 225 76
chair 0.0362 151 0 256 206
chair 0.0294 344 104 464 175
chair 0.0254 44 136 453 369
chair 0.0235 165 78 226 161
chair 0.0182 373 44 496 101
chair 0.0159 383 109 443 163
chair 0.0157 214 126 274 192
chair 0.0143 358 256 506 366
chair 0.0120 358 110 392 144
chair 0.0113 390 128 430 160
chair 0.0111 124 61 240 239
chair 0.0110 111 86 166 145
chair 0.0109 370 68 498 156
chair 0.0090 354 108 427 159
chair 0.0087 223 153 441 370
chair 0.0079 163 49 228 112
chair 0.0077 0 67 143 364
chair 0.0076 -1 66 55 221
chair 0.0072 49 52 155 169
chair 0.0068 -2 303 106 374
chair 0.0067 79 34 184 113
chair 0.0064 215 134 350 242
chair 0.0062 485 14 499 184
chair 0.0060 336 114 364 152
chair 0.0055 0 123 18 163
chair 0.0048 0 42 33 121
chair 0.0042 -5 241 114 366
chair 0.0041 178 105 395 327
chair 0.0041 0 136 22 334
chair 0.0041 330 114 421 239
chair 0.0037 115 89 162 120
chair 0.0037 488 40 499 120
chair 0.0036 474 139 499 339
chair 0.0034 486 123 499 192
chair 0.0032 328 116 352 149
chair 0.0031 332 306 477 373
chair 0.0029 481 177 499 220
chair 0.0029 480 92 500 255
chair 0.0028 392 89 479 107
chair 0.0028 207 0 241 74
chair 0.0028 0 90 26 187
chair 0.0027 211 0 264 86
chair 0.0027 35 75 217 293
chair 0.0027 -4 60 116 154
chair 0.0025 90 130 167 241
chair 0.0024 91 49 182 152
chair 0.0023 42 225 319 372
chair 0.0022 157 4 256 89
chair 0.0021 484 149 499 204
chair 0.0021 405 201 490 323
chair 0.0018 358 108 507 202
chair 0.0018 353 155 436 290
chair 0.0017 323 187 348 280
chair 0.0016 229 59 346 158
chair 0.0016 329 219 348 279
chair 0.0016 0 23 65 148
chair 0.0016 4 102 48 139
chair 0.0015 -2 71 57 90
chair 0.0014 208 -1 228 52
chair 0.0014 207 89 355 210
chair 0.0014 0 91 18 267
chair 0.0013 328 141 381 217
chair 0.0013 59 0 202 74
chair 0.0013 371 86 419 106
chair 0.0013 488 99 499 177
chair 0.0013 402 174 496 277
chair 0.0013 487 67 498 135
chair 0.0012 386 129 441 186
chair 0.0012 231 162 337 286
chair 0.0012 70 331 134 374
chair 0.0011 0 92 22 144
chair 0.0010 94 75 164 130
chair 0.0010 267 128 377 240
chair 0.0010 347 118 407 190
chair 0.0010 191 193 243 242
chair 0.0010 -18 12 363 372
sofa 0.1161 144 136 506 378
sofa 0.0691 310 125 497 372
sofa 0.0603 344 104 464 175
sofa 0.0355 370 68 498 156
sofa 0.0141 23 79 393 381
sofa 0.0117 373 44 496 101
sofa 0.0106 178 105 395 327
sofa 0.0070 383 109 443 163
sofa 0.0068 2 218 497 369
sofa 0.0062 362 44 501 249
sofa 0.0051 386 245 496 364
sofa 0.0049 485 14 499 184
sofa 0.0047 252 308 486 376
sofa 0.0047 0 78 54 156
sofa 0.0047 354 108 427 159
sofa 0.0038 250 216 483 377
sofa 0.0032 318 271 511 355
sofa 0.0023 345 111 400 154
sofa 0.0022 330 114 421 239
sofa 0.0021 -1 43 49 86
sofa 0.0019 331 315 460 374
sofa 0.0016 0 67 143 364
sofa 0.0015 358 108 507 202
sofa 0.0015 390 128 430 160
sofa 0.0013 10 26 178 203
sofa 0.0012 488 40 499 120
sofa 0.0012 475 155 499 349
pottedplant 0.0026 483 68 499 210
diningtable 0.0492 10 26 178 203
diningtable 0.0206 0 78 54 156
diningtable 0.0074 369 79 494 163
diningtable 0.0067 82 58 167 177
diningtable 0.0065 -2 71 57 90
diningtable 0.0062 133 1 234 214
diningtable 0.0038 79 34 184 113
diningtable 0.0037 -4 60 116 154
diningtable 0.0028 42 0 224 158
diningtable 0.0027 375 45 494 109
diningtable 0.0021 -1 51 53 115
diningtable 0.0021 22 65 66 82
diningtable 0.0020 38 108 320 357
diningtable 0.0019 158 65 230 171
diningtable 0.0018 344 104 464 175
diningtable 0.0016 105 199 249 266
diningtable 0.0014 318 271 511 355
diningtable 0.0014 -1 43 49 86
diningtable 0.0013 0 23 65 148
diningtable 0.0010 367 294 498 366
diningtable 0.0010 111 86 166 145
tvmonitor 0.0085 0 41 33 78
tvmonitor 0.0021 143 5 211 51
tvmonitor 0.0018 485 11 499 156
tvmonitor 0.0012 363 100 499 175
tvmonitor 0.0010 488 40 499 120
