person 0.9972 309 57 397 322
person 0.9908 166 83 241 339
person 0.9829 86 70 174 330
person 0.9759 242 64 329 327
person 0.2894 210 61 298 335
person 0.0275 209 62 258 138
person 0.0196 170 96 195 139
person 0.0135 134 72 218 330
person 0.0094 188 85 215 121
person 0.0074 177 83 218 157
person 0.0058 218 66 257 288
person 0.0051 180 56 257 158
person 0.0049 207 58 242 119
person 0.0047 173 87 201 126
person 0.0037 167 96 201 177
person 0.0031 260 63 293 99
person 0.0030 204 95 246 181
person 0.0027 239 82 279 306
person 0.0023 16 98 409 338
person 0.0022 170 120 193 156
person 0.0018 244 75 325 206
person 0.0016 88 123 128 306
person 0.0015 163 78 207 135
person 0.0012 183 93 214 137
aeroplane 0.0023 16 98 409 338
train 0.0064 16 98 409 338
boat 0.0035 4 193 497 339
bird 0.0044 118 301 165 326
bird 0.0036 132 311 164 337
bird 0.0010 140 315 191 340
bottle 0.0025 182 180 223 213
bottle 0.0012 359 167 389 197
bottle 0.0010 182 163 216 200
