person 0.9627 185 168 290 355
person 0.0746 153 60 187 101
person 0.0386 188 65 241 95
person 0.0365 136 69 158 103
person 0.0274 112 69 143 102
person 0.0264 345 5 477 197
person 0.0238 237 41 284 93
person 0.0214 239 51 273 83
person 0.0167 175 275 195 317
person 0.0112 370 2 497 296
person 0.0106 152 51 183 83
person 0.0071 265 70 292 93
person 0.0059 245 25 283 65
person 0.0057 227 64 257 95
person 0.0043 238 60 272 95
person 0.0033 2 54 26 96
person 0.0033 165 47 186 86
person 0.0031 451 117 497 205
person 0.0030 469 93 499 223
person 0.0030 363 50 456 175
person 0.0029 156 25 483 350
person 0.0017 131 83 158 101
person 0.0015 215 53 274 96
person 0.0015 0 248 25 272
person 0.0015 475 71 500 174
person 0.0013 142 278 175 300
person 0.0013 461 141 496 257
person 0.0013 386 44 490 183
person 0.0013 225 49 250 79
person 0.0012 481 110 499 161
person 0.0012 140 54 161 81
person 0.0012 99 288 126 328
person 0.0012 93 283 131 344
person 0.0010 479 141 500 180
train 0.0011 45 11 376 134
bird 0.0297 135 316 158 342
bird 0.0203 104 288 131 326
bird 0.0181 94 322 122 346
bird 0.0154 0 248 25 272
bird 0.0067 131 278 162 302
bird 0.0056 265 70 292 93
bird 0.0035 98 317 148 345
bird 0.0034 100 280 125 315
bird 0.0033 93 283 131 344
bird 0.0022 117 263 141 294
bird 0.0021 127 260 149 298
bird 0.0017 185 58 243 94
bird 0.0016 238 60 272 95
bird 0.0014 142 278 175 300
bird 0.0010 102 267 139 329
cat 0.0139 0 248 25 272
cat 0.0058 188 65 241 95
cat 0.0049 135 316 158 342
cat 0.0044 265 70 292 93
cat 0.0022 153 60 187 101
cat 0.0012 238 60 272 95
dog 0.0236 0 248 25 272
dog 0.0034 185 58 243 94
sheep 0.0012 185 58 243 94
cow 0.0011 0 248 25 272
bottle 0.0146 80 67 104 106
bottle 0.0124 2 54 26 96
bottle 0.0105 466 169 499 252
bottle 0.0069 153 60 187 101
bottle 0.0054 136 69 158 103
bottle 0.0050 347 257 369 300
bottle 0.0045 341 271 367 308
bottle 0.0043 359 43 388 88
bottle 0.0037 11 53 30 98
bottle 0.0030 81 53 104 80
bottle 0.0029 90 69 110 104
bottle 0.0029 112 69 143 102
bottle 0.0024 469 93 499 223
bottle 0.0023 302 276 336 314
bottle 0.0022 207 320 238 353
bottle 0.0022 473 159 498 197
bottle 0.0020 481 110 499 161
bottle 0.0017 175 275 195 317
bottle 0.0014 479 141 500 180
bottle 0.0013 451 117 497 205
bottle 0.0011 88 45 106 86
chair 0.0239 0 248 25 272
chair 0.0055 189 179 289 356
chair 0.0048 466 169 499 252
chair 0.0031 473 159 498 197
chair 0.0025 210 189 234 236
chair 0.0018 179 261 302 356
sofa 0.0033 347 -3 478 158
sofa 0.0015 383 13 496 117
sofa 0.0010 466 169 499 252
pottedplant 0.5885 274 231 358 312
pottedplant 0.5537 41 174 229 346
pottedplant 0.2861 300 54 368 93
pottedplant 0.2421 333 2 403 89
pottedplant 0.2260 274 235 322 303
pottedplant 0.1690 1 45 27 90
pottedplant 0.1217 129 182 228 321
pottedplant 0.1201 291 35 382 96
pottedplant 0.0467 302 276 336 314
pottedplant 0.0405 290 65 318 91
pottedplant 0.0397 280 272 304 308
pottedplant 0.0335 344 -2 461 87
pottedplant 0.0331 312 235 358 306
pottedplant 0.0260 347 257 369 300
pottedplant 0.0203 347 -3 478 158
pottedplant 0.0181 273 177 363 299
pottedplant 0.0177 241 175 397 349
pottedplant 0.0149 341 271 367 308
pottedplant 0.0143 50 201 152 317
pottedplant 0.0138 324 250 350 297
pottedplant 0.0124 145 179 218 225
pottedplant 0.0112 281 38 327 88
pottedplant 0.0110 135 180 223 256
pottedplant 0.0108 278 255 311 300
pottedplant 0.0106 265 239 379 340
pottedplant 0.0096 329 39 389 93
pottedplant 0.0076 158 184 204 214
pottedplant 0.0076 339 257 373 320
pottedplant 0.0072 74 169 216 271
pottedplant 0.0066 94 322 122 346
pottedplant 0.0066 179 58 238 95
pottedplant 0.0058 44 282 82 311
pottedplant 0.0054 11 53 30 98
pottedplant 0.0048 127 260 149 298
pottedplant 0.0046 339 62 371 93
pottedplant 0.0041 117 263 141 294
pottedplant 0.0039 149 263 174 296
pottedplant 0.0039 108 170 220 235
pottedplant 0.0037 261 233 301 309
pottedplant 0.0033 37 286 70 313
pottedplant 0.0032 305 257 336 294
pottedplant 0.0029 36 263 141 344
pottedplant 0.0029 285 227 315 254
pottedplant 0.0029 282 8 338 74
pottedplant 0.0028 237 41 284 93
pottedplant 0.0025 127 178 156 210
pottedplant 0.0022 291 64 345 92
pottedplant 0.0022 239 51 273 83
pottedplant 0.0022 150 198 207 272
pottedplant 0.0021 7 231 338 361
pottedplant 0.0020 311 0 361 85
pottedplant 0.0019 142 278 175 300
pottedplant 0.0018 155 169 292 352
pottedplant 0.0017 297 0 329 38
pottedplant 0.0017 139 187 185 211
pottedplant 0.0016 338 1 375 42
pottedplant 0.0016 115 175 171 224
pottedplant 0.0015 66 277 101 304
pottedplant 0.0014 175 275 195 317
pottedplant 0.0013 224 7 356 84
pottedplant 0.0013 238 60 272 95
pottedplant 0.0013 284 0 311 36
pottedplant 0.0013 238 35 345 97
pottedplant 0.0013 206 256 389 350
pottedplant 0.0013 227 64 257 95
pottedplant 0.0012 285 200 346 274
pottedplant 0.0012 242 17 283 69
pottedplant 0.0012 2 37 39 98
pottedplant 0.0012 91 268 131 326
pottedplant 0.0012 328 268 351 309
pottedplant 0.0012 97 174 152 226
pottedplant 0.0011 135 316 158 342
pottedplant 0.0011 320 236 348 273
pottedplant 0.0011 267 256 297 293
pottedplant 0.0011 297 231 326 275
pottedplant 0.0011 352 2 398 46
pottedplant 0.0011 1 38 27 60
pottedplant 0.0011 131 278 162 302
pottedplant 0.0010 34 171 170 284
pottedplant 0.0010 328 0 347 54
pottedplant 0.0010 267 277 291 308
pottedplant 0.0010 0 248 25 272
pottedplant 0.0010 274 -2 404 61
pottedplant 0.0010 0 40 28 206
pottedplant 0.0010 85 -3 119 10
diningtable 0.0026 41 174 229 346
diningtable 0.0022 7 231 338 361
diningtable 0.0017 154 218 324 368
diningtable 0.0016 90 25 486 355
diningtable 0.0010 20 141 404 380
diningtable 0.0010 69 279 368 375
