person 0.9543 1 71 83 372
person 0.8655 49 38 273 354
person 0.6858 273 105 405 345
person 0.6055 202 93 288 352
person 0.4072 377 76 500 383
person 0.1093 393 9 499 207
person 0.0428 211 89 294 236
person 0.0189 215 79 511 384
person 0.0165 395 47 480 160
person 0.0122 472 55 499 261
person 0.0116 1 218 60 372
person 0.0099 243 166 278 342
person 0.0084 400 87 463 144
person 0.0066 437 -3 499 378
person 0.0065 303 128 403 257
person 0.0059 0 75 27 352
person 0.0054 252 158 290 236
person 0.0046 49 85 146 368
person 0.0037 55 88 443 369
person 0.0037 439 18 498 186
person 0.0035 457 65 499 169
person 0.0034 0 64 61 236
person 0.0033 8 102 74 273
person 0.0030 4 123 36 226
person 0.0028 269 291 386 369
person 0.0026 1 169 46 303
person 0.0023 0 65 31 220
person 0.0021 0 61 43 135
person 0.0021 311 166 330 193
person 0.0020 214 86 357 310
person 0.0020 202 92 251 178
person 0.0019 227 124 290 303
person 0.0017 307 109 397 202
person 0.0016 230 181 287 367
person 0.0015 481 144 499 207
person 0.0014 61 213 513 379
person 0.0014 477 111 500 318
person 0.0014 244 216 421 372
person 0.0012 176 123 272 251
person 0.0012 0 209 21 305
person 0.0012 443 76 499 234
person 0.0012 407 99 459 134
person 0.0011 211 176 370 370
person 0.0010 467 12 499 152
bottle 0.0063 248 177 268 212
bottle 0.0030 248 161 271 199
bottle 0.0022 128 281 148 313
bottle 0.0015 380 160 400 191
bottle 0.0013 311 166 330 193
chair 0.1617 269 291 386 369
chair 0.0329 360 291 396 323
chair 0.0254 270 243 318 297
chair 0.0151 263 141 410 376
chair 0.0132 2 129 85 373
chair 0.0125 36 54 300 374
chair 0.0094 2 234 57 373
chair 0.0055 354 293 398 343
chair 0.0044 378 149 400 179
chair 0.0043 54 222 284 371
chair 0.0039 252 158 290 236
chair 0.0033 243 192 321 340
chair 0.0029 13 223 43 248
chair 0.0025 277 264 429 361
chair 0.0024 309 207 413 314
chair 0.0021 126 287 378 370
chair 0.0020 17 242 68 347
chair 0.0020 237 213 278 368
chair 0.0019 269 233 318 344
chair 0.0017 8 102 74 273
chair 0.0016 380 160 400 191
chair 0.0015 264 233 375 359
chair 0.0014 239 262 344 361
chair 0.0013 255 226 303 313
chair 0.0011 78 297 269 368
chair 0.0011 1 169 46 303
chair 0.0011 88 140 487 385
chair 0.0011 218 238 297 368
chair 0.0011 211 176 370 370
chair 0.0010 257 197 290 236
sofa 0.1393 269 291 386 369
sofa 0.0945 27 156 469 375
sofa 0.0362 263 141 410 376
sofa 0.0207 36 54 300 374
sofa 0.0126 126 287 378 370
sofa 0.0099 73 230 334 373
sofa 0.0074 270 243 318 297
sofa 0.0072 277 264 429 361
sofa 0.0060 192 152 314 375
sofa 0.0049 6 220 80 370
sofa 0.0048 179 228 408 372
sofa 0.0031 222 103 511 399
sofa 0.0030 243 192 321 340
sofa 0.0030 309 207 413 314
sofa 0.0024 239 262 344 361
sofa 0.0024 377 112 499 386
sofa 0.0022 1 71 83 372
sofa 0.0019 132 162 287 369
sofa 0.0015 400 87 463 144
sofa 0.0014 54 147 142 367
sofa 0.0013 218 238 297 368
sofa 0.0013 264 233 375 359
sofa 0.0012 60 144 221 364
sofa 0.0012 322 294 490 373
sofa 0.0011 78 297 269 368
sofa 0.0010 361 242 457 369
diningtable 0.0019 269 291 386 369
tvmonitor 0.0047 396 28 502 172
