person 0.9151 469 277 495 342
person 0.1274 130 261 157 294
person 0.0699 280 271 310 301
person 0.0689 144 258 168 295
person 0.0399 186 271 207 305
person 0.0324 187 257 206 296
person 0.0204 280 263 315 291
person 0.0200 173 248 193 299
person 0.0159 119 258 143 297
person 0.0156 306 277 339 302
person 0.0135 256 278 302 302
person 0.0105 222 256 257 278
person 0.0067 136 247 189 300
person 0.0052 119 250 171 298
person 0.0037 250 259 308 281
person 0.0032 206 259 242 281
person 0.0030 365 278 395 306
person 0.0030 271 252 319 300
person 0.0025 222 280 296 303
person 0.0023 236 302 287 330
person 0.0023 254 303 299 329
person 0.0015 147 239 175 279
person 0.0015 218 249 267 270
person 0.0014 474 314 497 341
person 0.0013 270 270 320 316
person 0.0013 198 248 240 270
person 0.0012 406 278 422 312
person 0.0012 197 262 354 336
person 0.0010 171 274 197 303
person 0.0010 230 258 288 278
bicycle 0.0045 433 297 472 318
bicycle 0.0026 187 311 224 340
bicycle 0.0014 470 281 497 340
car 0.6338 195 280 356 340
car 0.0117 2 223 95 357
car 0.0081 200 279 240 304
car 0.0075 212 280 273 303
car 0.0066 111 279 325 342
car 0.0059 1 299 47 356
car 0.0027 433 297 472 318
car 0.0026 178 272 317 317
car 0.0023 0 294 100 357
car 0.0017 2 161 215 351
car 0.0015 306 277 339 302
car 0.0015 222 247 299 271
car 0.0014 256 278 302 302
car 0.0014 470 281 497 340
car 0.0014 322 297 356 331
car 0.0013 206 259 242 281
car 0.0013 250 259 308 281
car 0.0013 191 246 221 270
car 0.0012 218 249 267 270
car 0.0012 198 248 240 270
car 0.0011 201 312 229 339
car 0.0011 303 285 357 340
car 0.0010 151 301 364 351
car 0.0010 186 271 207 305
car 0.0010 181 278 223 339
bus 0.6220 2 161 215 351
bus 0.0280 202 239 318 278
bus 0.0200 204 244 353 299
bus 0.0183 197 262 354 336
bus 0.0116 442 267 501 324
bus 0.0100 222 247 299 271
bus 0.0049 218 249 267 270
bus 0.0031 198 216 321 264
bus 0.0028 3 119 355 347
bus 0.0022 245 249 314 293
bus 0.0015 198 248 240 270
bus 0.0013 422 265 478 320
bus 0.0012 173 212 385 340
bus 0.0012 203 229 274 245
bus 0.0012 -6 -11 425 308
train 0.0058 423 262 505 323
