person 0.0027 -6 -1 367 385
person 0.0019 -3 -3 191 303
person 0.0011 398 15 500 146
cat 0.0252 102 52 332 343
cat 0.0012 -6 -1 367 385
dog 0.6164 102 52 332 343
dog 0.0271 34 10 533 377
dog 0.0029 248 93 341 221
dog 0.0023 -3 -3 191 303
dog 0.0010 97 42 339 201
chair 0.0186 34 10 533 377
chair 0.0051 400 32 500 158
chair 0.0037 -3 -3 191 303
chair 0.0023 377 37 500 248
chair 0.0023 296 16 507 220
sofa 0.1188 34 10 533 377
sofa 0.0091 -3 -3 191 303
sofa 0.0043 384 13 504 212
sofa 0.0022 305 45 504 246
sofa 0.0018 18 -30 409 276
sofa 0.0016 9 7 337 130
diningtable 0.0202 -6 -1 367 385
diningtable 0.0100 3 238 265 367
diningtable 0.0032 400 32 500 158
diningtable 0.0020 -8 217 430 374
diningtable 0.0017 305 45 504 246
diningtable 0.0014 0 238 88 371
diningtable 0.0011 0 291 169 371
diningtable 0.0010 0 57 107 390
tvmonitor 0.0101 398 15 500 146
