person 0.1310 177 19 313 195
person 0.1282 163 23 488 349
person 0.0754 25 17 400 353
person 0.0406 61 28 293 196
person 0.0274 116 4 307 153
person 0.0218 160 38 347 264
person 0.0195 111 46 217 124
person 0.0060 97 70 316 310
person 0.0040 173 27 271 132
person 0.0012 142 0 184 17
person 0.0012 75 161 504 369
bird 0.0010 45 108 288 325
cat 0.0599 45 108 288 325
cat 0.0174 94 51 202 161
cat 0.0090 250 207 474 303
cat 0.0059 112 55 205 121
cat 0.0054 242 130 481 313
cat 0.0025 173 195 495 339
cat 0.0022 39 232 145 269
cat 0.0016 51 147 118 191
cat 0.0013 30 67 397 372
cat 0.0013 39 54 236 241
dog 0.6190 49 69 278 312
dog 0.1220 94 51 202 161
dog 0.0302 112 55 205 121
dog 0.0132 46 33 217 201
dog 0.0080 25 17 400 353
dog 0.0038 39 232 145 269
dog 0.0020 242 130 481 313
dog 0.0019 140 49 360 312
dog 0.0019 77 90 216 186
dog 0.0018 238 205 472 297
bottle 0.0051 440 228 462 270
bottle 0.0041 404 222 460 295
bottle 0.0012 433 225 463 292
chair 0.0092 69 0 204 75
chair 0.0059 72 10 109 74
chair 0.0058 73 19 92 70
chair 0.0058 30 94 106 193
chair 0.0050 4 65 343 374
chair 0.0041 8 6 116 74
chair 0.0040 73 8 431 317
chair 0.0026 98 39 196 123
chair 0.0022 43 133 101 186
chair 0.0016 36 14 171 210
chair 0.0015 239 189 481 336
chair 0.0014 291 8 507 223
chair 0.0013 56 4 301 147
chair 0.0011 213 12 502 361
sofa 0.0558 58 17 444 348
sofa 0.0090 61 28 293 196
sofa 0.0061 291 8 507 223
sofa 0.0025 -5 61 301 377
sofa 0.0024 12 153 489 372
sofa 0.0024 5 -16 347 252
sofa 0.0019 39 54 236 241
sofa 0.0019 243 49 483 327
sofa 0.0015 160 38 347 264
sofa 0.0011 -2 74 123 382
diningtable 0.0036 12 153 489 372
diningtable 0.0017 154 235 505 369
diningtable 0.0013 58 17 444 348
