person 0.0191 -1 291 130 498
person 0.0074 -4 292 320 511
person 0.0026 330 481 374 499
person 0.0018 302 477 360 499
person 0.0018 125 22 386 479
person 0.0016 2 484 47 500
person 0.0015 21 17 284 490
person 0.0014 250 481 303 498
person 0.0011 223 298 375 501
person 0.0011 23 482 64 499
car 0.0016 330 481 374 499
car 0.0013 210 473 376 501
car 0.0011 247 482 330 499
motorbike 0.0010 250 481 303 498
boat 0.0020 221 467 376 502
bird 0.0010 2 484 47 500
bottle 0.8891 113 95 251 468
bottle 0.0060 49 10 323 495
bottle 0.0035 89 163 158 257
bottle 0.0021 249 144 294 176
bottle 0.0018 212 134 299 235
bottle 0.0017 196 11 236 47
bottle 0.0011 2 484 47 500
bottle 0.0010 330 481 374 499
chair 0.0634 285 174 373 243
chair 0.0171 240 156 376 248
chair 0.0160 211 149 300 246
chair 0.0053 279 145 302 177
chair 0.0030 195 140 235 228
chair 0.0022 89 163 158 257
chair 0.0013 205 156 228 202
chair 0.0012 214 148 256 216
chair 0.0011 -13 298 313 503
chair 0.0010 243 139 302 179
sofa 0.0754 285 174 373 243
sofa 0.0671 240 156 376 248
sofa 0.0063 112 6 252 421
sofa 0.0056 211 149 300 246
sofa 0.0053 211 144 376 345
sofa 0.0040 125 22 386 479
sofa 0.0011 -30 228 408 502
sofa 0.0010 89 163 158 257
pottedplant 0.0137 42 -10 328 443
pottedplant 0.0088 112 6 252 421
pottedplant 0.0022 221 467 376 502
pottedplant 0.0011 213 142 304 236
diningtable 0.0780 -19 288 393 521
diningtable 0.0143 72 162 371 485
diningtable 0.0107 21 17 284 490
diningtable 0.0077 -45 371 422 487
diningtable 0.0058 -22 470 380 500
diningtable 0.0051 -57 437 430 500
diningtable 0.0041 211 149 300 246
diningtable 0.0030 240 156 376 248
diningtable 0.0021 163 300 374 503
diningtable 0.0013 89 300 279 490
diningtable 0.0011 98 22 225 486
diningtable 0.0010 138 476 369 501
