person 0.9355 205 92 519 367
person 0.0061 78 66 433 385
bicycle 0.0012 210 221 243 240
car 0.9277 404 205 468 235
car 0.1442 210 221 243 240
car 0.0703 203 207 244 237
car 0.0600 220 202 253 231
car 0.0187 224 198 437 258
car 0.0139 249 200 269 232
car 0.0096 385 190 406 236
car 0.0074 199 204 216 236
car 0.0038 232 98 492 366
car 0.0019 207 197 260 242
car 0.0018 454 202 481 229
car 0.0012 237 222 273 242
car 0.0012 225 193 254 217
car 0.0011 382 185 401 222
bus 0.9902 18 144 192 239
bus 0.0088 0 175 17 225
bus 0.0027 5 135 193 183
bus 0.0025 200 195 252 239
bus 0.0022 0 191 15 231
bus 0.0018 2 169 47 234
bus 0.0018 205 92 519 367
bus 0.0011 116 144 212 244
bus 0.0011 154 149 198 235
train 0.0019 21 133 191 237
boat 0.0016 214 220 255 241
sofa 0.0010 222 128 516 373
diningtable 0.0030 224 198 437 258
