person 0.0608 449 -7 499 341
person 0.0026 397 11 491 324
bicycle 0.0079 89 132 109 189
car 0.0021 76 179 169 325
cow 0.0016 316 160 367 208
bottle 0.0017 49 270 75 310
chair 0.7961 266 183 366 312
chair 0.2869 317 163 366 214
chair 0.1101 391 184 474 318
chair 0.1084 284 161 373 252
chair 0.0711 309 172 425 248
chair 0.0541 303 187 431 291
chair 0.0477 253 182 316 294
chair 0.0374 419 235 477 314
chair 0.0281 268 174 471 322
chair 0.0208 89 132 109 189
chair 0.0137 384 184 414 201
chair 0.0112 345 226 476 319
chair 0.0110 213 165 378 328
chair 0.0086 387 182 431 204
chair 0.0078 396 237 427 278
chair 0.0060 324 193 467 241
chair 0.0059 0 170 19 329
chair 0.0055 323 187 384 279
chair 0.0048 366 235 421 315
chair 0.0048 390 236 435 310
chair 0.0048 369 193 425 272
chair 0.0047 38 304 86 331
chair 0.0042 346 190 472 276
chair 0.0038 355 231 393 318
chair 0.0036 385 97 488 317
chair 0.0036 394 159 481 267
chair 0.0035 284 224 421 314
chair 0.0027 385 237 414 274
chair 0.0027 405 243 428 286
chair 0.0021 404 216 468 288
chair 0.0021 463 152 485 312
chair 0.0020 250 164 351 264
chair 0.0020 83 215 167 328
chair 0.0015 0 237 14 306
chair 0.0014 0 293 22 330
chair 0.0014 201 103 296 164
chair 0.0014 291 179 345 250
chair 0.0013 306 236 368 300
chair 0.0012 415 247 448 287
chair 0.0012 291 149 375 213
chair 0.0012 0 160 55 328
chair 0.0011 434 237 465 268
chair 0.0011 266 240 375 329
chair 0.0011 428 195 476 278
chair 0.0010 449 -7 499 341
chair 0.0010 293 218 338 239
pottedplant 0.4081 31 182 149 318
pottedplant 0.0308 83 215 167 328
pottedplant 0.0132 38 241 85 311
pottedplant 0.0093 87 133 115 205
pottedplant 0.0085 24 6 156 326
pottedplant 0.0083 31 190 74 317
pottedplant 0.0055 13 166 87 310
pottedplant 0.0050 65 111 178 313
pottedplant 0.0049 30 207 104 332
pottedplant 0.0040 106 194 150 226
pottedplant 0.0029 102 190 157 244
pottedplant 0.0029 30 158 108 278
pottedplant 0.0024 123 10 310 160
pottedplant 0.0021 59 119 150 218
pottedplant 0.0018 73 178 164 296
pottedplant 0.0017 94 254 153 327
pottedplant 0.0015 33 175 74 259
pottedplant 0.0011 40 147 136 252
pottedplant 0.0011 240 132 279 158
pottedplant 0.0011 148 50 279 133
pottedplant 0.0010 308 137 355 161
pottedplant 0.0010 49 270 75 310
diningtable 0.3627 331 195 469 292
diningtable 0.2935 322 192 466 240
diningtable 0.0951 268 174 471 322
diningtable 0.0676 345 226 476 319
diningtable 0.0275 309 172 425 248
diningtable 0.0128 288 196 417 309
diningtable 0.0052 391 184 474 318
diningtable 0.0043 274 222 372 322
diningtable 0.0038 286 242 464 328
diningtable 0.0017 284 161 373 252
diningtable 0.0014 366 222 424 289
diningtable 0.0011 379 159 479 274
tvmonitor 0.0122 0 57 19 297
tvmonitor 0.0013 0 159 12 233
