person 0.0066 73 346 124 372
person 0.0062 480 132 499 377
person 0.0019 457 143 489 184
person 0.0010 472 147 499 185
car 0.0010 457 143 489 184
boat 0.0012 457 143 489 184
bird 0.1585 79 156 106 183
bird 0.0953 20 191 49 217
bird 0.0314 53 189 90 213
bird 0.0224 204 162 242 207
bird 0.0191 136 275 164 298
bird 0.0131 53 221 126 270
bird 0.0058 457 143 489 184
bird 0.0037 145 263 169 296
bird 0.0036 261 141 286 180
bird 0.0027 87 232 124 268
bird 0.0017 472 147 499 185
bird 0.0013 301 160 334 196
bird 0.0012 76 349 121 375
bird 0.0012 69 236 114 266
bird 0.0012 320 164 345 198
bird 0.0011 23 194 122 266
bird 0.0011 45 198 87 231
bird 0.0010 46 215 89 246
cat 0.0138 204 162 242 207
cat 0.0102 80 154 106 180
cat 0.0016 38 208 126 265
cat 0.0015 457 143 489 184
cat 0.0013 20 191 49 217
dog 0.2464 204 162 243 208
dog 0.0513 79 156 106 183
dog 0.0204 38 208 126 265
dog 0.0156 455 142 499 186
dog 0.0049 474 152 499 189
dog 0.0041 53 189 90 213
dog 0.0020 20 191 49 217
horse 0.0192 207 164 241 213
horse 0.0037 474 152 499 189
horse 0.0032 457 143 489 184
sheep 0.0431 80 154 106 180
sheep 0.0227 457 143 489 184
sheep 0.0222 204 162 242 207
sheep 0.0175 38 208 126 265
sheep 0.0135 474 152 499 189
sheep 0.0059 21 193 47 224
sheep 0.0041 53 189 90 213
cow 0.6739 47 217 127 265
cow 0.5684 204 162 243 208
cow 0.5375 53 189 90 213
cow 0.3207 79 156 106 183
cow 0.2758 21 193 47 224
cow 0.2664 457 143 489 184
cow 0.1155 474 152 499 189
cow 0.0703 20 189 64 215
cow 0.0407 45 198 87 231
cow 0.0396 23 194 122 266
cow 0.0303 24 196 63 225
cow 0.0173 461 146 502 203
cow 0.0154 261 141 286 180
cow 0.0150 89 219 125 258
cow 0.0113 241 126 287 178
cow 0.0109 46 215 89 246
cow 0.0088 61 219 109 256
cow 0.0072 301 160 334 196
cow 0.0067 87 232 124 268
cow 0.0065 17 189 84 235
cow 0.0050 39 182 92 220
cow 0.0037 288 153 345 199
cow 0.0028 320 164 345 198
cow 0.0025 234 142 257 169
cow 0.0023 8 190 52 239
cow 0.0021 55 204 111 230
cow 0.0020 69 236 114 266
cow 0.0020 47 191 119 241
cow 0.0019 472 132 498 258
cow 0.0015 287 157 317 189
cow 0.0014 317 145 354 166
cow 0.0013 39 218 69 241
cow 0.0010 18 169 118 233
bottle 0.0037 136 275 164 298
bottle 0.0010 145 263 169 296
chair 0.0125 76 349 121 375
chair 0.0015 480 162 499 384
