person 0.0227 156 204 205 303
person 0.0205 71 240 106 263
person 0.0045 160 204 210 256
person 0.0031 170 207 205 238
person 0.0020 144 217 225 320
person 0.0011 80 242 131 262
person 0.0010 112 197 217 307
car 0.0103 278 204 363 223
car 0.0095 -26 6 452 348
car 0.0039 287 219 352 241
car 0.0021 71 240 106 263
car 0.0017 288 232 346 255
car 0.0014 34 153 541 354
car 0.0012 166 306 506 344
car 0.0011 285 205 357 249
motorbike 0.0010 71 240 106 263
aeroplane 0.0012 37 7 537 343
bus 0.0200 -26 6 452 348
bus 0.0014 33 8 536 210
train 0.0010 -8 144 504 363
train 0.0010 48 247 526 348
boat 0.0061 278 204 363 223
boat 0.0018 71 240 106 263
boat 0.0017 285 205 357 249
boat 0.0016 14 248 80 262
boat 0.0015 166 306 506 344
boat 0.0014 -26 6 452 348
bottle 0.4202 216 219 255 305
bottle 0.4034 254 223 292 305
bottle 0.0615 156 234 200 303
bottle 0.0088 208 210 285 311
bottle 0.0080 197 258 218 309
bottle 0.0071 258 214 290 244
bottle 0.0055 152 201 217 308
bottle 0.0054 222 211 250 243
bottle 0.0046 208 201 239 305
bottle 0.0036 289 245 346 303
bottle 0.0031 208 213 232 253
bottle 0.0025 287 219 352 241
bottle 0.0024 179 206 213 243
bottle 0.0023 255 204 292 264
bottle 0.0023 288 232 346 255
bottle 0.0015 172 202 225 255
bottle 0.0014 185 231 220 309
bottle 0.0012 160 246 194 291
bottle 0.0011 216 203 255 265
chair 0.0011 340 215 365 249
chair 0.0010 278 204 363 223
diningtable 0.0121 -26 6 452 348
diningtable 0.0029 -45 298 545 361
diningtable 0.0027 -2 214 498 369
diningtable 0.0011 34 308 449 339
