person 0.8645 60 214 224 499
person 0.2000 193 114 340 459
person 0.0994 97 123 268 462
person 0.0768 293 206 371 456
person 0.0565 5 225 81 499
person 0.0504 36 146 338 502
person 0.0351 162 157 286 493
person 0.0201 58 105 243 333
person 0.0084 241 159 377 492
person 0.0060 0 186 133 486
person 0.0034 163 409 275 500
person 0.0027 36 146 184 435
person 0.0026 87 113 206 236
person 0.0021 118 302 320 504
person 0.0020 319 179 349 247
person 0.0020 195 402 316 503
person 0.0019 2 340 51 397
person 0.0012 62 209 153 357
bottle 0.2401 319 179 349 247
bottle 0.0054 66 377 88 404
chair 0.0248 60 214 224 499
chair 0.0224 297 384 371 499
chair 0.0169 24 211 350 507
chair 0.0119 195 402 316 503
chair 0.0118 163 409 275 500
chair 0.0099 86 108 284 328
chair 0.0068 0 213 140 501
chair 0.0052 20 58 353 385
chair 0.0042 37 370 261 502
chair 0.0040 87 113 206 236
chair 0.0036 316 388 373 431
chair 0.0035 31 210 90 237
chair 0.0035 149 122 291 460
chair 0.0034 0 211 41 239
chair 0.0033 292 284 371 504
chair 0.0024 184 130 347 393
chair 0.0016 118 302 320 504
chair 0.0016 289 137 372 449
chair 0.0014 76 404 204 491
chair 0.0013 43 119 198 318
chair 0.0013 319 179 349 247
chair 0.0012 203 415 257 491
chair 0.0012 260 271 299 439
chair 0.0012 0 185 92 248
chair 0.0012 2 326 68 499
chair 0.0011 94 430 288 502
chair 0.0011 222 243 302 423
chair 0.0010 2 340 51 397
sofa 0.1004 0 212 301 498
sofa 0.0853 28 92 345 429
sofa 0.0410 293 206 371 456
sofa 0.0380 104 112 269 398
sofa 0.0369 0 213 140 501
sofa 0.0222 184 130 347 393
sofa 0.0146 0 185 92 248
sofa 0.0108 130 127 389 514
sofa 0.0079 299 165 375 261
sofa 0.0071 57 135 235 452
sofa 0.0065 231 116 374 463
sofa 0.0058 125 402 267 503
sofa 0.0054 195 402 316 503
sofa 0.0052 291 193 373 296
sofa 0.0050 55 296 237 497
sofa 0.0044 57 107 324 254
sofa 0.0040 0 245 75 387
sofa 0.0039 43 119 198 318
sofa 0.0032 -29 365 403 495
sofa 0.0029 297 384 371 499
sofa 0.0029 118 302 320 504
sofa 0.0025 87 113 206 236
sofa 0.0023 320 174 350 244
sofa 0.0021 7 148 104 226
sofa 0.0013 4 115 147 400
sofa 0.0013 181 214 334 511
sofa 0.0012 229 293 375 502
sofa 0.0011 1 144 89 451
sofa 0.0011 239 147 359 269
pottedplant 0.0025 319 179 349 247
diningtable 0.0321 293 206 371 456
diningtable 0.0246 0 202 95 249
diningtable 0.0100 291 193 373 296
diningtable 0.0099 -10 225 96 246
diningtable 0.0012 299 165 375 261
diningtable 0.0011 314 226 375 283
diningtable 0.0010 0 224 86 364
