person 0.4351 188 205 272 365
person 0.2199 151 191 194 258
person 0.0815 196 197 266 291
person 0.0690 158 197 186 239
person 0.0281 142 199 182 269
person 0.0271 151 194 173 246
person 0.0204 242 226 267 259
person 0.0182 149 184 173 222
person 0.0158 204 195 254 249
person 0.0127 157 187 190 224
person 0.0109 259 244 292 310
person 0.0098 148 172 205 232
person 0.0092 182 202 209 240
person 0.0091 247 233 270 275
person 0.0091 256 243 280 284
person 0.0087 124 89 146 130
person 0.0082 314 191 333 295
person 0.0080 144 215 168 262
person 0.0078 237 222 271 300
person 0.0074 229 220 268 338
person 0.0072 286 139 334 511
person 0.0071 176 224 200 255
person 0.0064 198 196 225 238
person 0.0058 168 205 213 276
person 0.0055 273 253 293 303
person 0.0055 165 223 195 261
person 0.0049 237 206 264 234
person 0.0041 264 216 285 263
person 0.0039 300 152 332 331
person 0.0038 212 199 246 237
person 0.0035 233 207 270 274
person 0.0032 265 186 292 265
person 0.0032 169 163 212 239
person 0.0026 134 166 211 256
person 0.0024 48 59 68 100
person 0.0022 143 152 206 211
person 0.0021 206 191 235 219
person 0.0021 154 205 197 311
person 0.0020 271 252 295 343
person 0.0020 132 187 209 306
person 0.0020 183 8 239 54
person 0.0018 170 233 218 290
person 0.0018 -3 135 63 234
person 0.0017 270 200 296 313
person 0.0014 317 208 332 272
person 0.0013 150 170 253 258
person 0.0010 143 160 286 356
person 0.0010 239 165 269 194
bicycle 0.0361 181 274 271 386
bicycle 0.0314 264 253 291 299
bicycle 0.0225 256 243 280 284
bicycle 0.0110 258 222 293 295
bicycle 0.0047 247 233 270 275
bicycle 0.0047 -3 135 63 234
bicycle 0.0045 227 276 267 357
bicycle 0.0027 259 266 288 362
bicycle 0.0013 242 226 267 259
bicycle 0.0010 238 255 267 301
bicycle 0.0010 270 200 296 313
car 0.0018 264 253 291 299
car 0.0015 141 244 166 271
motorbike 0.4501 161 210 274 385
motorbike 0.0339 264 253 291 299
motorbike 0.0285 256 243 280 284
motorbike 0.0142 165 227 234 369
motorbike 0.0141 154 205 197 311
motorbike 0.0139 258 222 293 295
motorbike 0.0078 247 233 270 275
motorbike 0.0078 141 244 166 271
motorbike 0.0049 132 187 209 306
motorbike 0.0046 167 236 194 277
motorbike 0.0045 140 212 179 304
motorbike 0.0040 137 225 217 348
motorbike 0.0035 165 251 198 343
motorbike 0.0028 170 233 218 290
motorbike 0.0027 169 267 217 361
motorbike 0.0024 165 223 195 261
motorbike 0.0023 142 199 182 269
motorbike 0.0021 171 205 261 312
motorbike 0.0021 144 215 168 262
motorbike 0.0020 242 226 267 259
motorbike 0.0016 168 258 193 295
motorbike 0.0015 237 222 271 300
motorbike 0.0015 227 247 267 351
motorbike 0.0010 183 242 215 280
motorbike 0.0010 77 153 255 350
motorbike 0.0010 169 296 194 344
bus 0.0031 129 81 291 349
bus 0.0019 27 28 311 397
train 0.0018 129 81 291 349
train 0.0011 27 28 311 397
horse 0.0023 2 125 68 243
horse 0.0013 0 130 75 358
chair 0.0079 0 130 75 358
chair 0.0048 -3 220 61 358
chair 0.0029 264 253 291 299
chair 0.0019 223 486 287 500
pottedplant 0.0116 67 20 90 67
pottedplant 0.0025 57 15 94 78
tvmonitor 0.0010 82 179 106 214
