person 0.9614 192 109 302 364
person 0.0124 174 195 207 247
person 0.0033 198 206 231 304
person 0.0016 197 135 289 265
person 0.0015 185 204 221 297
person 0.0013 180 169 251 272
person 0.0011 169 209 319 375
car 0.0204 279 160 316 182
car 0.0064 274 153 311 175
car 0.0036 0 162 21 190
car 0.0013 73 163 107 181
car 0.0012 451 160 488 183
car 0.0012 296 163 331 181
car 0.0010 9 164 51 185
aeroplane 0.0012 274 153 311 175
aeroplane 0.0011 0 24 13 57
bus 0.0034 0 162 21 190
bus 0.0016 274 153 311 175
bus 0.0016 9 164 51 185
bus 0.0016 73 163 107 181
bus 0.0015 279 160 316 182
bus 0.0010 392 163 424 181
train 0.0011 109 152 149 171
boat 0.0087 274 153 311 175
boat 0.0041 279 160 316 182
boat 0.0036 451 160 488 183
boat 0.0031 176 197 204 244
boat 0.0030 183 161 213 193
boat 0.0021 474 168 499 192
boat 0.0017 167 165 207 186
boat 0.0017 182 147 214 167
boat 0.0012 160 150 204 167
boat 0.0011 9 164 51 185
boat 0.0010 0 162 21 190
bird 0.0069 174 195 207 247
bottle 0.0613 205 271 223 312
bottle 0.0048 196 257 218 290
chair 0.0064 120 188 166 249
chair 0.0036 134 198 163 223
chair 0.0014 192 237 225 314
diningtable 0.0027 20 177 159 266
