person 0.9811 123 331 158 456
person 0.8131 183 345 213 447
person 0.8055 157 342 192 439
person 0.6984 264 329 307 465
person 0.5534 238 348 268 445
person 0.5170 201 346 232 448
person 0.5088 215 347 250 469
person 0.2321 144 339 172 441
person 0.2069 206 309 242 367
person 0.0849 259 334 297 417
person 0.0821 241 350 265 396
person 0.0543 244 341 266 378
person 0.0475 262 329 286 378
person 0.0213 208 348 230 391
person 0.0208 265 320 289 360
person 0.0153 152 342 223 458
person 0.0129 224 341 249 376
person 0.0112 151 338 173 376
person 0.0112 260 354 284 399
person 0.0101 269 323 309 395
person 0.0100 164 340 188 381
person 0.0100 331 4 374 127
person 0.0095 212 304 234 342
person 0.0083 226 353 252 395
person 0.0064 315 290 344 416
person 0.0059 292 339 324 413
person 0.0059 126 339 189 447
person 0.0046 215 344 254 413
person 0.0045 186 352 211 391
person 0.0044 282 352 307 395
person 0.0042 246 312 266 362
person 0.0037 126 472 161 500
person 0.0036 186 344 247 452
person 0.0034 321 327 338 384
person 0.0034 204 366 226 418
person 0.0031 243 370 267 413
person 0.0026 324 476 370 500
person 0.0026 14 467 146 500
person 0.0026 277 342 305 382
person 0.0024 235 322 314 436
person 0.0023 160 355 189 390
person 0.0021 222 374 251 412
person 0.0020 126 327 150 356
person 0.0020 178 328 269 417
person 0.0019 148 352 170 396
person 0.0019 259 373 285 407
person 0.0017 246 390 270 441
person 0.0016 295 351 317 402
person 0.0016 240 329 270 390
person 0.0015 279 317 306 358
person 0.0014 125 354 151 398
person 0.0014 119 328 155 392
person 0.0014 217 346 285 447
person 0.0013 9 374 120 442
person 0.0013 133 330 247 424
person 0.0012 125 333 151 373
person 0.0011 105 344 141 441
person 0.0011 258 383 300 474
person 0.0011 200 389 219 440
person 0.0010 294 318 317 356
person 0.0010 258 392 286 438
bicycle 0.0011 315 290 344 416
car 0.0021 298 409 368 488
train 0.0046 -5 5 307 420
bird 0.0011 331 4 374 127
bird 0.0010 7 10 297 353
cat 0.0017 331 4 374 127
dog 0.0027 331 4 374 127
dog 0.0010 126 472 161 500
horse 0.0103 331 4 374 127
cow 0.0035 331 4 374 127
chair 0.0132 126 472 161 500
chair 0.0045 21 467 146 499
chair 0.0017 246 390 270 441
chair 0.0010 10 452 184 500
sofa 0.0049 14 467 146 500
diningtable 0.0058 21 467 146 499
