person 0.5776 152 136 258 258
person 0.0765 121 134 285 313
person 0.0659 0 79 424 371
person 0.0396 -4 95 188 355
person 0.0177 6 33 245 179
person 0.0151 133 50 179 76
person 0.0093 213 87 516 370
person 0.0072 15 41 237 106
person 0.0065 218 114 257 168
person 0.0050 83 167 329 344
person 0.0044 50 57 237 145
person 0.0034 151 125 265 194
person 0.0032 375 63 499 382
person 0.0021 160 145 205 173
person 0.0016 128 64 236 138
person 0.0015 223 109 255 139
person 0.0013 190 137 255 185
person 0.0012 120 48 232 106
person 0.0011 146 73 261 160
person 0.0011 55 59 286 243
person 0.0011 197 83 252 147
person 0.0011 216 89 259 153
cat 0.0315 245 118 486 358
cat 0.0068 133 50 179 76
cat 0.0020 24 57 228 144
cat 0.0018 375 63 499 382
cat 0.0015 152 136 258 258
cat 0.0013 15 41 237 106
dog 0.6132 245 118 486 358
dog 0.0245 152 136 258 258
dog 0.0175 32 65 466 383
dog 0.0103 209 137 384 325
dog 0.0080 375 63 499 382
dog 0.0053 164 241 487 377
dog 0.0052 121 134 285 313
dog 0.0037 133 50 179 76
dog 0.0023 84 179 416 344
dog 0.0017 15 41 237 106
dog 0.0013 137 107 356 276
dog 0.0011 6 33 245 179
bottle 0.0012 266 80 286 126
chair 0.0151 32 65 466 383
chair 0.0065 375 63 499 382
chair 0.0056 227 117 256 160
chair 0.0046 246 122 316 165
chair 0.0044 6 33 245 179
chair 0.0026 213 87 516 370
chair 0.0026 -4 95 188 355
chair 0.0024 38 218 538 379
chair 0.0013 270 123 321 145
chair 0.0011 234 105 322 178
chair 0.0010 273 118 313 135
sofa 0.1929 32 65 466 383
sofa 0.0166 -4 95 188 355
sofa 0.0121 213 87 516 370
sofa 0.0115 6 33 245 179
sofa 0.0096 375 63 499 382
sofa 0.0095 38 218 538 379
sofa 0.0028 9 23 278 364
sofa 0.0015 33 261 395 366
