person 0.0089 -22 -13 407 440
person 0.0052 4 -5 137 428
car 0.0046 -41 59 429 519
motorbike 0.0029 -37 9 425 491
bird 0.0022 -37 9 425 491
cat 0.4108 -41 59 429 519
cat 0.0375 39 11 391 346
cat 0.0015 -7 -24 251 447
cat 0.0013 3 1 138 354
cat 0.0012 -50 9 430 203
dog 0.0155 -22 -13 407 440
dog 0.0017 4 -5 137 428
sheep 0.0021 -37 9 425 491
cow 0.0023 -22 -13 407 440
cow 0.0012 4 -5 137 428
chair 0.0135 -41 59 429 519
chair 0.0028 0 312 137 497
chair 0.0010 0 316 88 435
sofa 0.0050 -22 -13 407 440
