person 0.0242 422 106 452 138
person 0.0118 58 132 84 177
person 0.0110 56 124 79 159
person 0.0096 37 121 61 159
person 0.0069 70 130 87 176
person 0.0062 361 113 387 146
person 0.0060 487 143 500 205
person 0.0051 434 105 458 141
person 0.0045 397 105 437 133
person 0.0045 118 113 141 154
person 0.0031 0 114 17 161
person 0.0029 481 128 499 222
person 0.0029 44 120 87 187
person 0.0027 34 132 61 175
person 0.0025 409 117 451 144
person 0.0018 28 118 73 189
person 0.0015 437 113 463 148
person 0.0014 396 103 458 141
person 0.0014 0 103 23 132
person 0.0013 0 79 100 264
person 0.0012 465 144 486 179
person 0.0011 474 131 499 258
person 0.0010 0 134 18 176
car 0.0084 3 86 88 181
car 0.0042 487 143 500 205
car 0.0039 5 94 87 136
car 0.0024 0 72 89 128
car 0.0017 14 93 79 116
car 0.0015 0 103 23 132
car 0.0015 0 91 59 112
car 0.0014 0 88 30 115
car 0.0013 95 25 489 301
car 0.0013 481 128 499 222
car 0.0012 73 160 188 253
aeroplane 0.0013 95 25 489 301
bus 0.0401 95 25 489 301
bus 0.0184 120 57 316 278
bus 0.0100 9 15 349 315
train 0.0045 95 25 489 301
train 0.0041 4 98 89 246
train 0.0016 53 59 220 276
train 0.0012 120 57 316 278
boat 0.2779 131 37 501 287
boat 0.0182 4 98 89 246
boat 0.0062 32 17 398 311
boat 0.0052 120 57 316 278
boat 0.0026 53 59 220 276
boat 0.0020 56 153 152 246
bird 0.0056 465 144 486 179
bird 0.0013 457 114 478 148
dog 0.0029 185 243 326 299
dog 0.0015 203 249 270 294
dog 0.0010 223 258 257 292
dog 0.0010 191 242 249 292
horse 0.0807 1 113 92 238
horse 0.0027 41 147 90 247
horse 0.0024 52 157 138 259
horse 0.0024 38 176 88 202
horse 0.0016 28 118 73 189
horse 0.0015 58 132 84 177
horse 0.0013 44 120 87 187
horse 0.0013 -3 94 73 302
horse 0.0010 0 119 23 235
horse 0.0010 34 132 61 175
horse 0.0010 13 160 40 196
sheep 0.0027 2 140 96 258
cow 0.0161 1 120 91 262
cow 0.0023 38 176 88 202
cow 0.0019 41 147 90 247
cow 0.0014 0 119 23 235
cow 0.0013 0 157 19 199
