person 0.0047 13 84 318 489
person 0.0039 32 -5 141 114
person 0.0011 -1 86 20 126
car 0.0011 13 84 318 489
bird 0.0139 12 56 316 454
bird 0.0011 6 95 254 324
cat 0.0137 13 84 318 489
cat 0.0014 0 94 173 477
dog 0.0789 13 84 318 489
dog 0.0073 2 81 178 427
horse 0.0049 13 84 318 489
sheep 0.3589 13 84 318 489
sheep 0.0423 6 95 254 324
sheep 0.0097 0 94 173 477
sheep 0.0094 95 153 320 431
sheep 0.0036 32 -5 141 114
sheep 0.0024 76 0 268 178
sheep 0.0011 149 0 246 171
sheep 0.0010 94 -2 236 52
sheep 0.0010 101 0 226 110
cow 0.0169 12 56 316 454
chair 0.0010 13 84 318 489
sofa 0.0024 13 84 318 489
