person 0.8424 21 -11 244 392
person 0.5287 239 -1 502 380
person 0.0299 432 7 467 80
person 0.0241 286 2 494 222
person 0.0219 51 0 447 379
person 0.0154 1 52 103 388
person 0.0122 407 13 495 133
person 0.0064 443 -10 498 381
person 0.0048 19 3 239 141
person 0.0044 382 161 495 374
person 0.0037 223 134 403 311
person 0.0031 33 158 231 377
person 0.0028 0 42 28 308
person 0.0028 467 68 499 250
person 0.0025 455 13 500 151
person 0.0017 0 190 88 348
person 0.0016 128 61 297 311
person 0.0013 95 157 337 370
person 0.0013 0 173 19 377
person 0.0012 381 0 476 85
person 0.0010 458 3 499 76
boat 0.0015 41 144 460 374
cat 0.0030 382 161 495 374
cat 0.0012 303 287 332 373
dog 0.7200 214 147 384 295
dog 0.1088 382 161 495 374
dog 0.0290 95 157 337 370
dog 0.0276 255 163 472 372
dog 0.0053 14 74 406 376
dog 0.0044 175 117 344 339
dog 0.0033 153 46 494 400
dog 0.0029 309 261 414 366
dog 0.0028 203 147 308 244
dog 0.0019 312 227 409 313
dog 0.0012 144 233 432 373
dog 0.0010 128 61 297 311
dog 0.0010 273 205 386 300
horse 0.0132 382 161 495 374
sheep 0.0027 382 161 495 374
cow 0.0030 382 161 495 374
bottle 0.0031 309 321 329 374
bottle 0.0016 104 242 148 270
bottle 0.0014 303 287 332 373
bottle 0.0012 380 328 453 375
chair 0.0777 12 39 255 388
chair 0.0741 382 161 495 374
chair 0.0611 432 7 467 80
chair 0.0351 226 55 496 383
chair 0.0198 240 58 354 147
chair 0.0189 256 0 494 223
chair 0.0108 1 52 103 388
chair 0.0098 257 32 373 121
chair 0.0096 165 66 245 155
chair 0.0087 0 20 55 214
chair 0.0073 307 269 416 364
chair 0.0062 3 0 100 215
chair 0.0053 380 328 453 375
chair 0.0053 0 331 18 376
chair 0.0050 469 6 499 77
chair 0.0045 270 46 325 66
chair 0.0043 252 21 474 110
chair 0.0038 475 135 500 332
chair 0.0038 355 1 473 85
chair 0.0037 0 290 18 374
chair 0.0032 443 -10 498 381
chair 0.0030 0 204 121 371
chair 0.0029 374 310 494 370
chair 0.0029 51 65 446 388
chair 0.0029 264 49 367 68
chair 0.0026 309 -4 363 9
chair 0.0025 233 6 415 157
chair 0.0025 162 49 235 78
chair 0.0025 213 19 432 270
chair 0.0023 0 301 55 373
chair 0.0022 -2 154 356 373
chair 0.0021 0 15 25 223
chair 0.0020 39 22 229 108
chair 0.0019 262 42 375 85
chair 0.0014 441 165 497 364
chair 0.0014 256 4 483 74
chair 0.0014 480 254 500 298
chair 0.0014 196 116 394 286
chair 0.0012 454 31 499 171
chair 0.0012 -1 299 119 370
chair 0.0012 2 217 62 369
chair 0.0012 54 231 294 373
chair 0.0011 301 51 488 112
chair 0.0010 0 204 18 382
chair 0.0010 62 314 116 374
chair 0.0010 259 14 393 68
sofa 0.1236 153 46 494 400
sofa 0.1124 9 164 414 364
sofa 0.0464 12 39 255 388
sofa 0.0403 1 167 107 374
sofa 0.0272 255 2 498 292
sofa 0.0193 382 161 495 374
sofa 0.0193 71 229 346 372
sofa 0.0112 39 -11 459 324
sofa 0.0061 0 48 66 398
sofa 0.0050 223 134 403 311
sofa 0.0046 208 225 441 373
sofa 0.0042 240 58 354 147
sofa 0.0024 309 261 414 366
sofa 0.0023 19 3 239 141
sofa 0.0018 473 119 499 310
sofa 0.0018 255 8 476 151
sofa 0.0017 443 -10 498 381
sofa 0.0014 2 209 189 371
sofa 0.0013 197 34 387 179
sofa 0.0012 374 310 494 370
sofa 0.0011 246 287 417 371
sofa 0.0010 257 32 373 121
pottedplant 0.0026 0 4 19 38
tvmonitor 0.0188 469 6 499 77
