person 0.1132 410 14 498 320
person 0.0740 0 18 56 205
person 0.0241 409 39 496 160
person 0.0017 474 48 498 178
person 0.0015 481 70 500 316
person 0.0013 0 76 21 266
person 0.0010 313 30 499 308
car 0.0020 382 -1 499 44
bird 0.0180 408 48 503 156
bird 0.0024 0 18 56 205
bird 0.0017 410 14 498 320
cat 0.0156 408 48 503 156
cat 0.0019 410 14 498 320
dog 0.2005 408 48 503 156
dog 0.1100 -1 19 53 186
dog 0.0930 410 14 498 320
dog 0.0032 1 5 55 325
dog 0.0025 475 44 498 158
horse 0.9576 154 59 336 215
horse 0.7211 0 18 56 205
horse 0.2216 409 39 496 160
horse 0.0661 410 14 498 320
horse 0.0051 141 97 193 152
horse 0.0037 477 51 499 260
horse 0.0018 431 71 501 239
horse 0.0012 138 85 221 176
sheep 0.0685 154 59 336 215
sheep 0.0183 408 48 503 156
sheep 0.0100 -1 19 53 186
sheep 0.0042 410 14 498 320
cow 0.0230 -2 24 53 200
cow 0.0097 408 48 503 156
cow 0.0060 410 14 498 320
cow 0.0041 154 59 336 215
cow 0.0019 141 103 194 155
