person 0.1111 91 -30 479 433
person 0.0090 0 62 283 405
person 0.0065 44 175 221 386
person 0.0037 143 215 374 397
person 0.0034 163 0 323 103
person 0.0029 6 176 114 390
person 0.0026 73 -2 353 165
person 0.0024 434 4 498 58
person 0.0021 169 5 409 143
person 0.0019 38 146 396 387
person 0.0011 144 325 366 394
person 0.0011 0 197 23 374
car 0.0014 64 -17 433 421
bird 0.0017 46 59 387 396
bird 0.0012 145 157 369 389
bird 0.0010 44 175 221 386
cat 0.3860 64 -17 433 421
cat 0.0359 0 62 283 405
cat 0.0054 145 157 369 389
cat 0.0050 73 -2 353 165
dog 0.0514 91 -30 479 433
dog 0.0019 84 139 415 391
sheep 0.0011 46 59 387 396
bottle 0.0014 25 183 114 345
bottle 0.0010 457 191 482 235
chair 0.0193 64 -17 433 421
chair 0.0024 73 -2 353 165
chair 0.0018 0 321 19 368
chair 0.0015 0 326 49 399
chair 0.0010 163 0 323 103
chair 0.0010 169 5 409 143
sofa 0.0394 33 -1 397 416
pottedplant 0.0376 0 326 49 399
pottedplant 0.0053 0 304 23 392
pottedplant 0.0034 0 321 19 368
pottedplant 0.0017 0 330 16 394
pottedplant 0.0010 33 -1 397 416
tvmonitor 0.0027 1 -13 190 260
