person 0.2077 147 172 331 255
person 0.1093 165 167 264 272
person 0.0416 126 167 202 270
person 0.0200 132 172 195 229
person 0.0075 207 59 235 102
person 0.0063 174 177 229 286
person 0.0062 123 189 176 244
person 0.0048 133 160 228 240
person 0.0041 150 178 185 206
person 0.0034 213 202 263 265
person 0.0032 176 166 235 231
person 0.0026 215 188 269 244
person 0.0020 130 196 183 275
person 0.0015 139 155 196 210
person 0.0014 159 190 204 277
person 0.0013 294 27 330 57
person 0.0011 435 122 459 237
person 0.0010 156 209 273 306
person 0.0010 486 232 500 280
person 0.0010 24 109 180 349
bird 0.0064 207 59 235 102
cat 0.0015 202 52 245 113
cat 0.0012 239 232 270 252
cat 0.0010 219 239 247 261
dog 0.0133 207 59 235 102
dog 0.0054 202 52 245 113
dog 0.0025 203 83 243 112
dog 0.0014 219 239 247 261
horse 0.0125 207 59 235 102
horse 0.0035 203 83 243 112
horse 0.0030 202 52 245 113
bottle 0.0303 287 273 303 323
bottle 0.0075 486 232 500 280
bottle 0.0033 245 237 268 262
bottle 0.0020 430 148 446 212
bottle 0.0011 426 136 450 225
chair 0.3041 34 227 175 373
chair 0.2130 126 203 172 273
chair 0.0838 405 253 431 367
chair 0.0560 52 236 111 283
chair 0.0474 101 243 147 272
chair 0.0388 89 231 154 275
chair 0.0304 44 229 163 314
chair 0.0266 124 190 198 279
chair 0.0235 76 226 144 248
chair 0.0228 168 231 202 316
chair 0.0215 149 231 175 273
chair 0.0210 136 216 184 285
chair 0.0167 172 231 198 273
chair 0.0153 126 204 168 237
chair 0.0146 150 178 185 206
chair 0.0142 -5 312 104 380
chair 0.0125 72 213 175 267
chair 0.0123 133 265 186 327
chair 0.0120 129 232 159 273
chair 0.0099 123 189 176 244
chair 0.0093 405 258 429 301
chair 0.0074 141 231 189 310
chair 0.0064 53 228 84 246
chair 0.0059 52 227 111 247
chair 0.0050 124 256 211 346
chair 0.0049 402 235 430 309
chair 0.0041 128 214 222 298
chair 0.0041 2 355 85 376
chair 0.0033 179 273 198 317
chair 0.0033 145 212 175 261
chair 0.0026 132 172 195 229
chair 0.0025 114 166 339 292
chair 0.0021 410 252 445 370
chair 0.0020 76 241 132 273
chair 0.0020 159 190 204 277
chair 0.0018 -2 329 64 379
chair 0.0017 176 238 220 311
chair 0.0017 163 167 250 292
chair 0.0016 368 246 437 365
chair 0.0013 179 250 321 333
chair 0.0013 112 262 171 281
chair 0.0013 149 257 185 289
chair 0.0013 401 233 427 273
chair 0.0013 140 198 178 235
chair 0.0012 183 278 208 313
chair 0.0012 377 220 426 284
chair 0.0010 481 248 499 373
chair 0.0010 170 246 192 295
sofa 0.8331 144 174 337 288
sofa 0.6363 34 227 175 373
sofa 0.0699 44 229 163 314
sofa 0.0529 125 164 350 242
sofa 0.0309 52 236 111 283
sofa 0.0148 165 167 264 272
sofa 0.0069 -5 312 104 380
sofa 0.0042 65 232 142 279
sofa 0.0041 45 216 153 263
sofa 0.0035 14 238 331 371
sofa 0.0028 52 227 111 247
sofa 0.0026 76 226 144 248
sofa 0.0024 39 143 394 380
sofa 0.0020 181 234 319 308
sofa 0.0015 101 197 190 268
sofa 0.0015 2 339 98 390
sofa 0.0013 248 178 340 290
sofa 0.0011 2 355 85 376
sofa 0.0011 -2 329 64 379
pottedplant 0.2911 392 138 432 210
pottedplant 0.0331 400 149 427 198
pottedplant 0.0116 426 136 450 225
pottedplant 0.0090 219 239 247 261
pottedplant 0.0050 245 237 268 262
pottedplant 0.0045 393 187 424 213
pottedplant 0.0038 377 132 448 222
pottedplant 0.0035 333 101 413 257
pottedplant 0.0024 385 169 430 223
pottedplant 0.0019 430 148 446 212
pottedplant 0.0015 486 232 500 280
pottedplant 0.0012 435 122 459 237
diningtable 0.0125 56 286 442 372
diningtable 0.0106 179 250 321 333
diningtable 0.0100 101 243 147 272
diningtable 0.0074 64 224 178 285
diningtable 0.0073 89 231 154 275
diningtable 0.0058 130 235 379 362
diningtable 0.0027 90 225 152 248
diningtable 0.0021 178 227 309 277
diningtable 0.0020 0 207 428 389
diningtable 0.0018 122 217 174 278
diningtable 0.0015 2 339 98 390
diningtable 0.0013 96 222 190 321
diningtable 0.0012 128 214 222 298
diningtable 0.0012 2 355 85 376
tvmonitor 0.0170 435 122 459 237
tvmonitor 0.0039 427 152 450 230
tvmonitor 0.0019 385 221 430 290
tvmonitor 0.0014 405 258 429 301
tvmonitor 0.0011 484 59 500 151
tvmonitor 0.0011 401 233 427 273
