person 0.9884 358 204 425 330
person 0.9582 279 199 319 349
person 0.6410 282 269 369 350
person 0.0624 485 228 499 284
person 0.0414 277 198 358 351
person 0.0283 191 122 222 201
person 0.0088 481 187 499 286
person 0.0067 196 130 218 182
person 0.0059 197 147 238 208
person 0.0054 301 298 363 347
person 0.0052 265 282 291 316
person 0.0048 198 157 217 203
person 0.0046 212 161 239 199
person 0.0044 422 214 496 327
person 0.0041 277 245 294 293
person 0.0038 117 175 139 211
person 0.0037 201 145 235 169
person 0.0030 190 123 212 161
person 0.0028 168 120 198 159
person 0.0027 161 117 203 203
person 0.0027 267 235 297 319
person 0.0026 124 119 211 202
person 0.0023 360 220 399 326
person 0.0023 282 253 309 288
person 0.0020 301 256 422 339
person 0.0019 261 243 342 346
person 0.0018 200 123 234 160
person 0.0018 373 249 390 290
person 0.0017 157 181 178 210
person 0.0014 275 274 316 346
person 0.0013 437 172 499 300
person 0.0012 475 131 500 262
person 0.0010 282 198 318 277
bicycle 0.0028 265 282 291 316
bicycle 0.0012 277 245 294 293
bus 0.0014 7 32 420 338
train 0.0055 48 19 450 354
bird 0.0037 265 282 291 316
bird 0.0011 421 272 497 323
cat 0.0038 421 272 497 323
cat 0.0024 484 228 499 320
cat 0.0020 282 269 369 350
dog 0.7264 421 272 497 323
dog 0.0546 484 228 499 320
dog 0.0440 277 282 368 349
dog 0.0124 259 291 286 319
dog 0.0073 432 222 497 328
dog 0.0018 483 286 500 325
dog 0.0013 265 282 291 316
horse 0.2122 277 282 368 349
horse 0.0065 421 272 497 323
sheep 0.3261 426 273 502 322
sheep 0.0455 282 269 369 350
sheep 0.0299 484 228 499 320
sheep 0.0053 483 286 500 325
sheep 0.0032 432 222 497 328
cow 0.0357 277 282 368 349
cow 0.0051 426 273 502 322
bottle 0.0308 117 175 139 211
bottle 0.0016 130 176 152 210
bottle 0.0015 198 157 217 203
bottle 0.0013 386 234 405 276
bottle 0.0010 212 161 239 199
chair 0.0060 277 245 294 293
chair 0.0050 262 250 296 326
chair 0.0042 265 282 291 316
chair 0.0023 4 227 41 320
chair 0.0015 1 202 22 341
chair 0.0015 7 286 40 310
chair 0.0015 277 282 368 349
chair 0.0011 26 235 40 280
sofa 0.0012 282 269 369 350
pottedplant 0.1026 259 291 286 319
pottedplant 0.0052 265 282 291 316
pottedplant 0.0032 262 250 296 326
pottedplant 0.0023 10 183 35 209
pottedplant 0.0014 117 175 139 211
pottedplant 0.0013 260 281 296 341
tvmonitor 0.0024 479 179 499 216
tvmonitor 0.0017 0 121 25 160
tvmonitor 0.0010 475 110 499 207
