person 0.0020 46 163 315 307
person 0.0018 122 169 316 225
person 0.0013 -14 23 438 278
car 0.0031 -14 23 438 278
car 0.0030 58 153 516 362
car 0.0014 136 95 264 142
boat 0.0020 47 63 461 316
bird 0.8409 4 248 123 345
bird 0.5667 328 152 491 288
bird 0.4198 104 218 232 293
bird 0.1395 6 228 193 354
bird 0.1117 46 163 315 307
bird 0.0375 100 197 238 258
bird 0.0253 229 193 328 239
bird 0.0180 193 168 370 228
bird 0.0114 175 182 321 241
bird 0.0113 113 168 310 223
bird 0.0103 90 174 333 251
bird 0.0086 342 186 445 275
bird 0.0070 -8 147 428 371
bird 0.0065 72 130 419 251
bird 0.0043 349 159 504 240
bird 0.0040 399 180 501 253
bird 0.0035 227 153 284 195
bird 0.0032 420 205 495 252
bird 0.0028 121 250 197 292
bird 0.0023 103 162 462 288
bird 0.0019 65 67 513 311
bird 0.0018 240 118 488 269
bird 0.0018 332 184 384 243
bird 0.0015 322 149 428 227
bird 0.0015 300 162 418 270
bird 0.0015 330 193 355 235
cat 0.0037 227 153 284 195
cat 0.0031 105 217 230 293
cat 0.0023 169 168 314 224
cat 0.0018 100 197 238 258
cow 0.0012 -7 45 430 330
bottle 0.0137 193 168 370 228
bottle 0.0043 229 193 328 239
bottle 0.0021 227 153 284 195
bottle 0.0017 175 182 321 241
bottle 0.0013 105 217 230 293
bottle 0.0012 113 168 310 223
chair 0.0034 -7 45 430 330
diningtable 0.0010 66 105 510 336
