person 0.8708 20 19 318 348
person 0.5455 74 -5 247 98
person 0.3174 -13 75 212 496
person 0.2727 100 -3 212 72
person 0.1899 239 8 321 113
person 0.1823 76 5 162 94
person 0.1447 166 21 325 333
person 0.0865 195 6 306 104
person 0.0649 262 0 320 64
person 0.0513 300 29 333 135
person 0.0419 191 -1 313 57
person 0.0414 219 20 328 230
person 0.0391 211 8 261 77
person 0.0270 276 94 317 162
person 0.0269 200 26 298 156
person 0.0256 313 27 335 223
person 0.0196 106 1 296 59
person 0.0193 285 59 327 192
person 0.0190 65 100 336 483
person 0.0188 288 110 324 215
person 0.0135 266 71 314 141
person 0.0120 1 168 126 484
person 0.0119 202 66 305 208
person 0.0114 39 18 292 169
person 0.0055 228 26 274 106
person 0.0052 72 67 103 101
person 0.0050 148 4 277 88
person 0.0044 70 37 160 132
person 0.0041 72 37 124 101
person 0.0039 270 -1 338 137
person 0.0034 219 2 281 65
person 0.0034 237 25 266 72
person 0.0033 189 0 244 17
person 0.0031 69 65 129 112
person 0.0029 296 107 322 145
person 0.0026 147 0 210 17
person 0.0024 215 0 293 21
person 0.0023 250 17 307 77
person 0.0023 222 27 253 71
person 0.0023 103 -2 213 36
person 0.0022 265 0 318 21
person 0.0021 117 0 198 23
person 0.0021 258 35 323 175
person 0.0020 115 -1 161 26
person 0.0020 141 49 265 131
person 0.0020 300 0 330 26
person 0.0019 290 -1 332 56
person 0.0017 158 170 327 473
person 0.0017 235 106 323 220
person 0.0017 216 -1 323 36
person 0.0016 109 0 137 26
person 0.0016 30 483 92 499
person 0.0016 107 3 163 68
person 0.0015 303 0 329 47
person 0.0015 221 50 250 76
person 0.0015 264 19 315 47
person 0.0014 213 56 251 118
person 0.0013 234 44 262 82
person 0.0013 -3 305 175 499
person 0.0013 294 86 316 127
person 0.0013 214 -11 331 146
person 0.0012 214 10 253 48
person 0.0012 44 474 125 499
person 0.0011 22 -2 163 62
person 0.0010 294 120 323 164
person 0.0010 200 305 335 499
person 0.0010 133 0 291 33
bicycle 0.0715 -4 374 190 498
bicycle 0.0258 92 297 236 495
bicycle 0.0184 -24 293 361 504
bicycle 0.0136 -16 217 184 506
bicycle 0.0093 9 453 168 497
bicycle 0.0089 3 41 326 461
bicycle 0.0071 288 110 324 215
bicycle 0.0040 24 405 138 503
bicycle 0.0033 278 105 319 173
bicycle 0.0020 -4 300 131 498
bicycle 0.0020 -15 472 142 499
bicycle 0.0016 221 262 335 326
bicycle 0.0011 235 106 323 220
car 0.0975 249 17 319 154
car 0.0315 263 13 315 76
car 0.0295 106 197 173 245
car 0.0262 241 62 320 214
car 0.0139 264 46 315 124
car 0.0118 131 211 285 306
car 0.0105 278 105 319 173
car 0.0089 20 19 318 348
car 0.0074 191 -1 313 57
car 0.0061 251 69 304 136
car 0.0058 257 -11 322 107
car 0.0052 166 21 325 333
car 0.0039 112 224 163 254
car 0.0036 130 171 276 253
car 0.0033 49 210 206 302
car 0.0029 194 121 312 220
car 0.0028 300 29 333 135
car 0.0028 288 110 324 215
car 0.0023 277 17 334 176
car 0.0020 210 225 249 249
car 0.0018 99 118 320 372
car 0.0016 86 187 190 254
car 0.0015 264 19 315 47
car 0.0015 195 6 306 104
car 0.0013 200 26 298 156
car 0.0013 -1 358 25 396
car 0.0011 141 -3 280 67
motorbike 0.0025 -4 374 190 498
aeroplane 0.0011 16 20 315 393
boat 0.0067 1 159 169 486
boat 0.0036 4 8 338 276
boat 0.0018 4 91 322 489
horse 0.0048 -38 249 305 476
horse 0.0036 1 159 169 486
horse 0.0021 20 19 318 348
horse 0.0017 -9 77 267 500
bottle 0.0044 72 471 124 499
bottle 0.0040 108 298 307 365
bottle 0.0038 180 299 201 339
bottle 0.0037 177 297 207 371
bottle 0.0033 210 273 261 325
bottle 0.0021 177 297 332 500
bottle 0.0020 210 225 249 249
bottle 0.0019 121 310 183 326
bottle 0.0014 30 483 92 499
bottle 0.0014 79 267 256 483
bottle 0.0011 148 296 269 416
chair 0.0240 263 13 315 76
chair 0.0193 249 49 304 122
chair 0.0083 252 69 294 97
chair 0.0073 279 87 314 123
chair 0.0054 266 71 314 141
chair 0.0054 276 94 317 162
chair 0.0052 236 25 315 143
chair 0.0047 3 402 181 499
chair 0.0035 260 87 294 126
chair 0.0034 254 47 295 81
chair 0.0032 276 70 313 99
chair 0.0028 1 159 169 486
chair 0.0026 106 197 173 245
chair 0.0018 236 66 263 109
chair 0.0016 278 46 311 82
chair 0.0013 259 28 292 69
chair 0.0013 288 110 324 215
chair 0.0013 264 19 315 47
chair 0.0012 229 50 274 117
chair 0.0012 216 66 241 109
chair 0.0011 294 22 334 189
chair 0.0011 3 41 326 461
chair 0.0010 74 -5 247 98
chair 0.0010 200 305 335 499
pottedplant 0.0011 313 1 332 42
