person 0.0086 0 50 19 142
person 0.0071 1 41 43 132
person 0.0020 -1 58 11 136
person 0.0015 -1 -3 19 98
person 0.0011 0 45 17 90
car 0.0019 0 50 19 142
horse 0.1257 0 50 19 142
horse 0.0353 4 50 90 146
horse 0.0058 1 41 43 132
horse 0.0056 183 61 453 371
horse 0.0025 -1 58 11 136
horse 0.0025 99 88 152 142
horse 0.0015 0 90 16 142
horse 0.0013 82 39 171 135
sheep 0.0094 10 47 91 146
sheep 0.0040 82 39 171 135
sheep 0.0022 0 48 14 115
sheep 0.0013 1 41 43 132
cow 0.9395 10 47 91 146
cow 0.8731 126 29 438 364
cow 0.8612 84 52 158 143
cow 0.3159 0 50 19 142
cow 0.1672 1 41 43 132
cow 0.0481 99 88 152 142
cow 0.0333 125 98 151 142
cow 0.0313 76 41 203 132
cow 0.0141 -1 58 11 136
cow 0.0066 106 87 137 119
cow 0.0054 0 45 17 90
cow 0.0045 54 15 283 132
cow 0.0034 81 87 133 138
cow 0.0033 7 48 36 79
cow 0.0032 98 24 248 277
cow 0.0020 22 57 150 141
cow 0.0020 75 82 98 126
cow 0.0017 48 50 86 77
cow 0.0012 11 52 37 101
cow 0.0011 90 85 125 125
cow 0.0011 17 43 84 90
cow 0.0011 64 68 110 135
cow 0.0010 262 71 451 370
cow 0.0010 0 90 16 142
chair 0.0027 125 98 151 142
