person 0.0542 177 245 202 280
person 0.0185 208 245 231 279
person 0.0137 274 201 293 240
person 0.0052 177 194 201 216
person 0.0034 142 246 169 279
person 0.0011 0 24 47 106
person 0.0011 32 381 56 418
person 0.0010 167 245 195 282
bicycle 0.0040 71 333 94 378
bicycle 0.0020 22 305 150 500
bicycle 0.0019 61 308 127 439
bicycle 0.0011 110 272 132 317
bicycle 0.0011 85 299 118 327
car 0.0012 266 196 323 245
car 0.0012 274 201 293 240
aeroplane 0.0061 79 26 243 75
aeroplane 0.0018 33 0 284 49
aeroplane 0.0012 189 55 238 74
train 0.9868 102 195 241 378
train 0.0021 86 89 244 344
train 0.0021 106 199 231 243
bird 0.0031 92 54 142 75
bird 0.0022 247 133 271 160
bird 0.0020 209 110 248 132
bird 0.0019 214 133 243 155
bird 0.0018 105 194 134 212
bird 0.0013 210 103 250 120
bird 0.0012 107 56 163 78
bird 0.0010 133 58 176 79
chair 0.0021 71 333 94 378
chair 0.0012 75 332 122 422
chair 0.0010 82 363 118 456
pottedplant 0.0060 9 382 104 493
pottedplant 0.0016 80 357 114 500
pottedplant 0.0013 32 381 56 418
