person 0.0370 0 35 48 104
person 0.0368 364 223 385 263
person 0.0335 389 242 410 293
person 0.0138 17 148 42 194
person 0.0102 277 158 294 189
person 0.0099 36 46 97 101
person 0.0076 111 165 143 189
person 0.0070 0 135 23 167
person 0.0069 0 147 19 199
person 0.0059 16 138 42 165
person 0.0036 279 161 317 187
person 0.0033 279 115 317 149
person 0.0033 97 141 120 165
person 0.0033 384 241 412 267
person 0.0031 0 24 93 102
person 0.0027 125 162 154 192
person 0.0023 6 40 137 109
person 0.0021 134 176 160 208
person 0.0021 109 136 131 167
person 0.0020 367 220 414 284
person 0.0017 317 198 353 223
person 0.0017 88 153 119 187
person 0.0015 336 123 372 146
person 0.0014 353 218 395 277
person 0.0011 385 242 433 296
person 0.0010 298 196 331 228
person 0.0010 46 156 78 192
car 0.0202 356 121 395 143
car 0.0179 200 157 247 183
car 0.0102 336 123 372 146
car 0.0026 279 161 317 187
car 0.0024 -2 143 167 203
car 0.0019 191 147 250 189
car 0.0019 374 119 406 146
car 0.0015 349 82 399 99
car 0.0012 375 79 412 100
car 0.0012 293 258 523 321
car 0.0012 393 166 437 184
car 0.0010 86 56 124 85
bus 0.0215 314 284 489 321
bus 0.0091 -2 169 146 220
bus 0.0021 -2 143 167 203
train 0.0090 -2 143 167 203
train 0.0055 1 161 137 214
train 0.0011 0 177 140 248
boat 0.0035 148 23 496 293
cat 0.0019 36 46 97 101
dog 0.0019 389 242 410 293
dog 0.0010 384 241 412 267
dog 0.0010 68 55 96 91
bottle 0.0444 16 138 42 165
bottle 0.0438 389 242 410 293
bottle 0.0403 17 148 42 194
bottle 0.0271 60 130 80 163
bottle 0.0193 29 140 58 166
bottle 0.0185 33 154 59 190
bottle 0.0158 0 135 23 167
bottle 0.0137 400 83 429 104
bottle 0.0113 0 147 19 199
bottle 0.0076 375 79 412 100
bottle 0.0070 46 156 78 192
bottle 0.0043 348 69 369 93
bottle 0.0036 325 65 346 90
bottle 0.0035 364 223 385 263
bottle 0.0018 354 72 392 95
bottle 0.0013 3 131 45 185
bottle 0.0013 451 119 475 145
bottle 0.0012 389 268 412 296
bottle 0.0012 0 35 48 104
bottle 0.0011 66 138 105 160
bottle 0.0010 21 147 71 199
bottle 0.0010 414 83 438 104
bottle 0.0010 49 129 85 182
chair 0.6443 472 196 499 276
chair 0.3543 450 197 493 277
chair 0.2680 349 200 398 219
chair 0.2305 269 192 298 218
chair 0.2127 420 207 447 253
chair 0.1865 271 243 313 325
chair 0.1408 311 203 363 256
chair 0.1371 366 217 407 248
chair 0.1193 361 218 390 253
chair 0.1175 318 217 356 246
chair 0.1104 268 250 468 313
chair 0.0852 455 200 480 228
chair 0.0844 411 212 456 276
chair 0.0810 283 216 312 284
chair 0.0699 293 208 334 284
chair 0.0690 320 270 387 299
chair 0.0647 433 214 481 275
chair 0.0597 316 221 387 269
chair 0.0572 423 194 449 233
chair 0.0560 317 198 353 223
chair 0.0455 301 205 329 249
chair 0.0452 389 242 410 293
chair 0.0418 472 193 500 228
chair 0.0399 274 240 391 323
chair 0.0357 303 202 407 260
chair 0.0357 298 196 331 228
chair 0.0351 403 202 488 282
chair 0.0342 352 209 403 258
chair 0.0317 314 235 367 261
chair 0.0308 274 191 317 223
chair 0.0253 281 194 316 268
chair 0.0246 395 194 429 223
chair 0.0220 283 266 428 306
chair 0.0205 434 195 466 231
chair 0.0193 325 215 382 248
chair 0.0186 287 282 510 325
chair 0.0181 325 257 389 274
chair 0.0158 134 176 160 208
chair 0.0149 315 215 489 278
chair 0.0146 367 220 414 284
chair 0.0145 329 200 385 221
chair 0.0142 294 204 386 292
chair 0.0135 452 223 478 274
chair 0.0123 409 239 450 268
chair 0.0117 264 203 305 295
chair 0.0115 434 207 457 258
chair 0.0110 413 251 445 275
chair 0.0101 294 192 344 242
chair 0.0093 384 241 412 267
chair 0.0091 359 193 421 221
chair 0.0090 346 184 402 200
chair 0.0084 289 258 337 325
chair 0.0082 287 210 310 255
chair 0.0081 309 264 374 313
chair 0.0073 257 244 342 326
chair 0.0069 297 300 333 324
chair 0.0067 391 248 495 305
chair 0.0067 347 195 405 235
chair 0.0064 469 187 501 206
chair 0.0062 381 201 443 255
chair 0.0058 336 171 410 186
chair 0.0057 311 260 362 278
chair 0.0054 314 248 388 297
chair 0.0050 439 182 472 202
chair 0.0048 310 239 512 302
chair 0.0047 300 268 325 303
chair 0.0044 301 222 325 271
chair 0.0040 132 184 160 229
chair 0.0039 318 278 391 326
chair 0.0039 345 200 478 262
chair 0.0035 252 276 426 326
chair 0.0034 314 302 363 325
chair 0.0033 111 165 143 189
chair 0.0033 125 162 154 192
chair 0.0032 379 223 446 280
chair 0.0032 236 217 508 324
chair 0.0031 328 300 377 326
chair 0.0030 423 190 474 246
chair 0.0030 453 206 478 252
chair 0.0029 385 242 433 296
chair 0.0028 393 212 437 248
chair 0.0028 265 186 402 238
chair 0.0027 290 259 314 317
chair 0.0027 286 234 305 294
chair 0.0026 479 239 499 288
chair 0.0026 333 313 371 326
chair 0.0025 312 187 355 203
chair 0.0023 279 161 317 187
chair 0.0022 17 148 42 194
chair 0.0021 277 158 294 189
chair 0.0020 330 167 383 183
chair 0.0019 265 242 291 288
chair 0.0018 451 187 498 241
chair 0.0018 0 147 19 199
chair 0.0018 411 186 447 204
chair 0.0018 379 296 418 326
chair 0.0018 114 190 139 232
chair 0.0018 324 182 387 197
chair 0.0017 278 193 363 268
chair 0.0017 106 172 146 200
sofa 0.0072 278 261 518 320
sofa 0.0014 305 241 489 300
sofa 0.0010 472 196 499 276
pottedplant 0.0553 389 242 410 293
pottedplant 0.0102 134 176 160 208
pottedplant 0.0075 188 150 215 184
pottedplant 0.0057 125 162 154 192
pottedplant 0.0046 111 165 143 189
pottedplant 0.0036 109 136 131 167
pottedplant 0.0035 136 150 190 196
pottedplant 0.0028 110 150 169 200
pottedplant 0.0019 384 241 412 267
pottedplant 0.0018 294 166 329 186
pottedplant 0.0012 119 163 161 214
diningtable 0.7759 300 258 503 315
diningtable 0.1883 287 282 510 325
diningtable 0.1652 349 200 398 219
diningtable 0.0770 330 217 463 285
diningtable 0.0508 306 211 415 269
diningtable 0.0505 472 193 500 228
diningtable 0.0433 469 187 501 206
diningtable 0.0303 346 184 402 200
diningtable 0.0264 329 200 385 221
diningtable 0.0242 306 181 428 236
diningtable 0.0222 317 198 353 223
diningtable 0.0209 361 218 390 253
diningtable 0.0173 366 217 407 248
diningtable 0.0168 455 200 480 228
diningtable 0.0165 283 266 428 306
diningtable 0.0162 236 217 508 324
diningtable 0.0148 324 182 387 197
diningtable 0.0146 319 238 382 266
diningtable 0.0138 320 270 387 299
diningtable 0.0131 476 200 499 262
diningtable 0.0127 281 239 469 302
diningtable 0.0115 359 193 421 221
diningtable 0.0114 290 182 343 199
diningtable 0.0111 298 196 331 228
diningtable 0.0106 269 192 298 218
diningtable 0.0103 336 171 410 186
diningtable 0.0095 312 187 355 203
diningtable 0.0092 325 215 382 248
diningtable 0.0082 318 217 356 246
diningtable 0.0076 325 257 389 274
diningtable 0.0072 274 191 317 223
diningtable 0.0061 345 200 478 262
diningtable 0.0057 353 182 432 198
diningtable 0.0048 310 174 437 213
diningtable 0.0042 284 187 396 248
diningtable 0.0042 371 241 458 263
diningtable 0.0033 450 197 493 277
diningtable 0.0032 434 195 466 231
diningtable 0.0031 477 224 499 275
diningtable 0.0029 320 160 433 188
diningtable 0.0027 294 192 344 242
diningtable 0.0026 395 194 429 223
diningtable 0.0024 352 209 403 258
diningtable 0.0021 355 190 426 238
diningtable 0.0019 384 241 412 267
diningtable 0.0018 283 183 320 203
diningtable 0.0016 445 185 503 204
diningtable 0.0016 391 248 495 305
diningtable 0.0015 311 260 362 278
diningtable 0.0015 301 205 329 249
diningtable 0.0015 148 23 496 293
diningtable 0.0015 330 167 383 183
diningtable 0.0015 439 182 472 202
diningtable 0.0014 423 194 449 233
diningtable 0.0014 413 251 445 275
diningtable 0.0011 279 161 317 187
diningtable 0.0011 270 167 410 220
diningtable 0.0011 420 207 447 253
tvmonitor 0.0199 16 39 155 124
tvmonitor 0.0164 393 166 437 184
tvmonitor 0.0160 200 157 247 183
tvmonitor 0.0112 183 115 224 145
tvmonitor 0.0080 5 4 169 153
tvmonitor 0.0064 451 119 475 145
tvmonitor 0.0058 336 171 410 186
tvmonitor 0.0049 152 63 169 118
tvmonitor 0.0045 330 167 383 183
tvmonitor 0.0042 331 145 373 171
tvmonitor 0.0041 420 207 447 253
tvmonitor 0.0034 336 123 372 146
tvmonitor 0.0033 310 94 424 154
tvmonitor 0.0033 349 200 398 219
tvmonitor 0.0029 199 114 234 143
tvmonitor 0.0019 320 270 387 299
tvmonitor 0.0019 279 115 317 149
tvmonitor 0.0019 191 147 250 189
tvmonitor 0.0017 356 121 395 143
tvmonitor 0.0016 274 107 323 162
tvmonitor 0.0015 327 127 379 177
tvmonitor 0.0013 319 143 426 192
tvmonitor 0.0013 366 217 407 248
tvmonitor 0.0012 -2 169 146 220
tvmonitor 0.0011 455 200 480 228
tvmonitor 0.0010 277 140 320 161
tvmonitor 0.0010 361 218 390 253
tvmonitor 0.0010 182 106 248 149
tvmonitor 0.0010 5 136 163 212
tvmonitor 0.0010 5 9 107 110
