person 0.0040 295 475 331 499
person 0.0013 288 137 333 231
bicycle 0.0470 289 160 334 233
bicycle 0.0172 288 65 332 143
bicycle 0.0085 289 124 333 209
bicycle 0.0081 236 9 330 248
bicycle 0.0031 295 87 328 132
bicycle 0.0029 294 182 329 226
bicycle 0.0019 244 127 333 239
bicycle 0.0018 249 42 333 170
bicycle 0.0017 296 132 330 167
bicycle 0.0014 293 162 327 203
bicycle 0.0010 278 44 331 224
motorbike 0.0018 288 65 332 143
motorbike 0.0012 291 87 333 199
bird 0.0017 111 253 139 275
bird 0.0011 202 438 223 468
bird 0.0011 295 475 331 499
cat 0.0024 288 137 333 231
dog 0.0031 288 137 333 231
cow 0.0011 288 137 333 231
bottle 0.0119 127 72 175 123
bottle 0.0014 254 84 295 167
bottle 0.0014 164 64 184 112
bottle 0.0014 171 297 189 346
bottle 0.0012 298 105 329 133
bottle 0.0010 183 317 202 356
chair 0.0081 113 375 208 499
chair 0.0059 109 266 239 484
chair 0.0055 128 417 181 472
chair 0.0019 113 325 228 424
chair 0.0017 119 280 212 373
chair 0.0014 129 304 180 355
chair 0.0012 112 440 221 498
pottedplant 0.6705 107 317 243 495
pottedplant 0.1488 113 375 208 499
pottedplant 0.1433 130 297 180 351
pottedplant 0.0549 132 408 181 471
pottedplant 0.0171 144 278 175 303
pottedplant 0.0169 152 379 250 504
pottedplant 0.0166 124 66 180 121
pottedplant 0.0151 202 438 223 468
pottedplant 0.0151 106 171 234 481
pottedplant 0.0150 119 252 194 345
pottedplant 0.0114 194 439 229 501
pottedplant 0.0096 136 253 190 306
pottedplant 0.0083 146 266 194 331
pottedplant 0.0060 132 481 181 499
pottedplant 0.0051 157 394 201 472
pottedplant 0.0046 119 280 212 373
pottedplant 0.0033 151 269 194 298
pottedplant 0.0032 192 478 234 499
pottedplant 0.0032 113 325 228 424
pottedplant 0.0031 102 344 185 475
pottedplant 0.0029 189 397 303 499
pottedplant 0.0028 178 450 319 499
pottedplant 0.0028 115 264 144 301
pottedplant 0.0026 171 297 189 346
pottedplant 0.0024 137 395 171 419
pottedplant 0.0022 172 396 210 504
pottedplant 0.0020 112 262 146 331
pottedplant 0.0017 126 424 142 469
pottedplant 0.0017 287 12 331 121
pottedplant 0.0016 174 482 216 500
pottedplant 0.0013 126 394 157 420
pottedplant 0.0012 124 382 153 411
pottedplant 0.0011 152 348 202 450
pottedplant 0.0010 260 83 290 119
pottedplant 0.0010 156 247 190 273
