person 0.0487 208 102 241 128
person 0.0193 217 102 258 128
person 0.0183 304 109 335 136
person 0.0145 244 100 278 127
person 0.0085 138 128 179 146
person 0.0078 262 99 286 133
person 0.0051 318 106 347 139
person 0.0048 286 101 313 134
person 0.0045 301 120 338 155
person 0.0034 216 91 268 118
person 0.0028 243 90 280 120
person 0.0012 278 91 319 154
person 0.0012 259 91 295 151
person 0.0012 44 76 461 272
person 0.0011 235 95 282 145
person 0.0011 315 120 346 150
person 0.0010 186 101 220 130
car 0.0115 126 65 444 240
car 0.0010 101 124 192 235
bus 0.0020 126 65 444 240
dog 0.0013 138 128 179 146
