person 0.9021 1 27 82 209
person 0.8114 30 5 127 161
person 0.7919 344 110 401 220
person 0.5687 212 15 377 152
person 0.4096 253 74 386 221
person 0.0416 -6 41 153 229
person 0.0373 199 9 260 142
person 0.0336 82 2 118 54
person 0.0323 97 0 138 52
person 0.0296 34 0 132 54
person 0.0205 353 103 400 157
person 0.0183 353 104 399 129
person 0.0111 379 103 399 134
person 0.0108 94 15 114 45
person 0.0092 346 112 379 131
person 0.0092 380 100 399 202
person 0.0091 170 19 297 194
person 0.0061 5 2 81 81
person 0.0057 64 0 141 88
person 0.0054 85 -1 196 57
person 0.0053 219 15 297 144
person 0.0052 279 88 360 207
person 0.0049 167 56 361 215
person 0.0046 199 14 218 37
person 0.0039 383 110 400 151
person 0.0037 63 6 335 222
person 0.0036 0 3 51 46
person 0.0031 67 76 135 156
person 0.0029 106 7 214 76
person 0.0028 104 0 146 32
person 0.0028 338 100 387 139
person 0.0025 181 13 204 40
person 0.0023 202 6 244 52
person 0.0023 231 177 311 221
person 0.0022 165 30 186 56
person 0.0020 162 170 181 198
person 0.0020 332 88 364 144
person 0.0019 204 11 239 35
person 0.0016 134 1 156 29
person 0.0016 -1 31 54 135
person 0.0016 107 27 129 54
person 0.0015 168 5 235 97
person 0.0015 385 89 399 122
person 0.0015 154 71 174 103
person 0.0015 170 10 189 38
person 0.0015 147 1 166 30
person 0.0015 57 9 223 143
person 0.0014 387 125 400 170
person 0.0013 193 74 271 157
person 0.0013 158 27 172 54
person 0.0012 196 12 223 68
person 0.0012 143 7 269 150
person 0.0011 195 20 215 58
person 0.0010 143 0 178 49
person 0.0010 172 3 210 46
person 0.0010 181 30 206 50
person 0.0010 194 20 229 124
car 0.0053 181 30 206 50
cat 0.0017 212 15 377 152
dog 0.0670 212 15 377 152
horse 0.0015 212 15 377 152
cow 0.0016 212 15 377 152
bottle 0.0477 158 27 172 54
bottle 0.0373 154 71 174 103
bottle 0.0120 122 26 139 54
bottle 0.0101 147 90 171 151
bottle 0.0083 191 98 212 162
bottle 0.0083 134 33 156 57
bottle 0.0079 107 27 129 54
bottle 0.0077 166 106 194 167
bottle 0.0071 153 86 172 115
bottle 0.0050 149 11 170 42
bottle 0.0045 148 72 176 132
bottle 0.0041 165 30 186 56
bottle 0.0038 188 75 205 100
bottle 0.0038 103 104 126 136
bottle 0.0027 158 169 175 195
bottle 0.0025 170 10 189 38
bottle 0.0023 244 174 296 212
bottle 0.0023 152 67 177 89
bottle 0.0022 147 1 166 30
bottle 0.0021 196 176 232 221
bottle 0.0020 249 180 282 208
bottle 0.0020 190 117 207 147
bottle 0.0018 148 107 169 141
bottle 0.0017 167 93 193 115
bottle 0.0017 143 0 178 49
bottle 0.0015 181 30 206 50
bottle 0.0013 239 209 299 221
bottle 0.0013 161 78 186 102
bottle 0.0012 272 180 293 210
bottle 0.0011 99 93 241 179
bottle 0.0011 194 72 210 100
bottle 0.0010 181 13 204 40
bottle 0.0010 196 201 230 222
bottle 0.0010 280 204 316 220
chair 0.0159 106 54 215 94
chair 0.0085 167 93 193 115
chair 0.0074 107 11 212 87
chair 0.0044 129 81 156 97
chair 0.0039 83 0 240 101
chair 0.0032 335 108 400 219
chair 0.0032 154 71 174 103
chair 0.0030 152 67 177 89
chair 0.0030 161 78 186 102
chair 0.0028 113 65 210 110
chair 0.0023 224 11 404 143
chair 0.0011 188 75 205 100
chair 0.0011 112 0 215 57
chair 0.0011 172 22 238 125
chair 0.0011 153 86 172 115
chair 0.0011 0 3 51 46
chair 0.0010 1 40 71 220
sofa 0.0195 212 15 377 152
sofa 0.0078 -6 41 153 229
sofa 0.0071 1 40 71 220
sofa 0.0046 107 11 212 87
sofa 0.0019 82 -1 214 61
sofa 0.0014 57 2 233 103
pottedplant 0.0037 154 71 174 103
diningtable 0.1686 65 80 323 211
diningtable 0.1280 105 21 212 88
diningtable 0.0520 106 54 215 94
diningtable 0.0128 113 74 210 129
diningtable 0.0109 78 38 263 185
diningtable 0.0082 99 93 241 179
diningtable 0.0031 114 64 229 111
diningtable 0.0026 167 93 193 115
diningtable 0.0025 21 71 188 208
diningtable 0.0023 44 180 183 218
diningtable 0.0022 131 45 196 61
diningtable 0.0022 83 0 240 101
diningtable 0.0020 3 -3 282 226
diningtable 0.0020 131 86 219 153
diningtable 0.0019 12 157 328 227
diningtable 0.0017 239 209 299 221
diningtable 0.0015 151 172 266 221
diningtable 0.0014 192 126 278 199
diningtable 0.0014 115 145 225 210
diningtable 0.0013 126 100 195 174
diningtable 0.0012 55 151 167 203
diningtable 0.0011 84 97 149 170
diningtable 0.0011 145 112 269 180
diningtable 0.0011 104 179 214 218
diningtable 0.0010 119 48 402 224
diningtable 0.0010 90 138 149 168
diningtable 0.0010 231 177 311 221
tvmonitor 0.0588 106 7 214 76
tvmonitor 0.0080 85 -1 196 57
tvmonitor 0.0057 83 0 240 101
