person 0.0848 120 87 151 105
person 0.0134 25 83 60 110
person 0.0097 5 79 53 109
person 0.0071 0 78 24 108
person 0.0069 1 99 127 275
person 0.0044 0 74 61 288
person 0.0038 0 85 61 143
person 0.0035 414 83 446 109
person 0.0031 387 62 407 93
person 0.0031 249 84 283 116
person 0.0029 400 82 429 108
person 0.0027 0 83 28 149
person 0.0021 0 101 21 278
person 0.0017 439 79 474 111
person 0.0015 397 69 423 92
person 0.0014 213 84 281 122
person 0.0012 381 88 412 108
person 0.0012 408 89 456 141
car 0.0067 69 90 127 105
car 0.0035 19 88 255 225
car 0.0034 120 87 151 105
car 0.0024 118 87 198 103
car 0.0014 -6 86 132 140
car 0.0012 45 86 83 109
car 0.0012 0 50 100 98
car 0.0011 5 79 53 109
car 0.0011 0 78 24 108
car 0.0010 25 83 60 110
car 0.0010 1 99 127 275
bird 0.0078 120 87 151 105
bird 0.0010 0 78 60 119
dog 0.0016 54 101 268 249
horse 0.0156 0 85 61 143
horse 0.0099 120 87 151 105
horse 0.0049 5 79 53 109
horse 0.0027 213 84 281 122
horse 0.0023 0 85 60 205
horse 0.0018 -2 75 110 133
horse 0.0015 25 83 60 110
horse 0.0015 0 83 28 149
horse 0.0010 0 78 24 108
horse 0.0010 0 80 26 226
sheep 0.1313 206 121 344 297
sheep 0.0256 54 101 268 249
sheep 0.0084 199 63 493 366
sheep 0.0079 0 116 133 298
sheep 0.0079 120 87 151 105
sheep 0.0070 213 84 281 122
sheep 0.0059 0 85 61 143
sheep 0.0053 264 97 358 169
sheep 0.0043 273 99 306 128
sheep 0.0042 0 124 20 289
sheep 0.0039 30 149 145 269
sheep 0.0034 217 100 330 179
sheep 0.0028 282 98 322 129
sheep 0.0027 5 79 53 109
sheep 0.0024 0 95 57 254
sheep 0.0022 190 102 300 207
sheep 0.0018 259 119 309 141
sheep 0.0016 0 78 24 108
sheep 0.0015 275 92 339 139
sheep 0.0015 322 130 406 220
sheep 0.0015 263 112 447 325
sheep 0.0014 0 94 25 136
sheep 0.0012 261 147 341 282
sheep 0.0010 0 80 26 226
cow 0.7446 54 101 268 249
cow 0.3448 5 106 164 268
cow 0.1093 0 85 61 143
cow 0.0682 120 87 151 105
cow 0.0675 206 121 344 297
cow 0.0646 5 79 53 109
cow 0.0600 -2 75 110 133
cow 0.0553 0 85 60 205
cow 0.0453 25 83 60 110
cow 0.0448 -3 91 104 184
cow 0.0264 28 98 153 172
cow 0.0233 27 87 157 130
cow 0.0171 214 87 281 128
cow 0.0144 -5 66 133 228
cow 0.0129 4 157 113 270
cow 0.0112 0 78 24 108
cow 0.0104 57 88 114 106
cow 0.0082 45 86 83 109
cow 0.0067 0 99 59 126
cow 0.0065 72 87 264 126
cow 0.0065 85 101 233 183
cow 0.0060 99 113 226 236
cow 0.0055 199 96 290 186
cow 0.0055 0 83 28 149
cow 0.0054 0 87 23 255
cow 0.0042 53 133 145 273
cow 0.0038 66 93 488 339
cow 0.0033 0 50 100 98
cow 0.0031 248 100 283 126
cow 0.0029 13 99 72 120
cow 0.0028 197 115 282 235
cow 0.0025 0 123 58 286
cow 0.0025 61 110 177 232
cow 0.0023 273 99 306 128
cow 0.0023 118 87 198 103
cow 0.0022 152 116 255 238
cow 0.0021 21 120 144 222
cow 0.0017 57 103 110 122
cow 0.0017 -4 41 68 253
cow 0.0016 238 85 292 134
cow 0.0015 189 68 358 222
cow 0.0013 43 102 90 120
cow 0.0012 0 111 22 150
cow 0.0011 0 160 19 285
cow 0.0011 282 98 322 129
cow 0.0011 264 97 358 169
cow 0.0011 249 84 283 116
cow 0.0010 5 100 75 159
cow 0.0010 244 119 294 137
cow 0.0010 218 77 334 145
cow 0.0010 62 92 137 133
