person 0.0024 216 235 255 304
person 0.0022 219 253 253 287
person 0.0016 172 -12 478 387
cat 0.4628 185 35 307 335
cat 0.0443 203 174 269 295
cat 0.0122 182 48 301 179
cat 0.0104 213 220 258 287
cat 0.0098 51 -32 373 414
cat 0.0018 91 14 265 361
cat 0.0010 210 -1 353 315
dog 0.0198 203 174 269 295
dog 0.0084 188 50 307 376
dog 0.0067 213 220 258 287
bottle 0.0018 207 0 259 63
chair 0.0011 51 -32 373 414
sofa 0.0014 440 190 501 363
diningtable 0.0011 99 -28 408 410
tvmonitor 0.0010 182 26 303 201
