person 0.9504 364 168 475 376
person 0.8890 341 167 408 276
person 0.8510 130 176 268 364
person 0.7579 237 167 290 254
person 0.6328 268 203 360 344
person 0.2251 30 192 138 333
person 0.0642 391 190 430 274
person 0.0569 407 232 427 274
person 0.0425 140 177 228 270
person 0.0272 372 176 453 291
person 0.0192 373 189 419 275
person 0.0146 231 184 292 319
person 0.0081 213 216 386 375
person 0.0068 297 173 427 375
person 0.0061 368 166 417 221
person 0.0059 354 196 430 310
person 0.0051 336 174 383 257
person 0.0051 282 184 374 284
person 0.0050 168 177 332 366
person 0.0050 32 188 138 256
person 0.0046 21 239 154 367
person 0.0037 316 195 404 309
person 0.0031 35 185 239 364
person 0.0029 -1 242 33 352
person 0.0028 237 221 288 291
person 0.0028 395 247 490 365
person 0.0027 415 180 482 368
person 0.0025 404 218 428 261
person 0.0023 238 176 346 256
person 0.0021 396 235 430 313
person 0.0019 94 154 486 382
person 0.0018 354 157 432 245
person 0.0017 158 178 279 256
person 0.0016 359 221 382 255
person 0.0016 401 201 427 234
person 0.0014 368 241 424 300
person 0.0014 85 203 135 262
person 0.0013 -1 252 71 372
person 0.0013 282 201 341 260
person 0.0012 472 217 500 370
person 0.0012 225 220 247 248
person 0.0012 479 137 500 338
person 0.0011 334 222 416 325
person 0.0011 5 143 116 327
person 0.0010 353 217 396 290
person 0.0010 0 119 26 274
dog 0.0048 30 190 140 274
bottle 0.2810 110 256 131 295
bottle 0.1137 407 232 427 274
bottle 0.0453 127 256 157 289
bottle 0.0238 225 220 247 248
bottle 0.0096 101 254 122 286
bottle 0.0093 108 272 135 303
bottle 0.0088 249 238 280 261
bottle 0.0085 134 225 154 255
bottle 0.0076 129 242 158 267
bottle 0.0059 255 261 279 298
bottle 0.0044 109 247 139 266
bottle 0.0037 117 253 161 300
bottle 0.0032 226 236 253 261
bottle 0.0031 359 221 382 255
bottle 0.0027 404 218 428 261
bottle 0.0022 335 247 369 267
bottle 0.0021 98 246 123 270
bottle 0.0018 357 238 385 266
bottle 0.0013 127 276 153 300
bottle 0.0013 382 241 411 272
bottle 0.0011 391 190 430 274
chair 0.8818 163 331 273 371
chair 0.8284 284 305 396 372
chair 0.6646 408 309 495 374
chair 0.6081 -1 256 102 371
chair 0.1087 428 355 478 374
chair 0.0785 266 212 362 367
chair 0.0784 265 324 283 374
chair 0.0586 5 189 131 357
chair 0.0529 471 304 497 352
chair 0.0523 395 247 490 365
chair 0.0337 0 278 21 378
chair 0.0337 318 302 388 327
chair 0.0330 225 220 247 248
chair 0.0299 30 190 140 274
chair 0.0280 161 311 424 369
chair 0.0251 95 296 143 373
chair 0.0183 152 246 267 360
chair 0.0166 256 258 284 298
chair 0.0146 255 286 276 336
chair 0.0140 453 282 498 353
chair 0.0125 316 314 388 342
chair 0.0117 280 316 311 374
chair 0.0087 1 280 54 370
chair 0.0086 87 288 180 371
chair 0.0078 78 319 275 367
chair 0.0078 300 357 381 374
chair 0.0075 342 256 374 293
chair 0.0075 353 299 393 324
chair 0.0070 348 268 373 305
chair 0.0067 28 298 100 352
chair 0.0066 346 303 399 362
chair 0.0064 -1 242 33 352
chair 0.0064 397 308 420 350
chair 0.0063 149 248 180 268
chair 0.0062 232 207 252 238
chair 0.0062 462 298 494 336
chair 0.0059 309 270 399 360
chair 0.0057 252 327 277 370
chair 0.0057 393 302 430 371
chair 0.0057 318 199 362 257
chair 0.0055 343 291 490 373
chair 0.0055 0 192 27 314
chair 0.0054 393 326 471 374
chair 0.0053 226 199 293 311
chair 0.0052 255 253 287 334
chair 0.0051 369 228 461 366
chair 0.0048 391 222 431 359
chair 0.0048 226 291 381 375
chair 0.0046 332 257 382 324
chair 0.0046 324 207 350 252
chair 0.0044 214 217 242 244
chair 0.0043 355 276 387 303
chair 0.0040 389 305 409 356
chair 0.0039 294 311 314 362
chair 0.0037 478 326 500 374
chair 0.0035 156 335 179 373
chair 0.0034 263 320 299 376
chair 0.0034 384 296 409 333
chair 0.0034 425 344 489 372
chair 0.0034 335 227 413 363
chair 0.0031 33 210 98 260
chair 0.0029 351 257 398 327
chair 0.0029 472 217 500 370
chair 0.0029 372 255 418 333
chair 0.0028 407 232 427 274
chair 0.0027 0 213 21 260
chair 0.0027 166 355 275 374
chair 0.0027 476 351 501 377
chair 0.0026 226 236 253 261
chair 0.0026 241 237 286 304
chair 0.0025 144 221 171 252
chair 0.0024 373 300 411 368
chair 0.0024 68 212 98 252
chair 0.0022 415 279 485 354
chair 0.0022 2 260 28 289
chair 0.0021 303 337 376 366
chair 0.0021 134 225 154 255
chair 0.0021 140 177 228 270
chair 0.0021 15 310 109 378
chair 0.0021 398 298 422 335
chair 0.0019 92 223 130 251
chair 0.0019 217 249 260 335
chair 0.0017 167 243 234 262
chair 0.0017 331 243 357 264
chair 0.0017 373 271 411 307
chair 0.0015 29 356 100 375
chair 0.0015 0 191 60 347
chair 0.0014 191 243 307 350
chair 0.0014 359 221 382 255
chair 0.0013 427 219 507 367
chair 0.0013 80 189 136 244
chair 0.0013 12 283 153 373
chair 0.0013 127 293 165 372
chair 0.0012 355 261 392 287
chair 0.0012 452 243 492 342
chair 0.0012 346 247 397 301
chair 0.0012 130 336 163 374
chair 0.0011 479 267 499 320
chair 0.0011 336 187 405 318
chair 0.0011 129 224 378 374
sofa 0.1957 29 192 139 315
sofa 0.0941 3 260 103 367
sofa 0.0048 14 217 156 367
sofa 0.0045 32 188 138 256
sofa 0.0034 395 247 490 365
sofa 0.0033 403 303 499 372
sofa 0.0031 0 278 21 378
sofa 0.0028 265 188 377 366
sofa 0.0024 129 224 378 374
sofa 0.0024 0 191 60 347
sofa 0.0012 226 199 293 311
sofa 0.0012 33 210 98 260
sofa 0.0012 137 204 263 342
sofa 0.0010 0 192 27 314
pottedplant 0.3243 0 119 26 274
pottedplant 0.0520 86 35 197 251
pottedplant 0.0155 0 193 18 233
pottedplant 0.0138 0 170 21 226
pottedplant 0.0135 0 185 25 282
pottedplant 0.0110 0 118 56 269
pottedplant 0.0031 319 53 406 190
pottedplant 0.0026 0 78 19 203
pottedplant 0.0026 337 153 412 251
pottedplant 0.0024 0 153 19 200
pottedplant 0.0021 0 132 14 185
pottedplant 0.0020 0 213 21 260
pottedplant 0.0016 98 126 193 242
pottedplant 0.0014 134 225 154 255
pottedplant 0.0013 5 136 92 257
pottedplant 0.0013 140 177 228 270
pottedplant 0.0010 127 182 166 254
diningtable 0.2292 86 255 182 363
diningtable 0.0950 96 214 278 369
diningtable 0.0883 95 296 143 373
diningtable 0.0661 21 239 154 367
diningtable 0.0289 226 199 293 311
diningtable 0.0262 249 238 280 261
diningtable 0.0180 241 237 286 304
diningtable 0.0127 30 192 138 333
diningtable 0.0118 117 253 161 300
diningtable 0.0115 78 240 197 302
diningtable 0.0114 265 205 374 373
diningtable 0.0112 255 261 279 298
diningtable 0.0100 152 246 267 360
diningtable 0.0098 335 247 369 267
diningtable 0.0096 355 261 392 287
diningtable 0.0091 129 224 378 374
diningtable 0.0079 371 263 414 285
diningtable 0.0075 0 192 27 314
diningtable 0.0065 55 284 158 373
diningtable 0.0064 330 248 381 301
diningtable 0.0060 120 201 244 333
diningtable 0.0055 300 303 400 372
diningtable 0.0052 161 311 424 369
diningtable 0.0033 3 260 103 367
diningtable 0.0032 342 256 374 293
diningtable 0.0032 0 213 21 260
diningtable 0.0031 99 252 151 324
diningtable 0.0029 78 319 275 367
diningtable 0.0028 336 187 405 318
diningtable 0.0028 369 228 461 366
diningtable 0.0027 255 195 352 322
diningtable 0.0026 127 256 157 289
diningtable 0.0022 226 236 253 261
diningtable 0.0022 343 291 490 373
diningtable 0.0022 180 324 289 369
diningtable 0.0021 191 243 307 350
diningtable 0.0018 108 272 135 303
diningtable 0.0017 355 276 387 303
diningtable 0.0017 368 241 424 300
diningtable 0.0015 395 247 490 365
diningtable 0.0015 246 223 278 253
diningtable 0.0014 335 227 413 363
diningtable 0.0014 100 288 225 376
diningtable 0.0014 129 242 158 267
diningtable 0.0013 249 258 280 337
diningtable 0.0013 313 356 390 375
diningtable 0.0012 147 211 282 300
diningtable 0.0011 94 296 145 316
diningtable 0.0010 225 220 247 248
diningtable 0.0010 373 271 411 307
