person 0.4375 7 166 331 487
person 0.2301 25 -2 321 422
person 0.0201 3 360 194 503
person 0.0105 -2 301 113 501
person 0.0067 90 131 319 377
person 0.0063 5 441 89 501
person 0.0034 2 7 169 414
person 0.0033 35 370 132 497
person 0.0018 -1 235 183 511
person 0.0016 18 445 162 500
person 0.0015 53 300 287 506
person 0.0011 85 32 328 228
person 0.0011 288 486 333 500
motorbike 0.0034 25 -2 321 422
motorbike 0.0013 7 166 331 487
cat 0.0020 25 -2 321 422
bottle 0.0208 280 124 333 200
bottle 0.0074 274 118 323 177
bottle 0.0042 240 116 336 213
bottle 0.0020 9 40 330 463
bottle 0.0019 318 134 334 195
bottle 0.0014 79 143 261 368
bottle 0.0012 -5 302 192 507
bottle 0.0011 198 412 243 494
bottle 0.0010 291 122 329 160
bottle 0.0010 288 486 333 500
chair 0.0019 2 7 169 414
chair 0.0013 3 360 194 503
sofa 0.0019 9 40 330 463
sofa 0.0014 3 360 194 503
sofa 0.0012 131 0 337 193
sofa 0.0011 2 7 169 414
diningtable 0.0019 18 69 328 512
tvmonitor 0.0042 131 0 337 193
