person 0.0067 485 110 499 168
person 0.0033 451 120 490 153
person 0.0027 488 121 500 187
person 0.0015 482 110 500 204
bus 0.0031 30 111 411 217
bus 0.0018 -7 76 445 258
train 0.5254 41 116 458 220
train 0.0686 -3 58 59 212
train 0.0151 450 116 497 165
train 0.0054 446 145 498 204
train 0.0050 450 166 494 191
train 0.0048 485 110 499 168
train 0.0046 20 97 489 294
train 0.0045 -15 38 447 232
train 0.0042 20 123 63 190
train 0.0033 86 112 405 168
train 0.0031 482 110 500 204
train 0.0020 164 121 435 195
train 0.0020 42 167 446 217
train 0.0020 1 139 57 206
train 0.0017 448 143 494 167
train 0.0015 488 121 500 187
train 0.0012 385 127 501 204
boat 0.0013 450 116 497 165
boat 0.0011 -16 -18 447 214
