person 0.0050 384 86 498 368
person 0.0028 387 123 412 145
person 0.0025 434 97 500 218
person 0.0018 451 83 498 170
person 0.0016 0 65 13 132
person 0.0012 472 99 500 191
person 0.0011 201 258 323 303
cat 0.0010 484 178 500 214
bottle 0.5812 193 189 213 236
bottle 0.0479 190 232 212 269
bottle 0.0191 188 190 215 271
bottle 0.0171 160 237 200 267
bottle 0.0165 222 128 256 199
bottle 0.0080 128 208 214 263
bottle 0.0050 403 123 429 146
bottle 0.0046 143 135 255 212
bottle 0.0039 387 123 412 145
bottle 0.0036 229 127 251 164
bottle 0.0034 191 216 213 257
bottle 0.0031 0 65 13 132
bottle 0.0028 129 230 205 271
bottle 0.0026 406 107 432 143
bottle 0.0017 177 170 218 228
bottle 0.0017 156 204 197 234
bottle 0.0016 137 188 281 257
bottle 0.0015 178 188 345 259
bottle 0.0014 217 162 257 201
bottle 0.0014 158 178 198 216
bottle 0.0013 198 249 319 308
bottle 0.0010 414 108 440 138
chair 0.7556 146 91 252 209
chair 0.6910 2 63 68 209
chair 0.4850 375 202 498 376
chair 0.4096 434 97 500 218
chair 0.1700 164 52 248 182
chair 0.0848 150 166 215 219
chair 0.0568 154 179 183 222
chair 0.0497 82 111 178 185
chair 0.0480 142 140 232 218
chair 0.0322 324 106 431 203
chair 0.0269 109 118 177 170
chair 0.0268 222 128 256 199
chair 0.0192 151 196 184 230
chair 0.0171 339 91 489 366
chair 0.0162 96 314 273 376
chair 0.0147 -2 140 66 204
chair 0.0143 230 129 256 175
chair 0.0133 398 202 500 307
chair 0.0115 158 178 198 216
chair 0.0107 140 123 181 191
chair 0.0106 141 140 186 216
chair 0.0077 146 122 172 168
chair 0.0067 1 74 69 133
chair 0.0064 345 151 428 198
chair 0.0053 135 212 367 370
chair 0.0050 284 294 383 371
chair 0.0047 148 163 219 189
chair 0.0043 471 107 499 207
chair 0.0039 191 186 213 219
chair 0.0039 140 193 194 240
chair 0.0038 51 59 153 177
chair 0.0035 -5 282 133 383
chair 0.0033 368 277 412 376
chair 0.0032 149 300 340 371
chair 0.0030 430 60 501 317
chair 0.0030 244 119 341 197
chair 0.0028 429 167 500 219
chair 0.0025 122 138 174 206
chair 0.0024 117 119 166 149
chair 0.0021 6 43 74 85
chair 0.0021 128 208 214 263
chair 0.0021 156 204 197 234
chair 0.0020 279 93 394 198
chair 0.0019 80 124 132 184
chair 0.0019 444 46 497 188
chair 0.0019 413 118 440 147
chair 0.0019 343 164 418 191
chair 0.0018 6 30 76 133
chair 0.0018 177 170 218 228
chair 0.0017 417 114 449 198
chair 0.0017 93 126 119 165
chair 0.0017 314 253 413 368
chair 0.0016 201 258 313 317
chair 0.0015 198 142 304 228
chair 0.0014 53 280 372 371
chair 0.0014 0 65 13 132
chair 0.0013 79 272 238 354
chair 0.0013 130 110 280 255
chair 0.0012 363 236 456 367
chair 0.0012 217 162 257 201
chair 0.0012 -4 209 144 298
chair 0.0011 28 70 65 95
chair 0.0010 145 162 181 194
chair 0.0010 27 18 173 200
chair 0.0010 403 123 429 146
chair 0.0010 0 165 25 196
sofa 0.5973 384 86 498 368
sofa 0.2500 434 97 500 218
sofa 0.0464 338 199 493 377
sofa 0.0257 143 135 255 212
sofa 0.0184 406 174 497 296
sofa 0.0120 1 184 174 354
sofa 0.0103 430 60 501 317
sofa 0.0079 1 51 70 202
sofa 0.0074 40 189 314 351
sofa 0.0057 -3 217 146 295
sofa 0.0043 45 153 441 373
sofa 0.0036 471 107 499 207
sofa 0.0034 258 169 478 368
sofa 0.0031 429 167 500 219
sofa 0.0030 157 51 248 183
sofa 0.0030 -5 282 133 383
sofa 0.0015 74 112 179 174
sofa 0.0015 363 236 456 367
sofa 0.0014 120 309 287 368
sofa 0.0013 337 128 442 222
sofa 0.0012 181 185 375 339
sofa 0.0012 479 142 500 291
sofa 0.0012 222 128 256 199
pottedplant 0.7644 319 72 409 152
pottedplant 0.4072 321 78 426 204
pottedplant 0.1691 217 162 257 201
pottedplant 0.0853 406 107 432 143
pottedplant 0.0760 414 108 440 138
pottedplant 0.0511 389 94 438 146
pottedplant 0.0245 222 128 256 199
pottedplant 0.0106 388 108 410 144
pottedplant 0.0065 420 93 494 218
pottedplant 0.0058 403 123 429 146
pottedplant 0.0045 317 82 360 148
pottedplant 0.0044 279 93 394 198
pottedplant 0.0040 484 178 500 214
pottedplant 0.0039 302 -11 436 164
pottedplant 0.0031 373 73 414 141
pottedplant 0.0029 322 118 346 149
pottedplant 0.0028 381 77 405 119
pottedplant 0.0027 412 108 452 176
pottedplant 0.0026 178 188 345 259
pottedplant 0.0025 287 10 379 129
pottedplant 0.0023 6 50 73 201
pottedplant 0.0019 198 142 304 228
pottedplant 0.0017 319 101 343 144
pottedplant 0.0016 143 135 255 212
pottedplant 0.0015 402 88 425 124
pottedplant 0.0015 365 78 456 162
pottedplant 0.0014 407 72 450 138
pottedplant 0.0014 403 71 491 176
pottedplant 0.0013 471 107 499 207
pottedplant 0.0011 355 109 391 142
pottedplant 0.0011 318 115 357 196
pottedplant 0.0010 431 110 456 132
pottedplant 0.0010 475 129 499 258
diningtable 0.2431 55 183 374 345
diningtable 0.0517 221 193 355 268
diningtable 0.0188 71 144 497 375
diningtable 0.0120 49 236 307 366
diningtable 0.0110 109 118 177 170
diningtable 0.0107 332 97 445 207
diningtable 0.0097 82 111 178 185
diningtable 0.0057 84 238 208 308
diningtable 0.0053 112 222 212 282
diningtable 0.0049 214 186 308 255
diningtable 0.0039 413 118 440 147
diningtable 0.0034 227 157 347 214
diningtable 0.0030 420 93 494 218
diningtable 0.0028 86 270 208 350
diningtable 0.0027 118 117 163 131
diningtable 0.0026 136 215 291 309
diningtable 0.0025 137 188 281 257
diningtable 0.0025 143 135 255 212
diningtable 0.0024 174 195 311 271
diningtable 0.0024 193 190 439 353
diningtable 0.0023 198 249 319 308
diningtable 0.0021 0 46 72 197
diningtable 0.0019 117 119 166 149
diningtable 0.0019 2 126 49 145
diningtable 0.0017 127 204 225 269
diningtable 0.0017 -2 140 66 204
diningtable 0.0017 240 215 358 288
diningtable 0.0016 1 184 174 354
diningtable 0.0015 182 158 384 304
diningtable 0.0015 417 114 449 198
diningtable 0.0011 206 151 312 244
diningtable 0.0011 403 123 429 146
tvmonitor 0.0103 0 -1 25 22
tvmonitor 0.0023 83 3 180 121
tvmonitor 0.0012 455 2 495 163
