person 0.9539 448 322 497 372
person 0.9473 55 67 438 365
person 0.0174 475 324 499 369
person 0.0159 387 224 402 279
person 0.0158 -5 234 133 376
person 0.0153 407 314 493 374
person 0.0127 191 180 209 221
person 0.0101 388 254 407 296
person 0.0090 -3 4 288 380
person 0.0057 67 349 130 375
person 0.0054 201 57 236 94
person 0.0050 414 353 448 373
person 0.0046 404 331 433 375
person 0.0045 406 319 449 375
person 0.0043 386 268 408 310
person 0.0041 195 55 243 112
person 0.0036 0 234 12 276
person 0.0031 379 231 408 314
person 0.0026 71 8 110 81
person 0.0024 43 1 84 75
person 0.0020 -1 179 17 333
person 0.0020 133 92 368 289
person 0.0019 438 223 469 253
person 0.0019 404 188 428 216
person 0.0016 482 216 498 259
person 0.0015 -1 74 123 376
person 0.0015 0 244 13 296
person 0.0014 394 299 441 372
person 0.0013 0 11 47 110
person 0.0013 448 223 490 254
person 0.0013 2 0 111 138
person 0.0011 390 216 405 267
person 0.0011 71 2 196 222
person 0.0011 0 61 23 95
car 0.0102 2 56 422 337
car 0.0023 414 353 448 373
aeroplane 0.0010 370 174 499 370
bus 0.0042 370 174 499 370
train 0.0051 370 174 499 370
train 0.0018 62 75 437 321
dog 0.0010 -2 252 125 373
bottle 0.0117 364 229 384 273
bottle 0.0080 387 224 402 279
bottle 0.0042 43 1 84 75
bottle 0.0022 71 8 110 81
bottle 0.0016 69 19 113 138
bottle 0.0016 350 234 374 269
chair 0.0066 386 268 408 310
chair 0.0058 0 247 121 375
chair 0.0053 2 0 111 138
chair 0.0022 20 79 41 112
chair 0.0018 2 56 422 337
chair 0.0017 0 61 23 95
chair 0.0016 162 85 203 111
chair 0.0016 439 242 497 264
chair 0.0014 -15 217 442 373
chair 0.0013 166 157 203 229
chair 0.0013 69 16 112 105
chair 0.0012 436 237 470 261
chair 0.0010 164 79 259 214
sofa 0.0395 0 247 121 375
sofa 0.0045 -15 217 442 373
diningtable 0.0012 1 5 96 151
diningtable 0.0011 164 79 259 214
tvmonitor 0.0302 163 113 203 139
tvmonitor 0.0140 160 87 204 146
tvmonitor 0.0100 162 85 203 111
tvmonitor 0.0071 2 56 422 337
tvmonitor 0.0067 164 79 259 214
tvmonitor 0.0061 163 131 201 225
tvmonitor 0.0028 137 57 296 233
tvmonitor 0.0017 153 75 331 164
tvmonitor 0.0015 191 180 209 221
tvmonitor 0.0015 143 92 223 219
tvmonitor 0.0013 166 103 329 201
tvmonitor 0.0012 187 139 210 222
tvmonitor 0.0010 439 323 474 350
