person 0.0404 480 252 500 295
person 0.0367 173 155 199 192
person 0.0204 184 153 204 191
person 0.0169 159 159 179 194
person 0.0146 218 235 262 304
person 0.0133 191 250 218 289
person 0.0088 483 265 499 312
person 0.0055 103 219 148 289
person 0.0054 113 158 140 196
person 0.0049 478 251 500 332
person 0.0046 128 238 160 269
person 0.0042 244 136 268 176
person 0.0037 120 243 170 303
person 0.0034 476 242 499 277
person 0.0031 457 254 492 285
person 0.0030 169 259 205 290
person 0.0030 177 229 266 364
person 0.0027 176 247 227 298
person 0.0027 108 227 137 269
person 0.0026 131 251 161 296
person 0.0022 80 245 118 300
person 0.0021 156 148 205 194
person 0.0018 0 182 19 295
person 0.0016 230 138 255 178
person 0.0015 202 244 224 293
person 0.0015 210 142 233 180
person 0.0014 81 217 172 303
person 0.0014 297 180 313 214
person 0.0013 145 251 174 292
person 0.0013 113 257 135 298
person 0.0011 196 242 246 301
person 0.0011 145 237 173 265
bicycle 0.0013 483 265 499 312
car 0.2312 480 252 500 295
car 0.0283 476 242 499 277
car 0.0202 437 255 471 277
car 0.0200 435 248 464 273
car 0.0168 457 254 492 285
car 0.0082 455 241 496 271
car 0.0061 483 265 499 312
car 0.0036 451 244 501 292
car 0.0017 175 220 271 321
car 0.0015 478 251 500 332
car 0.0010 22 238 251 367
motorbike 0.0053 480 252 500 295
motorbike 0.0016 483 265 499 312
bus 0.0341 17 66 412 374
bus 0.0130 455 241 496 271
bus 0.0074 476 242 499 277
bus 0.0068 435 248 464 273
bus 0.0024 480 252 500 295
bus 0.0015 59 98 301 344
train 0.8474 61 72 446 359
train 0.0044 476 242 499 277
train 0.0028 480 252 500 295
train 0.0019 22 238 251 367
train 0.0016 449 236 500 280
train 0.0014 3 190 184 350
train 0.0013 470 228 500 292
train 0.0012 270 119 449 316
horse 0.0065 -1 192 54 318
horse 0.0018 0 202 97 305
chair 0.0034 170 234 259 371
chair 0.0022 132 251 236 368
chair 0.0021 184 153 204 191
chair 0.0018 140 254 186 369
chair 0.0016 69 244 207 364
chair 0.0014 173 155 199 192
chair 0.0010 218 227 261 361
pottedplant 0.0013 22 238 251 367
pottedplant 0.0013 483 265 499 312
