person 0.1868 430 170 449 212
person 0.0350 436 162 453 202
person 0.0052 393 178 420 214
person 0.0014 411 165 451 216
bicycle 0.1003 430 170 449 212
bicycle 0.0165 436 162 453 202
bicycle 0.0047 411 165 451 216
bicycle 0.0025 393 178 420 214
bicycle 0.0016 391 170 440 217
car 0.0136 100 121 144 188
car 0.0126 66 62 368 190
car 0.0119 127 116 146 158
car 0.0101 126 119 162 189
car 0.0084 127 133 146 180
car 0.0052 75 101 216 181
car 0.0044 81 120 133 187
car 0.0044 110 105 315 170
car 0.0039 138 118 181 188
car 0.0035 111 116 144 158
car 0.0028 62 103 149 181
car 0.0020 436 162 453 202
car 0.0012 126 108 157 135
car 0.0010 92 97 271 151
motorbike 0.0026 430 170 449 212
motorbike 0.0014 436 162 453 202
bus 0.0121 66 62 368 190
bus 0.0029 104 100 294 180
bus 0.0022 17 22 414 233
train 0.8002 133 77 438 196
train 0.0728 53 31 451 223
train 0.0666 241 93 431 184
train 0.0160 336 90 454 184
train 0.0092 392 113 442 189
train 0.0091 43 101 387 208
train 0.0091 110 105 315 170
train 0.0024 384 91 479 182
train 0.0022 153 87 332 156
train 0.0018 312 61 476 207
train 0.0016 151 114 373 191
train 0.0010 379 127 454 218
dog 0.0010 430 170 449 212
horse 0.0026 430 170 449 212
