person 0.6086 247 150 466 329
person 0.3206 473 169 499 334
person 0.3192 -1 24 102 320
person 0.0742 398 245 483 337
person 0.0342 111 17 459 319
person 0.0286 357 188 406 268
person 0.0235 167 120 415 309
person 0.0177 342 171 415 287
person 0.0168 376 160 495 338
person 0.0119 -5 11 289 322
person 0.0091 479 97 499 295
person 0.0090 457 202 495 337
person 0.0068 26 17 107 171
person 0.0043 476 248 500 359
person 0.0034 382 226 406 271
person 0.0032 482 286 500 335
person 0.0031 361 197 387 239
person 0.0028 444 -12 499 342
person 0.0025 260 137 386 264
person 0.0025 482 258 499 326
person 0.0023 485 178 499 245
person 0.0023 363 179 395 203
person 0.0020 481 217 498 281
person 0.0017 302 204 501 331
person 0.0016 289 163 424 267
person 0.0016 437 169 500 334
person 0.0016 365 206 389 258
person 0.0016 201 180 295 320
person 0.0014 376 15 500 316
person 0.0012 353 272 472 338
person 0.0012 46 106 220 321
person 0.0012 377 288 447 334
person 0.0011 113 79 326 321
person 0.0011 429 212 478 289
person 0.0010 371 215 414 280
person 0.0010 271 120 363 222
aeroplane 0.0010 -1 24 102 320
boat 0.0020 -1 24 102 320
bird 0.0063 -1 24 102 320
cat 0.0065 42 13 380 322
cat 0.0033 -1 24 102 320
dog 0.0883 42 13 380 322
dog 0.0057 143 13 357 240
dog 0.0010 113 79 326 321
horse 0.0085 473 169 499 334
horse 0.0043 111 17 459 319
sheep 0.0011 90 10 414 327
cow 0.0061 -1 24 102 320
cow 0.0012 473 169 499 334
cow 0.0011 111 17 459 319
bottle 0.0010 -1 24 102 320
chair 0.0152 269 320 362 335
chair 0.0056 42 13 380 322
chair 0.0047 -1 24 102 320
chair 0.0022 388 194 483 308
chair 0.0015 258 294 393 332
sofa 0.0114 42 13 380 322
sofa 0.0041 -1 71 102 337
sofa 0.0012 46 106 220 321
pottedplant 0.0271 -1 71 102 337
pottedplant 0.0032 8 126 91 292
diningtable 0.0049 269 320 362 335
