person 0.0109 97 213 201 309
person 0.0051 101 122 143 157
person 0.0050 104 112 133 146
person 0.0049 115 123 155 152
person 0.0022 141 149 177 177
person 0.0020 91 170 209 243
person 0.0020 168 207 282 311
person 0.0017 126 190 156 218
person 0.0017 227 122 270 152
person 0.0016 90 141 220 211
person 0.0016 0 90 387 386
person 0.0015 88 214 148 275
person 0.0014 119 145 154 178
person 0.0012 100 145 142 174
person 0.0010 112 216 166 270
person 0.0010 259 124 294 162
bicycle 0.0080 97 213 201 309
bicycle 0.0014 119 239 260 314
car 0.0450 16 56 374 358
motorbike 0.0407 16 56 374 358
aeroplane 0.0040 19 44 373 330
bus 0.0112 52 61 375 358
train 0.0047 19 44 373 330
pottedplant 0.0253 1 151 56 221
pottedplant 0.0084 289 7 375 121
pottedplant 0.0064 188 -3 342 51
pottedplant 0.0048 209 -1 378 128
pottedplant 0.0010 324 26 375 111
