person 0.0639 172 53 487 373
person 0.0138 29 -27 396 412
person 0.0063 109 138 186 297
person 0.0063 126 72 294 373
person 0.0055 214 56 364 378
person 0.0043 211 205 295 325
person 0.0024 78 111 200 345
person 0.0020 119 167 214 282
person 0.0018 171 215 320 374
person 0.0011 150 221 278 301
person 0.0010 244 184 334 274
car 0.0023 114 229 232 300
car 0.0020 108 124 180 263
car 0.0013 99 268 223 315
car 0.0010 44 -28 456 416
train 0.0015 44 -28 456 416
cat 0.0650 172 53 487 373
cat 0.0206 29 -27 396 412
cat 0.0076 216 36 440 197
cat 0.0045 84 45 263 341
cat 0.0017 119 167 214 282
cat 0.0017 29 -3 470 237
cat 0.0012 214 56 364 378
cat 0.0010 320 30 495 353
dog 0.0054 172 53 487 373
dog 0.0038 92 107 260 350
dog 0.0037 44 -28 456 416
dog 0.0022 109 138 186 297
dog 0.0014 119 167 214 282
horse 0.0077 108 124 180 263
horse 0.0013 97 -17 482 407
horse 0.0010 77 55 195 329
chair 0.0036 123 139 177 212
chair 0.0033 125 140 175 172
chair 0.0022 108 124 180 263
chair 0.0019 211 226 296 362
chair 0.0017 29 -27 396 412
chair 0.0013 128 160 169 193
chair 0.0010 172 53 487 373
sofa 0.0027 172 53 487 373
sofa 0.0012 44 -28 456 416
tvmonitor 0.0632 29 -27 396 412
tvmonitor 0.0179 62 -9 512 243
tvmonitor 0.0084 216 36 440 197
tvmonitor 0.0072 99 -6 480 82
tvmonitor 0.0040 326 17 498 293
tvmonitor 0.0031 127 10 455 135
tvmonitor 0.0020 84 45 263 341
tvmonitor 0.0012 172 53 487 373
