person 0.0271 434 246 501 375
person 0.0270 394 166 499 367
person 0.0173 445 305 500 370
person 0.0116 464 186 500 254
person 0.0085 410 250 486 351
person 0.0084 244 117 264 159
person 0.0075 480 219 500 362
person 0.0058 275 166 483 363
person 0.0056 471 181 499 331
person 0.0042 0 130 18 296
person 0.0041 205 142 233 180
person 0.0034 281 24 308 62
person 0.0032 264 25 296 61
person 0.0032 344 177 450 268
person 0.0031 402 310 498 372
person 0.0027 452 201 500 347
person 0.0022 235 148 261 184
person 0.0019 475 191 500 234
person 0.0017 264 166 283 194
person 0.0013 331 35 377 58
person 0.0012 426 185 504 324
person 0.0010 430 81 501 379
person 0.0010 334 164 465 236
bird 0.0019 330 241 357 311
bird 0.0014 417 70 446 100
bird 0.0012 264 25 296 61
bird 0.0011 267 106 296 135
cat 0.0400 145 211 183 233
cat 0.0115 330 241 357 311
cat 0.0035 264 166 283 194
cat 0.0020 244 117 264 159
dog 0.0161 145 211 183 233
dog 0.0021 330 241 357 311
dog 0.0016 264 166 283 194
dog 0.0012 241 73 291 134
horse 0.0018 330 241 357 311
bottle 0.0998 330 241 357 311
bottle 0.0092 187 141 208 182
bottle 0.0048 236 155 259 187
bottle 0.0038 206 157 230 189
bottle 0.0036 375 340 410 372
bottle 0.0035 205 142 233 180
bottle 0.0027 475 191 500 234
bottle 0.0024 464 186 500 254
bottle 0.0018 170 133 192 186
bottle 0.0015 189 159 218 190
bottle 0.0014 364 341 398 372
bottle 0.0012 349 339 374 366
chair 0.6641 63 164 255 348
chair 0.6598 79 116 166 181
chair 0.4252 446 323 499 373
chair 0.0536 276 237 483 371
chair 0.0224 195 136 248 189
chair 0.0214 181 126 268 192
chair 0.0208 200 132 241 155
chair 0.0195 434 246 501 375
chair 0.0183 285 173 454 272
chair 0.0182 109 109 169 170
chair 0.0135 164 124 199 189
chair 0.0131 179 137 227 190
chair 0.0130 346 174 470 235
chair 0.0123 113 111 148 139
chair 0.0118 464 186 500 254
chair 0.0099 167 121 195 158
chair 0.0087 410 250 486 351
chair 0.0079 402 310 498 372
chair 0.0078 0 130 18 296
chair 0.0068 149 123 179 190
chair 0.0064 265 126 292 164
chair 0.0061 161 132 177 186
chair 0.0056 387 150 491 243
chair 0.0056 475 191 500 234
chair 0.0056 167 111 192 139
chair 0.0055 260 107 296 167
chair 0.0048 483 288 499 335
chair 0.0048 293 296 448 371
chair 0.0046 448 77 498 157
chair 0.0045 402 211 501 337
chair 0.0045 480 219 500 362
chair 0.0034 189 159 218 190
chair 0.0031 284 152 509 311
chair 0.0030 205 142 233 180
chair 0.0030 135 162 162 190
chair 0.0029 156 144 272 207
chair 0.0028 423 182 468 241
chair 0.0028 119 120 164 146
chair 0.0027 187 141 208 182
chair 0.0027 320 119 344 163
chair 0.0027 113 129 170 188
chair 0.0026 6 219 59 288
chair 0.0026 95 128 158 154
chair 0.0025 172 166 200 192
chair 0.0025 274 165 380 271
chair 0.0025 160 122 178 156
chair 0.0025 270 149 390 367
chair 0.0025 187 132 208 157
chair 0.0022 0 151 62 287
chair 0.0022 442 122 463 153
chair 0.0021 75 140 141 171
chair 0.0021 76 146 101 175
chair 0.0020 433 77 475 154
chair 0.0020 474 325 499 374
chair 0.0019 156 103 176 142
chair 0.0019 193 99 215 141
chair 0.0018 481 309 499 355
chair 0.0018 149 161 173 191
chair 0.0016 486 260 500 326
chair 0.0016 436 331 462 371
chair 0.0016 194 81 249 153
chair 0.0016 376 125 495 344
chair 0.0016 163 82 202 162
chair 0.0015 451 317 496 352
chair 0.0015 213 147 265 198
chair 0.0015 51 216 74 288
chair 0.0015 473 79 499 160
chair 0.0013 226 118 259 153
chair 0.0013 417 70 446 100
chair 0.0013 0 244 16 299
chair 0.0013 250 84 297 159
chair 0.0013 409 62 500 156
chair 0.0012 452 201 500 347
chair 0.0012 214 107 266 174
chair 0.0012 94 118 254 190
chair 0.0012 50 161 145 290
chair 0.0011 429 299 479 370
chair 0.0011 471 181 499 331
chair 0.0011 196 80 220 111
chair 0.0011 235 148 261 184
chair 0.0011 304 326 361 372
chair 0.0010 304 124 325 166
chair 0.0010 194 71 289 172
chair 0.0010 413 267 477 326
sofa 0.6218 63 164 255 348
sofa 0.6038 277 158 471 298
sofa 0.0551 394 166 499 367
sofa 0.0549 79 111 165 179
sofa 0.0533 282 223 495 370
sofa 0.0245 446 323 499 373
sofa 0.0223 344 177 450 268
sofa 0.0182 434 187 498 348
sofa 0.0079 334 164 465 236
sofa 0.0073 270 163 401 268
sofa 0.0058 410 250 486 351
sofa 0.0049 480 219 500 362
sofa 0.0046 401 168 491 278
sofa 0.0045 270 149 390 367
sofa 0.0035 0 130 18 296
sofa 0.0028 471 181 499 331
sofa 0.0025 464 186 500 254
sofa 0.0022 350 217 441 309
sofa 0.0022 12 157 85 285
sofa 0.0010 50 161 145 290
pottedplant 0.4011 344 177 450 268
pottedplant 0.2983 14 151 80 288
pottedplant 0.1184 189 159 218 190
pottedplant 0.1080 265 126 292 164
pottedplant 0.1024 260 107 296 167
pottedplant 0.0805 250 84 297 159
pottedplant 0.0472 20 166 78 226
pottedplant 0.0435 194 75 248 132
pottedplant 0.0376 197 77 292 166
pottedplant 0.0334 351 186 424 234
pottedplant 0.0310 206 157 230 189
pottedplant 0.0302 267 106 296 135
pottedplant 0.0277 18 191 71 275
pottedplant 0.0275 1 105 61 286
pottedplant 0.0227 226 118 259 153
pottedplant 0.0227 284 152 509 311
pottedplant 0.0227 214 107 266 174
pottedplant 0.0216 264 166 283 194
pottedplant 0.0195 244 117 264 159
pottedplant 0.0192 187 141 208 182
pottedplant 0.0163 0 130 18 296
pottedplant 0.0147 189 107 288 189
pottedplant 0.0139 287 167 467 260
pottedplant 0.0138 51 216 74 288
pottedplant 0.0137 216 88 263 151
pottedplant 0.0120 239 111 276 172
pottedplant 0.0116 176 147 234 193
pottedplant 0.0097 241 73 291 134
pottedplant 0.0097 53 160 81 191
pottedplant 0.0096 135 162 162 190
pottedplant 0.0074 239 155 263 188
pottedplant 0.0073 196 80 220 111
pottedplant 0.0069 201 77 239 115
pottedplant 0.0068 54 212 69 260
pottedplant 0.0062 193 99 215 141
pottedplant 0.0053 354 216 427 295
pottedplant 0.0050 205 142 233 180
pottedplant 0.0043 213 131 264 188
pottedplant 0.0039 190 82 224 152
pottedplant 0.0036 241 110 270 143
pottedplant 0.0032 222 102 252 141
pottedplant 0.0031 172 166 200 192
pottedplant 0.0030 191 144 254 197
pottedplant 0.0029 377 202 418 230
pottedplant 0.0025 149 161 173 191
pottedplant 0.0019 6 219 59 288
pottedplant 0.0018 20 182 48 217
pottedplant 0.0017 34 193 69 226
pottedplant 0.0015 164 124 199 189
pottedplant 0.0014 33 228 60 278
pottedplant 0.0014 464 186 500 254
pottedplant 0.0013 156 80 174 125
pottedplant 0.0012 30 216 61 263
pottedplant 0.0012 166 87 187 121
pottedplant 0.0011 53 252 74 288
pottedplant 0.0011 45 159 80 281
pottedplant 0.0010 161 58 200 148
pottedplant 0.0010 302 230 442 317
pottedplant 0.0010 2 21 109 284
pottedplant 0.0010 245 183 275 209
pottedplant 0.0010 330 241 357 311
diningtable 0.1144 282 223 495 370
diningtable 0.0134 79 116 166 181
diningtable 0.0130 275 252 479 332
diningtable 0.0052 156 144 272 207
diningtable 0.0026 95 128 158 154
diningtable 0.0024 350 217 441 309
diningtable 0.0021 446 323 499 373
diningtable 0.0020 181 126 268 192
diningtable 0.0018 179 137 227 190
diningtable 0.0017 278 289 466 369
diningtable 0.0017 79 140 163 168
diningtable 0.0014 410 250 486 351
diningtable 0.0012 195 136 248 189
diningtable 0.0011 236 155 259 187
diningtable 0.0011 113 111 167 141
diningtable 0.0010 89 153 269 224
tvmonitor 0.0158 348 80 377 106
tvmonitor 0.0113 236 155 259 187
tvmonitor 0.0080 195 136 248 189
tvmonitor 0.0057 240 140 263 181
tvmonitor 0.0049 266 131 289 171
tvmonitor 0.0040 205 142 233 180
tvmonitor 0.0016 213 131 264 188
tvmonitor 0.0012 256 16 312 69
tvmonitor 0.0010 0 130 18 296
