person 0.6680 217 16 377 324
person 0.1632 92 10 407 336
person 0.0284 85 146 340 331
person 0.0236 321 13 498 326
person 0.0129 270 20 437 321
person 0.0086 246 6 271 41
person 0.0054 59 134 515 351
person 0.0027 66 45 287 304
person 0.0024 98 239 242 333
person 0.0018 38 220 318 332
person 0.0015 169 165 225 196
person 0.0013 240 7 284 66
person 0.0011 113 185 240 302
person 0.0010 60 154 230 327
person 0.0010 233 144 397 333
bird 0.0052 85 146 340 331
bird 0.0027 34 53 393 351
dog 0.0030 85 146 340 331
chair 0.0026 169 165 225 196
chair 0.0011 218 142 262 220
chair 0.0011 85 146 340 331
pottedplant 0.0223 34 53 393 351
pottedplant 0.0155 321 13 498 326
pottedplant 0.0043 85 146 340 331
pottedplant 0.0015 265 66 447 334
diningtable 0.0014 85 146 340 331
diningtable 0.0012 59 134 515 351
