person 0.9817 -1 97 95 358
person 0.8263 123 167 232 360
person 0.8043 139 54 204 186
person 0.7948 81 101 166 353
person 0.6706 295 200 383 342
person 0.6304 412 93 494 226
person 0.6239 240 118 336 336
person 0.6079 355 100 425 213
person 0.4780 390 187 477 363
person 0.4308 206 123 292 340
person 0.3600 212 61 284 168
person 0.3300 294 114 366 241
person 0.2383 278 37 346 175
person 0.2045 384 82 432 150
person 0.1751 164 127 246 346
person 0.1003 58 51 152 149
person 0.0999 395 80 423 122
person 0.0943 176 122 230 277
person 0.0845 120 110 161 203
person 0.0605 336 52 406 176
person 0.0589 322 108 420 246
person 0.0530 271 114 383 337
person 0.0486 398 107 493 337
person 0.0464 323 65 386 211
person 0.0441 389 84 413 117
person 0.0416 280 39 329 127
person 0.0389 351 59 388 137
person 0.0381 271 42 373 250
person 0.0351 49 103 80 143
person 0.0320 259 101 343 208
person 0.0314 200 91 230 115
person 0.0276 198 87 240 153
person 0.0266 199 54 299 255
person 0.0248 413 89 461 145
person 0.0233 333 96 371 215
person 0.0224 153 51 182 84
person 0.0221 91 56 189 166
person 0.0189 305 110 430 336
person 0.0185 375 70 423 137
person 0.0171 54 44 153 253
person 0.0171 224 111 265 318
person 0.0161 356 67 428 169
person 0.0161 181 121 223 195
person 0.0153 152 112 221 247
person 0.0140 128 50 153 84
person 0.0139 88 97 177 209
person 0.0138 201 101 234 133
person 0.0124 357 138 423 252
person 0.0118 353 88 397 186
person 0.0115 333 197 404 346
person 0.0107 296 114 344 202
person 0.0105 394 173 488 269
person 0.0098 342 96 466 275
person 0.0095 48 102 95 166
person 0.0087 352 190 440 359
person 0.0086 194 71 243 129
person 0.0084 120 49 156 104
person 0.0081 300 203 343 264
person 0.0081 195 177 236 290
person 0.0078 74 109 146 257
person 0.0078 124 131 164 260
person 0.0076 458 219 489 254
person 0.0076 102 111 179 281
person 0.0075 202 104 248 175
person 0.0071 246 130 334 235
person 0.0068 362 59 385 105
person 0.0067 134 94 196 216
person 0.0065 261 77 294 164
person 0.0063 238 84 286 230
person 0.0060 265 125 322 187
person 0.0059 277 77 323 160
person 0.0058 222 66 271 131
person 0.0057 137 176 220 302
person 0.0056 414 87 449 122
person 0.0054 158 167 204 222
person 0.0053 293 166 378 268
person 0.0053 239 66 276 104
person 0.0051 263 78 284 116
person 0.0049 294 51 378 188
person 0.0045 118 195 159 318
person 0.0045 230 64 260 105
person 0.0045 275 127 316 315
person 0.0044 300 156 339 235
person 0.0044 216 119 259 192
person 0.0043 309 110 365 174
person 0.0043 256 170 290 262
person 0.0042 304 101 328 140
person 0.0042 324 170 412 274
person 0.0041 124 108 157 140
person 0.0041 73 180 148 326
person 0.0039 250 152 280 283
person 0.0038 434 115 497 272
person 0.0037 291 83 341 155
person 0.0035 379 94 408 138
person 0.0035 455 237 490 260
person 0.0034 163 66 269 165
person 0.0031 71 126 99 304
person 0.0031 370 178 425 248
person 0.0030 0 172 19 209
person 0.0028 452 183 495 255
dog 0.0139 385 194 484 354
dog 0.0070 378 337 438 374
dog 0.0021 420 205 488 261
dog 0.0013 453 210 493 262
dog 0.0010 295 200 383 342
horse 0.0016 385 194 484 354
bottle 0.0368 458 219 489 254
bottle 0.0144 455 237 490 260
bottle 0.0017 380 343 436 374
bottle 0.0014 458 207 482 235
bottle 0.0011 193 185 219 215
bottle 0.0011 153 268 179 309
chair 0.0261 132 180 223 356
chair 0.0255 261 70 284 101
chair 0.0121 353 136 369 184
chair 0.0106 189 87 224 115
chair 0.0093 385 194 484 354
chair 0.0076 340 107 365 140
chair 0.0067 360 136 380 180
chair 0.0049 351 154 370 197
chair 0.0047 362 59 385 105
chair 0.0047 418 123 444 144
chair 0.0047 323 73 352 100
chair 0.0046 73 230 95 270
chair 0.0042 395 80 423 122
chair 0.0042 333 96 371 215
chair 0.0041 420 205 488 261
chair 0.0039 -2 214 96 327
chair 0.0034 389 84 413 117
chair 0.0033 65 269 93 312
chair 0.0029 65 233 95 314
chair 0.0027 67 205 153 332
chair 0.0025 424 200 478 229
chair 0.0024 399 91 429 140
chair 0.0021 94 183 169 353
chair 0.0021 404 121 432 154
chair 0.0020 263 78 284 116
chair 0.0019 384 82 432 150
chair 0.0019 455 237 490 260
chair 0.0018 111 105 140 140
chair 0.0017 359 120 382 157
chair 0.0017 361 157 380 206
chair 0.0017 453 210 493 262
chair 0.0016 71 174 99 292
chair 0.0016 400 140 424 176
chair 0.0015 337 183 368 217
chair 0.0012 318 75 344 118
chair 0.0012 133 211 156 255
chair 0.0011 350 75 375 120
chair 0.0011 0 172 19 209
chair 0.0010 201 101 234 133
sofa 0.0187 46 143 170 361
sofa 0.0112 123 167 232 360
sofa 0.0090 -1 128 92 372
sofa 0.0089 -2 214 96 327
sofa 0.0073 67 205 153 332
sofa 0.0052 406 195 485 357
sofa 0.0035 94 183 169 353
sofa 0.0021 348 192 473 359
sofa 0.0014 65 233 95 314
sofa 0.0012 73 230 95 270
sofa 0.0011 411 90 495 255
pottedplant 0.0019 65 54 151 345
diningtable 0.0170 201 101 234 133
diningtable 0.0054 200 91 230 115
diningtable 0.0018 198 87 240 153
diningtable 0.0010 111 105 140 140
