person 0.0516 158 125 203 155
person 0.0170 154 147 208 172
person 0.0078 484 118 500 163
person 0.0040 303 124 328 154
person 0.0038 159 157 208 182
person 0.0036 278 128 309 157
person 0.0032 143 124 189 152
person 0.0023 128 157 162 183
person 0.0022 129 149 197 172
person 0.0022 0 122 16 154
person 0.0016 110 157 136 188
person 0.0014 184 124 211 157
person 0.0011 141 157 190 182
person 0.0011 356 158 394 182
person 0.0010 0 102 17 145
car 0.9853 107 144 238 250
car 0.9384 278 143 407 245
car 0.3909 438 124 499 167
car 0.0450 254 189 281 217
car 0.0336 117 123 231 167
car 0.0275 374 124 412 148
car 0.0187 394 125 425 150
car 0.0180 243 128 270 154
car 0.0168 278 128 309 157
car 0.0146 249 141 279 165
car 0.0141 437 128 468 164
car 0.0106 303 124 328 154
car 0.0074 143 124 189 152
car 0.0068 154 147 208 172
car 0.0061 481 132 500 173
car 0.0057 261 137 290 167
car 0.0055 5 131 54 149
car 0.0049 267 118 333 161
car 0.0045 267 126 289 156
car 0.0045 419 126 452 153
car 0.0042 277 141 319 163
car 0.0040 158 125 203 155
car 0.0039 321 150 384 175
car 0.0035 378 144 402 174
car 0.0035 300 145 335 172
car 0.0032 364 124 396 148
car 0.0031 113 151 143 173
car 0.0030 27 133 59 150
car 0.0020 129 112 281 166
car 0.0020 180 148 215 172
car 0.0019 290 128 435 171
car 0.0019 201 144 241 164
car 0.0016 354 148 396 174
car 0.0015 129 149 197 172
car 0.0014 327 129 375 153
car 0.0012 39 135 97 151
car 0.0011 243 145 436 288
car 0.0010 474 104 500 172
car 0.0010 92 123 113 153
car 0.0010 1 143 58 165
aeroplane 0.0012 438 124 499 167
bus 0.0169 438 124 499 167
bus 0.0056 118 110 237 168
bus 0.0011 303 124 328 154
train 0.0035 438 124 499 167
boat 0.0011 438 124 499 167
bottle 0.0018 254 189 281 217
pottedplant 0.0012 484 118 500 163
diningtable 0.0013 46 137 452 381
