person 0.9400 168 162 232 323
person 0.7753 228 137 270 235
person 0.0970 123 167 232 348
person 0.0533 214 146 292 292
person 0.0473 199 173 241 311
person 0.0405 200 167 223 204
person 0.0307 165 165 215 246
person 0.0259 199 167 229 242
person 0.0255 229 123 303 249
person 0.0152 243 98 322 167
person 0.0111 143 164 217 276
person 0.0101 220 135 259 198
person 0.0089 228 139 251 186
person 0.0042 26 114 46 150
person 0.0034 179 164 204 199
person 0.0032 207 160 261 244
person 0.0023 221 161 244 203
person 0.0016 239 129 265 159
person 0.0013 279 141 301 178
person 0.0011 198 161 238 216
person 0.0011 255 146 286 183
person 0.0010 184 182 215 220
bicycle 0.0048 246 96 324 162
bicycle 0.0017 279 141 301 178
bird 0.0041 243 98 322 167
bird 0.0028 26 119 49 156
dog 0.0414 243 98 322 167
dog 0.0014 249 124 290 151
horse 0.9824 115 203 231 389
horse 0.8573 207 169 300 304
horse 0.1137 246 96 324 162
horse 0.0396 249 187 301 291
horse 0.0217 259 193 307 247
horse 0.0146 225 181 279 249
horse 0.0127 221 143 288 259
horse 0.0089 182 168 305 392
horse 0.0041 279 141 301 178
horse 0.0039 205 177 248 305
horse 0.0033 196 195 276 361
horse 0.0031 177 166 239 339
horse 0.0026 190 223 233 374
horse 0.0020 232 100 310 252
horse 0.0019 232 183 283 297
horse 0.0018 200 167 223 204
horse 0.0013 284 104 329 173
horse 0.0011 249 124 290 151
horse 0.0011 241 198 269 245
horse 0.0010 140 188 221 326
horse 0.0010 280 221 306 257
cow 0.0022 243 98 322 167
