person 0.0084 171 273 199 305
person 0.0015 181 274 218 304
car 0.0196 104 280 147 297
car 0.0057 81 283 131 300
car 0.0054 181 274 218 304
car 0.0042 108 270 142 294
car 0.0027 171 273 199 305
car 0.0023 200 263 376 298
car 0.0022 340 278 380 301
car 0.0010 16 279 75 300
aeroplane 0.8735 76 32 504 306
aeroplane 0.0075 11 135 354 287
aeroplane 0.0018 35 216 138 292
aeroplane 0.0010 200 263 376 298
bus 0.0017 3 217 126 295
bus 0.0010 108 270 142 294
boat 0.0012 383 73 487 137
boat 0.0010 372 66 501 264
