person 0.9032 197 141 434 375
person 0.8044 -3 176 188 379
person 0.2005 86 201 176 267
person 0.0504 483 338 500 375
person 0.0385 22 153 409 373
person 0.0207 71 172 260 372
person 0.0097 483 287 500 372
person 0.0097 87 246 194 368
person 0.0081 88 208 182 315
person 0.0065 83 233 350 367
person 0.0055 0 172 21 368
person 0.0055 108 186 223 269
person 0.0050 207 147 264 208
person 0.0038 0 292 20 375
person 0.0027 36 145 230 315
person 0.0023 66 251 149 371
person 0.0022 124 258 165 327
person 0.0021 159 129 351 313
person 0.0021 174 167 260 264
person 0.0021 -2 295 103 373
person 0.0019 0 334 19 377
person 0.0014 219 155 251 192
person 0.0014 478 211 500 381
person 0.0013 441 37 499 328
person 0.0012 187 202 226 266
person 0.0012 124 320 172 373
person 0.0011 7 238 108 366
car 0.0039 454 69 490 91
car 0.0012 441 37 499 328
bus 0.0012 419 53 448 80
boat 0.0212 183 140 302 234
boat 0.0176 40 34 459 351
boat 0.0082 158 124 344 272
boat 0.0055 335 75 378 90
boat 0.0040 202 152 251 210
boat 0.0031 300 78 371 92
boat 0.0016 52 118 281 274
boat 0.0014 171 129 323 190
cat 0.0017 86 201 176 267
dog 0.0021 483 338 500 375
dog 0.0020 86 201 176 267
horse 0.0093 22 153 409 373
horse 0.0034 86 201 176 267
horse 0.0010 123 256 206 372
cow 0.0013 86 201 176 267
bottle 0.0043 92 200 183 265
bottle 0.0010 77 211 95 257
chair 0.0420 157 139 427 373
chair 0.0408 329 202 427 327
chair 0.0149 267 281 363 372
chair 0.0096 202 152 251 210
chair 0.0084 0 334 19 377
chair 0.0077 119 243 388 368
chair 0.0076 483 338 500 375
chair 0.0073 1 299 105 373
chair 0.0067 190 191 242 270
chair 0.0056 86 201 176 267
chair 0.0049 116 258 204 370
chair 0.0034 -3 176 188 379
chair 0.0030 27 208 479 372
chair 0.0025 258 201 395 325
chair 0.0023 219 155 251 192
chair 0.0023 185 139 302 217
chair 0.0021 284 167 438 364
chair 0.0018 394 226 425 321
chair 0.0017 -1 312 65 375
chair 0.0017 0 296 13 366
chair 0.0016 202 285 392 371
chair 0.0015 185 243 213 270
chair 0.0013 487 299 499 371
chair 0.0013 204 180 242 213
chair 0.0012 332 224 380 290
chair 0.0010 28 292 159 374
sofa 0.2657 115 156 464 364
sofa 0.0228 119 243 388 368
sofa 0.0083 329 202 427 327
sofa 0.0054 -8 77 362 375
sofa 0.0042 -2 200 190 374
sofa 0.0024 54 142 284 307
sofa 0.0024 202 285 392 371
sofa 0.0022 267 281 363 372
sofa 0.0020 274 212 443 371
sofa 0.0019 86 201 176 267
sofa 0.0017 174 167 260 264
sofa 0.0015 159 129 351 313
sofa 0.0013 189 171 311 273
sofa 0.0012 116 258 204 370
diningtable 0.0012 483 338 500 375
