person 0.1099 433 0 461 32
person 0.0503 145 -1 174 31
person 0.0153 322 13 347 49
person 0.0144 304 13 327 48
person 0.0140 139 -2 194 46
person 0.0137 450 0 488 30
person 0.0133 0 16 28 88
person 0.0124 118 -2 159 28
person 0.0098 477 0 498 26
person 0.0080 160 0 212 22
person 0.0078 148 4 210 67
person 0.0069 293 13 314 48
person 0.0052 395 1 427 35
person 0.0034 60 3 505 361
person 0.0031 342 13 369 50
person 0.0028 288 0 312 35
person 0.0026 147 12 182 50
person 0.0025 374 0 413 31
person 0.0025 429 -1 478 41
person 0.0022 1 0 43 75
person 0.0021 400 -1 465 43
person 0.0021 305 5 366 54
person 0.0020 0 18 24 244
person 0.0018 433 7 499 119
person 0.0018 475 112 500 146
person 0.0017 111 1 171 61
person 0.0017 50 31 219 250
person 0.0017 469 29 501 116
person 0.0016 212 1 273 21
person 0.0015 77 12 142 61
person 0.0014 186 12 214 46
person 0.0014 250 1 301 27
person 0.0014 319 0 351 28
person 0.0014 199 0 241 21
person 0.0014 430 178 474 201
person 0.0014 302 0 329 33
person 0.0011 108 -5 218 45
person 0.0011 451 127 499 207
person 0.0011 77 9 102 55
person 0.0011 84 0 204 68
person 0.0011 464 72 501 145
person 0.0010 43 1 84 68
person 0.0010 388 -2 439 41
bicycle 0.1385 0 16 28 88
bicycle 0.0348 431 99 501 228
bicycle 0.0289 451 127 499 207
bicycle 0.0138 430 178 474 201
bicycle 0.0136 9 108 88 243
bicycle 0.0083 1 0 43 75
bicycle 0.0080 392 14 498 342
bicycle 0.0078 43 1 84 68
bicycle 0.0068 0 36 19 92
bicycle 0.0066 444 171 495 206
bicycle 0.0037 3 1 90 72
bicycle 0.0031 89 16 151 62
bicycle 0.0025 11 138 48 231
bicycle 0.0025 464 72 501 145
bicycle 0.0024 8 35 32 75
bicycle 0.0022 468 93 500 129
bicycle 0.0020 26 144 77 225
bicycle 0.0018 59 3 112 64
bicycle 0.0018 52 6 78 58
bicycle 0.0016 39 6 62 59
bicycle 0.0016 105 29 147 63
bicycle 0.0015 280 0 447 58
bicycle 0.0013 77 9 102 55
bicycle 0.0012 446 62 500 126
bicycle 0.0011 446 89 500 171
bicycle 0.0010 467 75 501 106
car 0.0173 430 178 474 201
car 0.0098 0 16 28 88
car 0.0083 125 0 298 62
car 0.0066 105 0 390 120
car 0.0050 147 0 332 35
car 0.0049 172 0 219 20
car 0.0040 82 0 192 64
car 0.0039 183 14 310 96
car 0.0035 56 -12 517 234
car 0.0030 433 0 461 32
car 0.0028 117 -2 145 25
car 0.0025 222 0 295 20
car 0.0023 475 112 500 146
car 0.0020 430 78 500 221
car 0.0018 144 24 435 167
car 0.0018 169 -3 400 63
car 0.0017 450 0 488 30
car 0.0017 395 1 427 35
car 0.0015 450 105 500 199
car 0.0015 388 8 499 111
car 0.0013 468 93 500 129
car 0.0012 89 16 151 62
car 0.0012 386 0 496 65
car 0.0012 434 97 463 129
car 0.0011 280 0 447 58
motorbike 0.8152 31 5 483 355
motorbike 0.0937 88 0 334 119
motorbike 0.0570 388 8 499 111
motorbike 0.0565 430 78 500 221
motorbike 0.0524 0 16 28 88
motorbike 0.0465 50 31 219 250
motorbike 0.0285 330 -2 487 61
motorbike 0.0277 123 -3 224 64
motorbike 0.0266 388 0 499 209
motorbike 0.0176 451 127 499 207
motorbike 0.0168 113 7 212 106
motorbike 0.0104 464 72 501 145
motorbike 0.0082 82 0 192 64
motorbike 0.0078 446 62 500 126
motorbike 0.0065 430 178 474 201
motorbike 0.0062 311 -6 504 140
motorbike 0.0062 54 -29 519 175
motorbike 0.0061 183 14 310 96
motorbike 0.0060 143 1 195 60
motorbike 0.0057 173 -2 329 61
motorbike 0.0053 363 3 429 55
motorbike 0.0051 468 93 500 129
motorbike 0.0050 160 0 212 22
motorbike 0.0049 429 16 501 337
motorbike 0.0046 398 39 502 140
motorbike 0.0045 439 24 498 173
motorbike 0.0044 446 89 500 171
motorbike 0.0041 89 16 151 62
motorbike 0.0039 145 -3 216 40
motorbike 0.0034 394 15 432 45
motorbike 0.0032 0 36 19 92
motorbike 0.0031 46 -4 234 139
motorbike 0.0029 467 75 501 106
motorbike 0.0026 399 4 502 67
motorbike 0.0026 388 -2 439 41
motorbike 0.0025 287 0 423 60
motorbike 0.0025 438 36 499 106
motorbike 0.0025 319 15 488 345
motorbike 0.0023 396 4 465 53
motorbike 0.0021 55 3 151 69
motorbike 0.0020 1 0 43 75
motorbike 0.0020 152 19 208 76
motorbike 0.0019 374 18 408 51
motorbike 0.0018 475 112 500 146
motorbike 0.0018 395 1 427 35
motorbike 0.0018 136 -10 441 85
motorbike 0.0017 427 164 487 208
motorbike 0.0017 81 25 338 263
motorbike 0.0016 255 18 477 177
motorbike 0.0016 118 -2 284 39
motorbike 0.0014 284 22 441 88
motorbike 0.0012 374 0 413 31
motorbike 0.0012 98 43 192 137
motorbike 0.0011 8 3 101 99
motorbike 0.0011 4 -14 108 238
motorbike 0.0010 469 29 501 116
motorbike 0.0010 407 22 455 48
motorbike 0.0010 9 108 88 243
bird 0.0010 430 178 474 201
bottle 0.0089 433 0 461 32
bottle 0.0075 395 1 427 35
bottle 0.0026 475 112 500 146
bottle 0.0018 468 93 500 129
bottle 0.0012 388 -2 439 41
bottle 0.0012 477 0 498 26
bottle 0.0010 466 80 501 183
bottle 0.0010 450 0 488 30
chair 0.0015 117 -2 145 25
chair 0.0015 1 0 43 75
chair 0.0010 77 12 142 61
