person 0.9402 -7 0 353 344
person 0.1068 302 74 496 324
person 0.0817 170 9 483 334
person 0.0409 389 21 501 331
person 0.0066 1 281 136 331
person 0.0024 79 141 493 331
person 0.0020 167 20 325 322
person 0.0016 482 85 500 307
person 0.0013 263 214 307 284
car 0.0021 79 6 493 335
boat 0.0040 79 6 493 335
bird 0.0029 225 9 505 334
bird 0.0013 418 10 454 72
cat 0.1930 225 9 505 334
cat 0.0096 389 21 501 331
dog 0.0724 287 19 511 336
dog 0.0133 389 21 501 331
dog 0.0123 235 15 426 329
dog 0.0031 147 70 496 326
horse 0.0022 79 6 493 335
sheep 0.0067 225 9 505 334
cow 0.0068 225 9 505 334
cow 0.0023 389 21 501 331
chair 0.0271 1 281 136 331
chair 0.0051 -7 0 353 344
chair 0.0035 6 261 189 333
chair 0.0031 225 9 505 334
chair 0.0012 -18 231 364 336
chair 0.0010 480 103 499 325
sofa 0.0252 -2 2 412 338
sofa 0.0023 79 141 493 331
sofa 0.0020 225 9 505 334
diningtable 0.0023 -2 2 412 338
