person 0.9261 259 49 293 123
person 0.8515 110 61 208 199
person 0.7540 207 63 228 116
person 0.6883 334 29 360 102
person 0.5908 179 60 197 118
person 0.4463 441 28 465 102
person 0.3790 234 61 257 112
person 0.3579 399 32 418 80
person 0.1294 211 56 233 97
person 0.0863 191 66 213 111
person 0.0633 397 30 422 108
person 0.0480 466 52 499 131
person 0.0467 248 71 274 115
person 0.0409 251 42 278 117
person 0.0257 464 47 486 102
person 0.0242 415 33 437 85
person 0.0209 161 109 207 185
person 0.0208 173 112 196 145
person 0.0173 112 72 173 148
person 0.0159 478 68 499 118
person 0.0156 473 91 499 129
person 0.0153 179 61 221 116
person 0.0146 475 50 494 100
person 0.0141 1 17 30 57
person 0.0111 261 37 283 69
person 0.0098 189 129 210 170
person 0.0098 265 57 291 90
person 0.0070 378 19 398 48
person 0.0070 112 29 134 72
person 0.0066 125 60 164 89
person 0.0063 172 72 199 148
person 0.0062 43 22 79 56
person 0.0049 361 18 386 48
person 0.0047 172 44 199 114
person 0.0042 400 119 437 184
person 0.0041 310 133 356 202
person 0.0035 204 43 227 75
person 0.0032 233 171 290 250
person 0.0031 175 100 217 166
person 0.0029 381 34 409 68
person 0.0027 372 37 418 109
person 0.0024 281 20 305 50
person 0.0024 178 37 197 74
person 0.0023 264 22 294 52
person 0.0023 317 134 343 167
person 0.0021 482 103 499 151
person 0.0020 173 94 195 132
person 0.0019 435 47 469 129
person 0.0019 475 82 499 171
person 0.0019 443 28 465 53
person 0.0017 331 19 352 51
person 0.0017 113 90 293 179
person 0.0016 390 54 424 120
person 0.0016 355 21 394 94
person 0.0016 201 92 236 118
person 0.0016 341 19 368 47
person 0.0015 140 61 180 92
person 0.0015 200 155 297 255
person 0.0014 205 60 371 125
person 0.0013 79 62 179 163
person 0.0013 461 41 481 77
person 0.0011 81 68 341 228
person 0.0011 407 26 429 54
person 0.0010 162 137 203 166
person 0.0010 137 79 182 141
bicycle 0.0060 84 90 249 266
bicycle 0.0043 92 150 196 255
bicycle 0.0035 109 127 211 227
bicycle 0.0023 144 146 297 237
bicycle 0.0019 78 146 329 265
bicycle 0.0018 173 94 195 132
bicycle 0.0016 248 71 274 115
bicycle 0.0015 277 133 434 197
bicycle 0.0011 191 66 213 111
bicycle 0.0011 173 112 196 145
car 0.0532 191 66 213 111
car 0.0148 207 63 228 116
car 0.0093 176 59 199 121
car 0.0071 234 61 257 112
car 0.0071 112 22 136 55
car 0.0051 125 60 164 89
car 0.0050 179 61 221 116
car 0.0043 265 57 291 90
car 0.0042 43 22 79 56
car 0.0041 112 58 213 172
car 0.0023 137 64 277 132
car 0.0020 264 22 294 52
car 0.0017 182 66 310 125
car 0.0017 211 56 233 97
car 0.0015 151 79 181 111
car 0.0013 109 59 140 87
car 0.0011 140 61 180 92
car 0.0011 113 30 215 101
motorbike 0.0034 109 127 211 227
motorbike 0.0027 78 146 329 265
motorbike 0.0024 84 90 249 266
motorbike 0.0020 161 109 207 185
motorbike 0.0014 173 112 196 145
motorbike 0.0012 191 66 213 111
motorbike 0.0012 234 61 257 112
motorbike 0.0012 207 63 228 116
bus 0.0011 113 30 215 101
boat 0.0011 234 61 257 112
bird 0.0027 411 116 440 143
bird 0.0019 157 183 208 230
bird 0.0014 400 119 437 184
bird 0.0010 237 188 291 253
dog 0.0609 217 136 438 267
dog 0.0133 352 99 389 122
dog 0.0086 277 133 434 197
dog 0.0079 173 112 196 145
dog 0.0030 400 119 437 184
dog 0.0026 200 155 297 255
dog 0.0019 317 134 343 167
dog 0.0019 161 109 207 185
dog 0.0013 411 116 440 143
dog 0.0013 248 92 277 117
horse 0.8496 217 136 438 267
horse 0.0117 200 155 297 255
horse 0.0100 225 139 354 221
horse 0.0054 118 103 382 261
horse 0.0035 292 131 425 229
horse 0.0033 315 149 421 269
horse 0.0019 233 171 290 250
horse 0.0013 83 106 494 317
horse 0.0010 219 172 260 243
sheep 0.0136 221 119 431 268
cow 0.0020 221 119 431 268
cow 0.0010 118 103 382 261
bottle 0.0089 189 129 210 170
bottle 0.0011 173 112 196 145
chair 0.0625 98 111 182 241
chair 0.0431 104 75 191 196
chair 0.0223 234 61 257 112
chair 0.0212 110 137 171 194
chair 0.0161 100 121 122 166
chair 0.0098 92 161 168 262
chair 0.0071 95 119 119 150
chair 0.0064 101 119 157 181
chair 0.0031 96 123 122 208
chair 0.0030 248 71 274 115
chair 0.0026 104 127 209 210
chair 0.0026 473 91 499 129
chair 0.0026 191 66 213 111
chair 0.0025 223 96 261 113
chair 0.0025 207 63 228 116
chair 0.0017 400 119 437 184
chair 0.0015 374 62 410 90
chair 0.0015 43 22 79 56
chair 0.0015 376 74 416 105
chair 0.0014 1 17 30 57
chair 0.0014 111 151 168 178
chair 0.0014 73 111 108 138
chair 0.0013 146 93 172 130
chair 0.0013 179 60 197 118
chair 0.0011 360 56 389 93
chair 0.0011 84 90 249 266
pottedplant 0.0123 173 112 196 145
pottedplant 0.0069 378 19 398 48
pottedplant 0.0024 172 72 199 148
pottedplant 0.0024 173 94 195 132
pottedplant 0.0018 361 18 386 48
pottedplant 0.0014 179 60 197 118
pottedplant 0.0010 112 22 136 55
diningtable 0.0097 234 61 257 112
diningtable 0.0021 207 63 228 116
diningtable 0.0016 110 61 208 199
diningtable 0.0013 173 112 196 145
diningtable 0.0011 376 74 416 105
