person 0.3282 204 -21 510 399
person 0.2299 6 42 265 386
person 0.0596 48 56 455 385
person 0.0228 357 -19 498 390
person 0.0111 1 2 130 216
person 0.0050 137 218 290 381
person 0.0034 -10 14 154 365
person 0.0020 132 154 360 373
person 0.0016 38 -11 207 328
person 0.0016 438 -26 502 402
person 0.0013 479 134 500 376
cat 0.0015 4 -25 266 346
chair 0.0191 149 -32 508 422
chair 0.0079 0 3 22 160
chair 0.0060 0 43 197 385
chair 0.0038 476 279 499 374
chair 0.0027 478 195 499 388
chair 0.0017 1 2 130 216
chair 0.0015 330 -10 488 330
chair 0.0013 236 1 491 207
chair 0.0012 12 -8 342 386
chair 0.0010 45 154 457 359
sofa 0.0221 149 -32 508 422
sofa 0.0047 79 152 501 356
sofa 0.0032 236 1 491 207
diningtable 0.0010 2 19 191 359
