person 0.7533 299 93 414 223
person 0.1475 259 113 449 262
person 0.0357 0 65 25 93
person 0.0316 313 147 354 243
person 0.0112 351 95 429 221
person 0.0092 303 91 409 160
person 0.0036 280 105 364 248
person 0.0025 11 67 49 93
person 0.0021 1 57 25 82
person 0.0013 478 43 499 71
person 0.0011 356 94 406 177
person 0.0011 48 66 87 90
person 0.0011 26 64 65 92
motorbike 0.9445 206 127 454 266
motorbike 0.0524 270 119 394 266
motorbike 0.0487 248 165 425 259
motorbike 0.0034 231 127 328 275
motorbike 0.0011 345 171 437 251
bird 0.0403 0 65 25 93
bird 0.0249 11 67 49 93
bird 0.0196 26 64 65 92
bird 0.0136 48 66 87 90
bird 0.0097 4 61 51 75
bird 0.0059 23 61 67 75
bird 0.0027 1 57 25 82
bird 0.0026 65 64 101 90
bird 0.0021 46 60 91 78
bird 0.0013 65 60 107 77
horse 0.0025 0 65 25 93
sheep 0.0089 48 66 87 90
sheep 0.0070 11 67 49 93
sheep 0.0070 0 65 25 93
sheep 0.0059 26 64 65 92
sheep 0.0018 65 64 101 90
sheep 0.0015 4 61 51 75
cow 0.0054 0 65 25 93
cow 0.0019 11 67 49 93
pottedplant 0.0040 0 -1 63 47
