person 0.0086 -15 128 448 379
cat 0.5874 78 90 501 360
cat 0.0125 103 120 472 272
cat 0.0040 46 107 296 280
cat 0.0025 236 176 492 363
cat 0.0019 3 47 365 343
dog 0.0108 2 85 429 374
chair 0.0119 9 58 490 324
chair 0.0037 390 18 490 267
chair 0.0024 412 130 461 192
chair 0.0024 393 34 462 187
chair 0.0015 387 129 477 225
chair 0.0012 443 -19 500 308
chair 0.0010 85 285 486 368
sofa 0.0643 21 84 482 365
sofa 0.0035 59 212 522 378
sofa 0.0035 85 285 486 368
pottedplant 0.0017 1 6 123 295
pottedplant 0.0015 16 101 109 213
diningtable 0.0024 -3 214 140 373
tvmonitor 0.0018 118 33 139 77
