person 0.6513 92 140 195 225
person 0.1019 94 138 155 204
person 0.0406 257 18 410 211
person 0.0236 -1 320 88 370
person 0.0138 106 158 135 198
person 0.0131 116 141 173 207
person 0.0088 121 170 177 229
person 0.0044 0 246 92 366
person 0.0034 0 150 114 372
person 0.0028 191 74 258 128
person 0.0028 343 116 483 235
person 0.0027 305 103 436 212
person 0.0026 130 175 167 212
person 0.0025 126 163 161 198
person 0.0025 1 6 206 229
person 0.0020 41 15 461 271
person 0.0015 1 117 202 270
person 0.0013 352 106 401 175
person 0.0010 128 148 192 215
bicycle 0.0640 259 49 473 228
bicycle 0.0050 340 111 447 206
bicycle 0.0021 92 140 195 225
bicycle 0.0018 311 102 500 245
bicycle 0.0011 133 184 198 234
bicycle 0.0010 205 14 392 205
bicycle 0.0010 29 8 467 215
car 0.0115 191 74 258 128
car 0.0110 -1 320 88 370
car 0.0044 0 246 92 366
car 0.0038 190 100 215 130
car 0.0031 197 100 240 130
car 0.0014 261 24 456 212
car 0.0013 181 56 274 146
car 0.0013 0 150 114 372
car 0.0010 190 88 223 123
car 0.0010 259 18 296 54
motorbike 0.0283 92 140 195 225
motorbike 0.0146 259 49 473 228
motorbike 0.0061 -1 320 88 370
motorbike 0.0011 133 184 198 234
motorbike 0.0010 41 15 461 271
aeroplane 0.0027 41 15 461 271
boat 0.0012 41 15 461 271
chair 0.0082 -1 320 88 370
chair 0.0052 259 49 473 228
chair 0.0015 -4 226 72 362
diningtable 0.0013 -1 320 88 370
