person 0.8290 322 218 363 282
person 0.1951 418 220 440 260
person 0.0593 341 228 367 271
person 0.0467 362 220 386 259
person 0.0255 403 221 429 258
person 0.0234 399 238 422 263
person 0.0217 449 234 468 264
person 0.0114 257 219 287 254
person 0.0086 67 213 99 251
person 0.0076 282 225 371 303
person 0.0046 404 213 446 264
person 0.0045 326 219 371 317
person 0.0045 408 276 430 307
person 0.0044 323 218 354 259
person 0.0029 454 221 472 258
person 0.0027 107 216 134 252
person 0.0023 75 274 105 314
person 0.0021 9 237 106 316
person 0.0020 263 252 381 343
person 0.0019 379 238 405 264
person 0.0018 381 218 402 263
person 0.0018 259 234 286 262
person 0.0017 317 237 363 342
person 0.0017 20 257 73 281
person 0.0016 355 277 389 300
person 0.0016 2 250 103 358
person 0.0013 167 200 228 260
person 0.0012 118 247 397 371
person 0.0011 314 215 391 291
person 0.0010 295 223 413 323
person 0.0010 485 231 500 276
bicycle 0.0046 40 268 104 323
bicycle 0.0023 59 275 108 335
bicycle 0.0014 77 288 108 330
bicycle 0.0013 75 274 105 314
bicycle 0.0012 11 251 111 336
car 0.1590 169 238 487 372
car 0.1017 -1 247 106 346
car 0.0896 40 268 104 323
car 0.0396 361 235 386 264
car 0.0201 263 252 381 343
car 0.0194 270 266 476 355
car 0.0152 75 274 105 314
car 0.0136 5 256 55 282
car 0.0097 59 275 108 335
car 0.0071 168 307 275 366
car 0.0066 47 273 94 308
car 0.0050 10 251 84 299
car 0.0040 341 221 371 259
car 0.0038 111 270 413 380
car 0.0034 -1 255 52 329
car 0.0032 33 265 94 285
car 0.0023 19 259 79 326
car 0.0023 77 288 108 330
car 0.0018 416 228 441 265
car 0.0018 85 299 113 328
car 0.0014 176 255 312 347
car 0.0013 291 230 377 319
car 0.0012 305 232 408 299
car 0.0011 449 234 468 264
car 0.0010 326 220 369 278
car 0.0010 399 238 422 263
motorbike 0.0051 -1 247 106 346
motorbike 0.0039 56 272 108 326
motorbike 0.0024 361 235 386 264
train 0.0011 310 140 492 320
chair 0.0318 -1 251 96 367
chair 0.0080 166 303 278 368
chair 0.0039 44 273 97 342
chair 0.0026 118 247 397 371
sofa 0.0090 -1 251 96 367
pottedplant 0.0045 418 220 440 260
pottedplant 0.0026 403 221 429 258
pottedplant 0.0022 449 234 468 264
pottedplant 0.0021 399 238 422 263
pottedplant 0.0017 257 219 287 254
tvmonitor 0.5782 167 200 228 260
tvmonitor 0.2021 243 168 274 194
tvmonitor 0.1000 257 219 287 254
tvmonitor 0.0750 89 171 124 199
tvmonitor 0.0545 178 172 214 194
tvmonitor 0.0406 107 216 134 252
tvmonitor 0.0402 48 172 84 198
tvmonitor 0.0158 68 210 98 237
tvmonitor 0.0120 236 211 292 261
tvmonitor 0.0105 150 198 289 263
tvmonitor 0.0105 221 168 259 196
tvmonitor 0.0067 271 -3 517 51
tvmonitor 0.0062 100 205 143 258
tvmonitor 0.0049 154 158 269 235
tvmonitor 0.0048 62 208 102 257
tvmonitor 0.0034 135 173 157 259
tvmonitor 0.0027 362 220 386 259
tvmonitor 0.0022 233 160 285 200
tvmonitor 0.0022 477 122 499 275
tvmonitor 0.0020 393 208 444 262
tvmonitor 0.0020 350 187 464 270
tvmonitor 0.0019 103 208 135 238
tvmonitor 0.0018 341 221 371 259
tvmonitor 0.0016 40 184 142 263
tvmonitor 0.0013 429 168 466 194
tvmonitor 0.0013 323 216 377 267
tvmonitor 0.0013 206 170 247 195
tvmonitor 0.0012 82 162 132 204
tvmonitor 0.0012 212 201 305 268
tvmonitor 0.0011 412 171 450 191
tvmonitor 0.0010 217 204 267 262
tvmonitor 0.0010 195 203 236 260
tvmonitor 0.0010 142 199 185 264
