person 0.7042 83 63 489 375
person 0.0108 10 30 359 350
person 0.0096 78 59 336 246
person 0.0075 137 231 435 364
person 0.0037 199 63 301 160
person 0.0032 297 319 500 372
person 0.0031 271 131 458 370
person 0.0011 422 331 442 374
person 0.0010 231 277 491 373
bottle 0.0034 422 93 441 140
bottle 0.0022 283 307 446 370
bottle 0.0012 422 331 442 374
chair 0.4614 -2 126 112 338
chair 0.0401 28 66 405 370
chair 0.0134 271 131 458 370
chair 0.0051 188 99 310 175
chair 0.0045 199 63 301 160
chair 0.0035 92 -1 400 156
chair 0.0029 72 35 276 265
chair 0.0023 423 326 488 375
chair 0.0016 22 -21 406 264
chair 0.0014 0 149 196 363
chair 0.0013 139 84 440 304
chair 0.0012 1 0 109 232
chair 0.0012 1 3 92 140
chair 0.0011 0 13 16 143
chair 0.0011 422 331 442 374
sofa 0.2060 83 63 489 375
sofa 0.0419 -2 126 112 338
sofa 0.0185 271 131 458 370
sofa 0.0170 92 -1 400 156
sofa 0.0136 16 17 414 301
sofa 0.0036 188 99 310 175
sofa 0.0025 199 63 301 160
sofa 0.0025 0 149 196 363
sofa 0.0016 113 67 388 221
sofa 0.0015 150 182 422 360
sofa 0.0010 72 35 276 265
diningtable 0.0020 423 326 488 375
