person 0.0180 79 -12 425 302
person 0.0029 154 45 354 332
boat 0.0011 55 19 375 335
bird 0.0040 326 19 500 336
bird 0.0033 83 20 414 344
bird 0.0029 161 69 353 342
cat 0.0019 106 33 315 320
dog 0.0505 55 19 375 335
dog 0.0065 161 69 353 342
dog 0.0037 155 11 489 351
dog 0.0023 161 3 474 126
horse 0.0113 83 20 414 344
horse 0.0042 179 79 381 342
horse 0.0018 213 6 504 350
horse 0.0012 161 3 474 126
sheep 0.2255 161 69 353 342
sheep 0.1469 83 20 414 344
sheep 0.0246 161 3 474 126
sheep 0.0054 213 6 504 350
sheep 0.0051 125 134 216 275
sheep 0.0013 335 59 421 133
sheep 0.0012 292 128 373 239
sheep 0.0012 103 28 238 311
cow 0.0552 83 20 414 344
cow 0.0438 161 3 474 126
cow 0.0378 161 69 353 342
cow 0.0042 329 55 430 122
cow 0.0017 213 6 504 350
cow 0.0010 87 3 490 213
chair 0.0010 130 0 465 123
sofa 0.0034 55 19 375 335
sofa 0.0012 161 3 474 126
