person 0.9206 177 0 310 212
person 0.0024 63 1 288 165
person 0.0021 151 11 439 209
person 0.0021 82 132 410 269
car 0.0015 20 3 479 233
boat 0.0016 42 -23 463 201
boat 0.0010 24 99 473 296
bottle 0.4791 275 158 296 211
bottle 0.4745 154 151 174 213
bottle 0.4320 229 171 258 265
bottle 0.2629 203 214 229 259
bottle 0.1293 320 174 351 245
bottle 0.0988 231 217 257 264
bottle 0.0858 225 160 263 220
bottle 0.0569 93 205 126 270
bottle 0.0461 214 167 235 204
bottle 0.0388 260 198 311 255
bottle 0.0114 247 175 266 221
bottle 0.0112 242 180 272 263
bottle 0.0107 228 156 255 186
bottle 0.0093 217 175 237 223
bottle 0.0077 100 238 125 271
bottle 0.0075 268 158 300 247
bottle 0.0074 170 118 203 148
bottle 0.0070 167 199 208 261
bottle 0.0057 337 191 376 260
bottle 0.0055 254 165 273 216
bottle 0.0053 205 189 234 265
bottle 0.0050 319 194 341 247
bottle 0.0048 210 165 238 238
bottle 0.0048 167 118 225 169
bottle 0.0047 229 205 255 245
bottle 0.0043 106 224 130 270
bottle 0.0042 139 116 176 144
bottle 0.0037 342 167 372 242
bottle 0.0031 192 148 309 230
bottle 0.0029 246 222 269 261
bottle 0.0027 204 155 366 248
bottle 0.0026 82 132 410 269
bottle 0.0025 220 134 260 203
bottle 0.0022 345 168 371 208
bottle 0.0022 193 193 317 269
bottle 0.0021 268 135 299 206
bottle 0.0017 102 197 159 243
bottle 0.0016 95 204 120 244
bottle 0.0015 138 125 181 156
bottle 0.0014 227 125 249 170
bottle 0.0013 282 150 304 189
bottle 0.0012 241 158 274 217
bottle 0.0012 155 122 260 205
bottle 0.0011 111 104 179 151
bottle 0.0011 309 205 333 245
bottle 0.0010 199 158 280 256
bottle 0.0010 334 220 369 262
chair 0.0601 57 6 231 148
chair 0.0470 -1 202 93 311
chair 0.0340 267 14 470 233
chair 0.0245 54 7 295 212
chair 0.0237 283 283 433 308
chair 0.0215 214 167 235 204
chair 0.0133 110 93 218 158
chair 0.0133 151 11 439 209
chair 0.0103 104 280 242 312
chair 0.0100 454 183 497 306
chair 0.0064 394 289 434 309
chair 0.0036 177 0 310 212
chair 0.0033 469 168 500 284
chair 0.0033 192 148 309 230
chair 0.0029 17 106 187 285
chair 0.0026 308 135 482 235
chair 0.0024 139 116 176 144
chair 0.0022 136 46 346 257
chair 0.0022 0 109 107 297
chair 0.0022 309 289 396 309
chair 0.0019 5 57 488 276
chair 0.0017 379 286 414 308
chair 0.0016 54 114 211 195
chair 0.0016 111 104 179 151
chair 0.0014 41 130 381 274
chair 0.0014 164 120 276 202
chair 0.0011 476 198 500 246
chair 0.0010 72 133 111 158
chair 0.0010 170 118 203 148
chair 0.0010 92 282 128 308
sofa 0.1555 156 22 493 212
sofa 0.0804 5 57 488 276
sofa 0.0757 0 191 97 300
sofa 0.0364 107 -2 320 183
sofa 0.0116 269 32 477 266
sofa 0.0100 57 6 231 148
sofa 0.0085 66 149 497 324
sofa 0.0079 468 186 499 305
sofa 0.0073 27 -15 342 247
sofa 0.0063 136 46 346 257
sofa 0.0060 167 129 487 265
sofa 0.0042 4 137 106 259
sofa 0.0038 206 11 440 155
sofa 0.0025 291 135 492 314
sofa 0.0021 308 135 482 235
sofa 0.0018 175 71 412 163
sofa 0.0017 39 111 312 281
sofa 0.0014 437 182 501 308
sofa 0.0013 282 119 475 197
sofa 0.0010 102 -2 390 107
diningtable 0.2562 66 149 497 324
diningtable 0.0493 -3 89 428 301
diningtable 0.0275 26 127 175 197
diningtable 0.0205 82 132 410 269
diningtable 0.0196 0 191 97 300
diningtable 0.0141 34 211 472 303
diningtable 0.0102 17 106 187 285
diningtable 0.0072 259 120 480 265
diningtable 0.0065 231 226 440 292
diningtable 0.0063 252 253 462 309
diningtable 0.0049 256 205 415 275
diningtable 0.0039 42 159 319 309
diningtable 0.0030 102 253 247 310
diningtable 0.0025 92 223 311 297
diningtable 0.0024 223 200 346 269
diningtable 0.0021 454 183 497 306
diningtable 0.0021 124 241 374 305
diningtable 0.0020 290 283 433 313
diningtable 0.0018 4 137 106 259
diningtable 0.0017 277 168 398 250
diningtable 0.0013 20 3 479 233
diningtable 0.0012 109 194 306 272
