person 0.0097 481 159 500 313
person 0.0069 480 53 500 230
person 0.0018 483 188 499 234
person 0.0013 487 148 499 215
person 0.0010 230 0 252 22
car 0.0120 460 1 492 16
car 0.0031 241 1 282 16
car 0.0030 160 0 211 16
car 0.0014 201 0 235 17
car 0.0013 114 2 165 17
car 0.0011 473 9 499 26
car 0.0010 363 1 425 13
aeroplane 0.0146 460 1 492 16
boat 0.0309 460 1 492 16
boat 0.0086 473 9 499 26
boat 0.0035 98 2 157 17
boat 0.0027 461 7 494 24
boat 0.0018 374 1 449 13
boat 0.0013 419 0 488 15
boat 0.0012 241 1 282 16
boat 0.0011 57 1 117 15
boat 0.0011 74 2 137 17
boat 0.0010 92 9 161 22
bird 0.1089 200 100 308 231
bird 0.0461 484 177 499 221
bird 0.0159 481 160 500 275
bird 0.0028 201 119 251 173
bird 0.0024 483 112 500 243
bird 0.0022 280 107 302 140
bird 0.0012 487 148 499 215
cat 0.0058 203 113 308 234
cat 0.0014 201 119 251 173
dog 0.9530 206 112 309 236
dog 0.0273 201 119 251 173
dog 0.0040 481 160 500 275
dog 0.0025 483 188 499 234
dog 0.0017 232 185 353 237
horse 0.0014 484 177 499 221
horse 0.0013 481 159 500 313
horse 0.0011 203 113 308 234
sheep 0.0115 483 188 499 234
sheep 0.0034 481 159 500 313
cow 0.0114 484 177 499 221
cow 0.0038 481 160 500 275
cow 0.0018 483 112 500 243
