person 0.0090 0 333 19 377
person 0.0074 286 116 379 226
person 0.0037 193 101 451 259
person 0.0017 0 166 25 383
person 0.0017 363 117 464 238
person 0.0010 97 102 200 209
car 0.0010 67 102 497 357
bird 0.0088 3 69 60 161
cat 0.0087 97 102 200 209
cat 0.0048 365 118 466 239
cat 0.0011 3 69 60 161
cat 0.0010 289 110 380 221
dog 0.0323 365 118 466 239
dog 0.0088 97 102 200 209
bottle 0.1575 37 146 64 205
bottle 0.0113 35 139 62 171
bottle 0.0055 3 69 60 161
bottle 0.0032 1 145 55 207
bottle 0.0031 40 169 62 208
bottle 0.0018 4 143 49 170
bottle 0.0015 11 164 46 199
bottle 0.0011 0 333 19 377
chair 0.0102 3 69 60 161
chair 0.0092 67 102 497 357
chair 0.0050 1 145 55 207
chair 0.0048 0 166 25 383
chair 0.0047 14 310 244 370
chair 0.0019 0 280 22 376
chair 0.0016 0 136 56 377
chair 0.0014 -1 136 31 218
chair 0.0013 0 4 70 145
chair 0.0013 0 36 105 341
chair 0.0012 0 107 65 211
sofa 0.9580 -17 106 446 347
sofa 0.0088 -4 181 366 323
sofa 0.0046 76 98 429 220
sofa 0.0041 129 136 495 380
sofa 0.0040 0 203 21 383
sofa 0.0027 0 36 105 341
sofa 0.0023 -29 210 452 378
sofa 0.0017 71 60 501 269
pottedplant 0.0049 0 145 58 309
pottedplant 0.0023 37 146 64 205
pottedplant 0.0017 3 69 60 161
pottedplant 0.0014 -1 161 30 309
pottedplant 0.0011 0 36 105 341
diningtable 0.0034 71 212 489 380
