person 0.1665 0 1 62 244
person 0.0129 -1 -12 100 315
person 0.0091 5 39 47 208
person 0.0027 -1 142 29 250
person 0.0024 0 -12 31 256
person 0.0023 26 71 61 177
person 0.0020 0 169 20 344
person 0.0016 2 92 50 254
person 0.0015 0 1 52 78
person 0.0013 0 57 54 379
person 0.0010 -3 -19 426 392
bicycle 0.0015 -1 2 57 371
car 0.1946 -3 -19 426 392
car 0.0305 37 3 458 235
car 0.0016 -3 -10 107 251
car 0.0011 227 4 497 208
car 0.0011 433 107 500 334
car 0.0010 365 11 500 278
motorbike 0.3456 32 -16 545 391
motorbike 0.0188 37 3 458 235
motorbike 0.0075 10 127 421 382
motorbike 0.0023 128 165 443 349
motorbike 0.0020 0 197 54 344
motorbike 0.0019 -1 2 57 371
motorbike 0.0012 -1 -38 298 410
bus 0.0223 37 3 458 235
bus 0.0068 -3 -19 426 392
train 0.0125 -3 -19 426 392
train 0.0077 53 -9 529 247
bottle 0.0010 0 262 16 320
chair 0.0016 0 197 54 344
chair 0.0012 0 169 20 344
chair 0.0012 359 313 505 369
