person 0.4483 225 26 409 200
person 0.2756 98 131 157 186
person 0.2610 182 130 208 165
person 0.2034 179 131 232 194
person 0.1201 97 132 123 165
person 0.0872 85 123 176 201
person 0.0714 205 138 232 183
person 0.0529 205 131 235 165
person 0.0481 126 131 163 165
person 0.0382 100 129 143 166
person 0.0146 144 132 172 161
person 0.0140 125 124 222 202
person 0.0131 193 123 237 177
person 0.0130 127 137 156 184
person 0.0081 188 140 225 179
person 0.0077 132 133 189 194
person 0.0072 109 136 144 180
person 0.0064 225 25 350 153
person 0.0053 162 109 249 206
person 0.0042 84 135 131 185
person 0.0029 53 133 157 192
person 0.0027 124 131 168 233
person 0.0021 145 145 177 182
person 0.0021 132 140 226 269
person 0.0017 189 229 215 264
person 0.0016 193 133 235 229
person 0.0016 287 71 385 221
person 0.0011 106 124 141 143
person 0.0010 68 187 97 227
person 0.0010 193 240 222 275
person 0.0010 259 66 456 255
car 0.0037 -1 182 55 195
car 0.0025 205 131 235 165
car 0.0022 182 130 208 165
car 0.0017 205 138 232 183
bus 0.0010 439 170 500 290
boat 0.0015 -1 182 55 195
bird 0.0020 151 257 170 293
horse 0.9456 53 143 230 291
horse 0.9010 221 93 453 309
horse 0.0897 119 134 286 307
horse 0.0804 150 146 241 294
horse 0.0236 57 141 153 260
horse 0.0159 442 206 499 277
horse 0.0091 216 148 291 300
horse 0.0090 98 131 157 186
horse 0.0051 97 132 123 165
horse 0.0050 68 187 97 227
horse 0.0049 50 142 122 189
horse 0.0047 162 105 347 303
horse 0.0030 399 167 499 291
horse 0.0028 205 138 232 183
horse 0.0028 84 135 131 185
horse 0.0024 5 170 101 238
horse 0.0021 57 175 109 236
horse 0.0019 139 135 231 235
horse 0.0019 212 33 388 262
horse 0.0019 91 129 188 244
horse 0.0019 179 131 232 194
horse 0.0016 75 196 98 240
horse 0.0016 31 67 394 325
horse 0.0016 56 133 148 203
horse 0.0014 109 136 144 180
horse 0.0013 226 233 336 307
horse 0.0012 44 186 95 232
horse 0.0012 100 129 143 166
horse 0.0011 225 160 264 290
horse 0.0010 182 130 208 165
horse 0.0010 474 226 500 259
