person 0.4734 340 175 363 229
person 0.4714 196 197 234 269
person 0.0659 388 179 411 223
person 0.0097 421 182 443 218
person 0.0074 398 181 423 223
person 0.0068 228 214 290 264
person 0.0057 435 178 452 214
person 0.0054 389 172 413 196
person 0.0053 343 173 364 196
person 0.0026 243 218 281 257
person 0.0018 328 171 361 238
person 0.0014 333 196 354 239
person 0.0013 229 223 261 251
car 0.0025 238 212 331 265
car 0.0018 228 214 290 264
motorbike 0.0034 238 212 331 265
motorbike 0.0010 338 188 365 235
bird 0.0026 32 235 65 270
horse 0.6796 383 192 412 232
horse 0.4226 354 198 387 230
horse 0.3240 421 182 443 218
horse 0.2862 338 188 365 235
horse 0.2508 398 193 424 229
horse 0.0393 343 194 397 234
horse 0.0358 388 179 411 223
horse 0.0252 435 178 452 214
horse 0.0196 388 176 435 228
horse 0.0174 228 214 290 264
horse 0.0174 196 197 234 269
horse 0.0104 395 170 418 196
horse 0.0079 414 196 442 223
horse 0.0054 238 212 331 265
horse 0.0041 32 235 65 270
horse 0.0028 403 176 455 224
horse 0.0024 281 211 340 259
horse 0.0023 349 175 461 226
horse 0.0015 333 196 354 239
horse 0.0011 229 223 261 251
horse 0.0011 330 189 422 237
sheep 0.0038 32 235 65 270
sheep 0.0027 72 226 186 276
sheep 0.0015 435 178 452 214
sheep 0.0015 228 214 290 264
sheep 0.0015 196 197 234 269
sheep 0.0013 266 212 336 262
cow 0.7756 72 226 186 276
cow 0.4012 196 197 234 269
cow 0.1766 32 230 105 276
cow 0.1238 238 212 331 265
cow 0.1161 354 198 387 230
cow 0.1157 60 226 113 253
cow 0.0782 383 192 412 232
cow 0.0758 59 255 102 281
cow 0.0657 421 182 443 218
cow 0.0556 398 193 424 229
cow 0.0524 62 240 107 273
cow 0.0496 32 235 65 270
cow 0.0448 228 214 290 264
cow 0.0442 435 178 452 214
cow 0.0410 41 227 96 255
cow 0.0358 338 188 365 235
cow 0.0320 81 226 116 247
cow 0.0190 229 223 261 251
cow 0.0103 100 258 144 281
cow 0.0095 281 211 340 259
cow 0.0094 343 194 397 234
cow 0.0074 62 232 141 278
cow 0.0057 414 196 442 223
cow 0.0054 205 202 309 269
cow 0.0045 384 188 436 232
cow 0.0041 320 214 342 253
cow 0.0036 33 216 173 268
cow 0.0035 82 237 124 271
cow 0.0033 55 248 116 286
cow 0.0018 182 196 258 269
cow 0.0016 336 219 372 243
cow 0.0016 57 208 86 234
cow 0.0015 195 201 222 226
cow 0.0013 34 231 70 255
cow 0.0012 180 246 218 271
cow 0.0012 121 257 169 278
cow 0.0011 70 212 97 234
cow 0.0011 243 218 281 257
chair 0.0014 338 188 365 235
