person 0.1841 -32 16 410 480
person 0.0137 -3 66 234 503
person 0.0088 130 85 381 486
person 0.0017 165 0 298 92
person 0.0016 -15 213 387 508
person 0.0010 224 -1 317 98
bird 0.0034 -32 16 410 480
cat 0.2533 -42 -24 418 445
cat 0.0507 -3 66 234 503
cat 0.0471 -15 213 387 508
cat 0.0241 130 85 381 486
cat 0.0061 -23 24 407 259
cat 0.0041 -25 386 321 493
cat 0.0036 89 -1 354 120
cat 0.0033 -5 307 244 497
cat 0.0015 165 0 298 92
cat 0.0012 9 19 361 164
cat 0.0011 91 307 359 500
dog 0.1174 -42 -24 418 445
dog 0.0143 128 39 378 460
dog 0.0045 -3 66 234 503
dog 0.0021 -30 284 401 506
dog 0.0012 4 94 161 338
cow 0.0013 59 40 381 460
chair 0.0062 -42 -24 418 445
chair 0.0017 294 403 370 500
chair 0.0015 -3 66 234 503
chair 0.0011 -30 284 401 506
sofa 0.0493 -29 35 405 537
sofa 0.0054 -30 284 401 506
sofa 0.0019 -3 66 234 503
sofa 0.0013 130 85 381 486
diningtable 0.0147 -29 35 405 537
