person 0.0035 411 72 452 92
person 0.0020 409 78 450 105
car 0.8038 246 166 325 209
car 0.1274 411 72 452 92
car 0.0037 405 74 436 94
car 0.0015 409 78 450 105
car 0.0011 400 84 433 106
motorbike 0.0028 411 72 452 92
aeroplane 0.0013 450 15 497 36
bus 0.1466 411 72 452 92
bus 0.0056 405 74 436 94
bus 0.0043 401 61 498 101
bus 0.0037 252 166 326 210
bus 0.0014 452 69 498 97
bus 0.0011 366 73 502 115
train 0.0024 20 8 475 248
train 0.0015 411 72 452 92
train 0.0011 69 42 506 136
bottle 0.0023 154 65 175 95
pottedplant 0.0038 154 65 175 95
pottedplant 0.0032 411 72 452 92
