person 0.0109 38 3 155 75
person 0.0043 120 155 242 242
person 0.0028 10 36 359 342
person 0.0022 0 0 15 128
person 0.0015 110 155 333 277
person 0.0012 116 45 157 90
cat 0.0207 225 179 333 279
cat 0.0112 116 45 157 90
cat 0.0048 148 166 326 266
cat 0.0045 208 161 266 225
cat 0.0026 151 150 281 219
dog 0.8049 110 155 333 277
dog 0.3278 225 179 333 279
dog 0.1661 142 155 283 244
dog 0.0132 208 161 266 225
dog 0.0025 -10 36 431 336
dog 0.0014 25 173 402 351
dog 0.0012 116 45 157 90
dog 0.0011 38 3 155 75
bottle 0.0022 0 9 14 192
chair 0.0299 16 67 482 378
chair 0.0225 0 141 28 252
chair 0.0102 0 131 41 380
chair 0.0094 296 5 325 74
chair 0.0091 116 45 157 90
chair 0.0074 232 4 291 78
chair 0.0071 0 69 28 288
chair 0.0035 0 0 15 128
chair 0.0029 1 68 110 387
chair 0.0018 0 16 16 221
chair 0.0012 0 165 21 231
sofa 0.3072 16 67 482 378
sofa 0.0083 316 8 503 285
sofa 0.0015 25 173 402 351
sofa 0.0013 -1 141 34 369
sofa 0.0012 1 68 110 387
sofa 0.0011 12 -10 405 250
sofa 0.0010 0 141 28 252
