person 0.0306 -29 28 457 389
person 0.0115 -2 53 138 341
person 0.0064 -1 15 192 233
person 0.0023 275 -6 450 183
person 0.0011 -12 -5 199 121
person 0.0011 0 -5 113 103
cat 0.3653 48 101 464 383
cat 0.0096 205 -8 516 405
cat 0.0022 375 7 496 238
cat 0.0018 -2 53 138 341
cat 0.0013 -1 15 192 233
cat 0.0012 11 224 494 399
cat 0.0012 14 117 331 298
dog 0.2202 73 97 508 393
dog 0.0162 -5 38 195 290
dog 0.0121 -3 45 368 375
dog 0.0056 2 47 341 199
dog 0.0036 24 85 227 241
dog 0.0012 -1 6 189 179
horse 0.0020 69 17 505 392
cow 0.0012 73 97 508 393
bottle 0.0030 275 -6 450 183
chair 0.0129 69 17 505 392
chair 0.0017 11 224 494 399
sofa 0.0586 69 17 505 392
sofa 0.0133 -39 158 474 386
sofa 0.0074 12 11 325 156
sofa 0.0052 -3 268 505 419
sofa 0.0029 -4 0 429 261
sofa 0.0019 -1 6 189 179
sofa 0.0012 37 236 319 409
diningtable 0.0055 -39 158 474 386
diningtable 0.0016 69 17 505 392
