person 0.6309 363 -1 435 124
person 0.0296 361 -2 398 121
person 0.0253 115 140 147 169
person 0.0199 382 0 434 80
person 0.0149 112 124 142 160
person 0.0142 384 -3 488 126
person 0.0115 369 20 450 169
person 0.0102 51 152 85 236
person 0.0097 62 155 82 198
person 0.0093 365 0 428 52
person 0.0087 52 169 73 222
person 0.0059 100 113 148 168
person 0.0058 56 73 417 314
person 0.0054 78 139 98 174
person 0.0039 348 19 479 225
person 0.0037 363 0 391 42
person 0.0036 71 108 96 157
person 0.0028 61 132 101 216
person 0.0026 367 34 416 121
person 0.0022 379 1 415 43
person 0.0019 123 125 158 159
person 0.0018 330 12 419 148
person 0.0014 55 113 87 203
person 0.0014 51 112 116 272
person 0.0013 391 0 428 41
person 0.0013 114 116 172 166
person 0.0012 67 110 83 157
person 0.0012 63 138 84 179
person 0.0012 394 0 428 19
person 0.0010 182 83 253 103
car 0.6490 67 81 384 307
car 0.0030 70 103 104 174
car 0.0030 51 152 85 236
car 0.0025 177 76 232 96
car 0.0015 71 108 96 157
car 0.0010 182 83 253 103
car 0.0010 51 112 116 272
motorbike 0.0045 56 73 417 314
bus 0.0175 67 81 384 307
bottle 0.0018 52 169 73 222
pottedplant 0.0016 281 1 379 107
pottedplant 0.0013 377 18 497 303
