person 0.0020 -10 74 343 499
car 0.0020 -10 74 343 499
bird 0.0084 -8 16 292 414
bird 0.0067 96 374 137 439
bird 0.0031 22 453 75 500
bird 0.0011 4 446 103 499
cat 0.7578 -13 23 337 411
cat 0.0022 96 374 137 439
cat 0.0021 -9 148 282 481
cat 0.0016 193 41 320 165
cat 0.0015 22 346 149 452
cat 0.0014 0 35 325 238
dog 0.0414 -10 74 343 499
horse 0.0020 -10 74 343 499
sheep 0.0708 0 95 275 475
sheep 0.0212 22 346 149 452
sheep 0.0142 0 343 63 443
sheep 0.0029 -1 282 185 456
sheep 0.0026 96 374 137 439
sheep 0.0021 0 368 59 495
sheep 0.0012 51 379 105 437
cow 0.0047 -1 331 181 486
cow 0.0045 1 392 102 496
cow 0.0032 0 342 61 481
cow 0.0030 4 446 103 499
cow 0.0024 41 451 227 498
cow 0.0020 8 414 158 490
cow 0.0018 6 374 268 498
cow 0.0010 0 95 275 475
chair 0.0256 -10 74 343 499
chair 0.0184 237 247 335 400
chair 0.0020 170 257 329 470
chair 0.0018 -2 474 25 500
chair 0.0017 42 451 295 499
sofa 0.0180 -6 50 335 449
sofa 0.0040 224 236 337 423
sofa 0.0014 27 313 313 490
pottedplant 0.0402 27 313 313 490
pottedplant 0.0320 317 352 344 394
pottedplant 0.0213 222 403 344 500
pottedplant 0.0203 224 236 337 423
pottedplant 0.0124 165 314 336 496
pottedplant 0.0053 236 356 338 463
pottedplant 0.0049 78 377 338 500
pottedplant 0.0030 299 344 343 401
pottedplant 0.0030 183 439 337 500
pottedplant 0.0027 281 426 344 481
pottedplant 0.0025 196 316 291 421
pottedplant 0.0024 -11 204 346 509
pottedplant 0.0021 282 309 344 430
pottedplant 0.0016 278 391 345 435
pottedplant 0.0016 278 392 343 497
pottedplant 0.0010 291 472 341 500
diningtable 0.0012 7 376 343 502
diningtable 0.0012 86 447 314 500
diningtable 0.0010 -10 74 343 499
