person 0.7239 -1 -20 110 388
person 0.4937 365 57 503 374
person 0.4547 367 -1 434 124
person 0.4260 271 19 321 106
person 0.4057 299 15 336 104
person 0.2314 387 -3 502 133
person 0.1667 88 -24 411 399
person 0.1502 410 3 501 86
person 0.1260 240 7 332 115
person 0.1030 301 20 329 66
person 0.0986 151 10 364 209
person 0.0732 0 219 57 370
person 0.0732 167 42 204 106
person 0.0661 282 25 306 64
person 0.0659 130 49 166 102
person 0.0446 65 307 202 371
person 0.0419 329 4 409 128
person 0.0314 0 291 25 372
person 0.0303 281 9 365 122
person 0.0203 134 43 161 82
person 0.0185 346 -6 487 222
person 0.0175 171 59 200 100
person 0.0172 0 45 65 390
person 0.0161 263 57 285 98
person 0.0154 0 205 23 377
person 0.0132 390 6 433 76
person 0.0124 73 305 139 369
person 0.0119 173 37 197 92
person 0.0114 271 -13 526 393
person 0.0107 207 45 226 81
person 0.0096 3 288 112 371
person 0.0093 0 -48 207 424
person 0.0085 189 25 380 345
person 0.0080 261 47 306 108
person 0.0078 252 324 312 373
person 0.0078 136 32 179 102
person 0.0063 308 39 334 79
person 0.0060 107 136 151 159
person 0.0060 0 188 49 322
person 0.0057 151 35 173 85
person 0.0054 125 17 209 115
person 0.0045 309 60 336 104
person 0.0044 24 264 178 366
person 0.0043 270 20 295 60
person 0.0042 0 73 27 240
person 0.0040 265 57 366 140
person 0.0040 -3 219 122 371
person 0.0033 281 34 311 80
person 0.0031 485 283 499 375
person 0.0030 0 -1 28 119
person 0.0030 225 159 406 362
person 0.0028 433 48 500 391
person 0.0027 -1 190 35 274
person 0.0027 304 89 338 115
person 0.0027 135 27 157 70
person 0.0027 372 49 421 142
person 0.0025 115 309 241 372
person 0.0024 488 318 499 374
person 0.0024 225 315 335 369
person 0.0023 483 91 500 300
person 0.0022 480 199 499 386
person 0.0022 -1 157 32 244
person 0.0021 227 311 427 371
person 0.0020 98 82 185 146
person 0.0019 389 56 498 185
person 0.0017 0 2 105 136
person 0.0017 69 152 264 363
person 0.0016 260 10 305 82
person 0.0016 278 60 322 103
person 0.0015 5 289 54 374
person 0.0015 56 224 225 370
person 0.0013 0 160 27 205
person 0.0013 205 43 241 113
person 0.0012 130 8 163 83
person 0.0012 284 -2 455 154
person 0.0012 267 62 330 123
person 0.0012 366 41 452 183
person 0.0011 194 40 329 116
person 0.0011 294 65 341 125
person 0.0011 95 14 187 125
person 0.0011 476 115 499 355
person 0.0010 0 11 21 192
person 0.0010 315 11 342 107
person 0.0010 430 -7 501 221
bicycle 0.0171 146 303 261 371
bicycle 0.0154 28 163 409 351
bicycle 0.0051 154 290 328 373
bicycle 0.0046 74 226 352 369
bicycle 0.0029 121 267 286 364
bicycle 0.0020 63 297 221 371
bicycle 0.0018 201 292 236 374
bicycle 0.0011 59 150 223 366
car 0.0012 28 163 409 351
motorbike 0.0102 28 163 409 351
motorbike 0.0020 154 290 328 373
motorbike 0.0016 74 226 352 369
bus 0.0011 28 163 409 351
boat 0.0060 28 163 409 351
bird 0.0020 90 258 115 278
horse 0.0133 46 81 394 376
bottle 0.0606 369 187 414 316
bottle 0.0133 382 187 405 239
bottle 0.0105 355 180 390 332
bottle 0.0098 375 180 408 253
bottle 0.0089 108 137 153 162
bottle 0.0075 0 246 25 375
bottle 0.0058 375 240 414 269
bottle 0.0051 0 196 44 265
bottle 0.0040 210 82 231 189
bottle 0.0035 370 236 390 273
bottle 0.0020 490 294 499 377
bottle 0.0018 167 42 204 106
bottle 0.0013 338 182 411 330
bottle 0.0012 0 207 28 250
bottle 0.0012 377 217 409 254
chair 0.0228 107 136 151 159
chair 0.0219 131 63 164 102
chair 0.0093 225 159 406 362
chair 0.0074 335 111 381 141
chair 0.0064 171 59 200 100
chair 0.0062 98 82 185 146
chair 0.0060 59 150 223 366
chair 0.0057 113 78 217 135
chair 0.0052 340 61 490 374
chair 0.0051 167 42 204 106
chair 0.0049 490 294 499 377
chair 0.0037 0 160 27 205
chair 0.0037 387 -3 502 133
chair 0.0037 483 236 499 386
chair 0.0036 78 158 348 362
chair 0.0033 144 322 213 373
chair 0.0032 100 103 187 130
chair 0.0031 128 84 163 107
chair 0.0028 59 -21 379 407
chair 0.0024 77 92 490 364
chair 0.0019 -1 157 32 244
chair 0.0017 132 46 184 105
chair 0.0017 0 246 25 375
chair 0.0015 329 4 409 128
chair 0.0015 156 99 354 180
chair 0.0015 100 118 176 162
chair 0.0013 0 191 42 251
chair 0.0013 65 307 202 371
chair 0.0013 95 83 126 113
chair 0.0013 161 114 216 168
chair 0.0013 1 237 63 379
chair 0.0011 263 57 285 98
chair 0.0011 145 76 364 151
chair 0.0010 132 117 193 164
chair 0.0010 309 60 336 104
chair 0.0010 73 314 142 374
sofa 0.0137 77 92 490 364
sofa 0.0029 340 61 490 374
sofa 0.0018 217 100 414 368
sofa 0.0010 0 246 25 375
diningtable 0.0046 28 163 409 351
diningtable 0.0019 145 76 364 151
