person 0.0167 121 58 172 129
person 0.0029 113 57 132 87
person 0.0018 130 52 165 74
person 0.0015 190 102 210 146
person 0.0014 0 95 23 259
bicycle 0.9768 24 144 245 278
bicycle 0.9380 232 129 472 269
bicycle 0.0112 213 106 384 254
bicycle 0.0098 359 136 470 259
bicycle 0.0051 81 98 493 293
bicycle 0.0041 399 118 479 222
bicycle 0.0030 151 149 245 248
bicycle 0.0020 11 144 94 267
bicycle 0.0017 94 120 313 278
bicycle 0.0014 453 125 495 264
bicycle 0.0013 404 148 469 207
bicycle 0.0012 381 184 473 273
motorbike 0.0058 24 144 245 278
motorbike 0.0036 222 123 459 272
bird 0.0187 112 55 132 78
bird 0.0030 375 143 405 178
bird 0.0021 368 129 409 182
bird 0.0018 130 52 165 74
cat 0.0030 375 143 405 178
cat 0.0016 368 129 409 182
cat 0.0014 14 159 253 293
dog 0.0576 0 169 24 258
dog 0.0175 0 155 50 278
dog 0.0018 0 170 19 226
dog 0.0015 0 205 19 252
dog 0.0014 112 55 132 78
horse 0.0034 0 169 24 258
horse 0.0011 0 155 50 278
sheep 0.0045 0 169 24 258
sheep 0.0011 0 155 50 278
cow 0.0026 0 169 24 258
cow 0.0018 0 155 50 278
bottle 0.0030 318 172 347 212
bottle 0.0027 299 175 331 215
bottle 0.0021 341 199 370 229
bottle 0.0020 339 177 371 212
bottle 0.0018 108 200 141 233
pottedplant 0.0019 375 143 405 178
pottedplant 0.0018 188 109 211 154
pottedplant 0.0014 224 108 247 140
pottedplant 0.0012 368 129 409 182
pottedplant 0.0012 197 105 249 168
pottedplant 0.0011 184 101 220 167
