person 0.1733 178 179 196 207
person 0.0054 184 178 207 210
person 0.0044 213 159 260 189
person 0.0038 208 162 243 192
person 0.0027 246 152 277 187
person 0.0026 260 145 288 175
person 0.0024 17 111 402 292
person 0.0020 258 222 291 258
person 0.0020 179 161 199 205
person 0.0020 296 225 348 278
person 0.0013 188 160 208 201
person 0.0013 320 246 352 272
person 0.0013 144 184 183 212
person 0.0011 206 148 272 192
aeroplane 0.8222 42 134 381 275
aeroplane 0.0186 72 101 482 307
aeroplane 0.0020 347 140 390 200
aeroplane 0.0015 31 175 291 257
aeroplane 0.0012 220 129 409 285
aeroplane 0.0011 107 147 340 236
chair 0.0069 320 246 352 272
chair 0.0019 42 134 381 275
