person 0.0808 11 -14 403 305
person 0.0440 332 -10 496 292
person 0.0047 135 9 359 275
person 0.0043 -18 150 448 362
person 0.0027 159 -31 488 265
person 0.0024 62 0 278 267
person 0.0019 -2 260 439 359
person 0.0015 1 9 174 268
person 0.0013 0 174 182 353
person 0.0010 471 43 500 264
bicycle 0.0017 79 -3 496 296
car 0.0032 108 -41 470 269
boat 0.0027 24 222 479 365
cat 0.0437 -2 260 439 359
cat 0.0091 11 -14 403 305
cat 0.0027 -18 150 448 362
dog 0.5507 231 83 398 276
dog 0.0276 -16 66 443 366
dog 0.0166 138 -3 509 298
dog 0.0083 -1 264 488 359
dog 0.0013 240 97 354 214
horse 0.0128 11 -14 403 305
horse 0.0059 -1 264 488 359
horse 0.0037 21 153 482 355
sheep 0.0050 -1 264 488 359
sheep 0.0043 231 83 398 276
sheep 0.0022 21 153 482 355
sheep 0.0018 80 54 495 301
cow 0.0781 11 -14 403 305
cow 0.0126 -1 264 488 359
cow 0.0093 21 153 482 355
cow 0.0089 135 9 359 275
cow 0.0057 231 83 398 276
cow 0.0019 159 -31 488 265
chair 0.0275 -24 8 446 343
chair 0.0092 -2 260 439 359
chair 0.0090 138 -3 509 298
chair 0.0021 199 -1 453 212
chair 0.0015 226 58 409 258
sofa 0.1258 -24 8 446 343
sofa 0.0199 -2 260 439 359
sofa 0.0057 138 -3 509 298
sofa 0.0046 21 153 482 355
sofa 0.0017 -1 228 191 361
sofa 0.0016 0 258 116 355
