person 0.0110 180 188 196 235
person 0.0071 304 120 325 151
person 0.0053 176 174 196 217
person 0.0022 16 170 44 215
person 0.0022 185 170 204 216
person 0.0018 2 151 58 225
person 0.0016 185 194 206 236
person 0.0014 25 176 62 206
person 0.0014 307 100 329 140
person 0.0012 84 175 115 209
bicycle 0.0010 0 195 22 227
car 0.0120 0 195 22 227
car 0.0077 20 186 79 227
car 0.0014 2 151 58 225
car 0.0014 25 176 62 206
car 0.0013 176 174 196 217
bus 0.0188 65 164 192 220
bus 0.0149 2 151 58 225
bus 0.0070 109 167 185 214
bus 0.0058 115 185 173 209
bus 0.0023 16 167 79 225
bus 0.0020 114 166 171 189
bus 0.0014 151 166 187 196
bus 0.0012 93 169 159 187
train 0.4611 67 164 189 219
train 0.4088 176 75 500 255
train 0.3686 0 144 70 231
train 0.1842 16 167 79 225
train 0.0671 10 71 422 265
train 0.0117 1 157 131 227
train 0.0102 73 165 138 215
train 0.0097 25 176 62 206
train 0.0088 72 175 104 204
train 0.0061 80 168 118 191
train 0.0050 15 115 338 234
train 0.0045 26 164 62 198
train 0.0045 84 144 245 213
train 0.0045 136 93 378 249
train 0.0044 84 175 115 209
train 0.0042 14 158 47 199
train 0.0042 0 151 25 227
train 0.0040 16 170 44 215
train 0.0035 101 183 154 210
train 0.0032 133 129 303 227
train 0.0031 449 199 501 219
train 0.0029 57 184 195 232
train 0.0029 0 175 18 224
train 0.0024 45 184 88 208
train 0.0023 93 169 159 187
train 0.0023 355 202 508 265
train 0.0021 0 195 22 227
train 0.0016 350 64 506 256
train 0.0013 0 148 16 206
train 0.0012 114 166 171 189
train 0.0012 1 171 56 244
train 0.0010 108 161 183 205
train 0.0010 -9 144 209 256
boat 0.0054 3 145 64 217
boat 0.0022 0 238 54 262
boat 0.0013 449 199 501 219
