person 0.0041 262 309 332 336
person 0.0039 349 132 370 157
person 0.0036 307 232 326 262
person 0.0022 356 129 379 156
person 0.0018 399 163 422 195
car 0.3025 259 301 365 337
car 0.2168 435 159 466 188
car 0.1407 12 168 76 195
car 0.0774 22 180 73 197
car 0.0582 46 179 77 198
car 0.0354 444 160 489 191
car 0.0323 411 189 449 207
car 0.0291 262 309 332 336
car 0.0282 395 147 425 170
car 0.0199 276 306 350 330
car 0.0163 372 150 407 170
car 0.0100 370 116 416 130
car 0.0088 482 135 499 172
car 0.0072 0 168 24 195
car 0.0039 452 144 490 175
car 0.0033 259 306 305 332
car 0.0032 434 153 496 199
car 0.0029 428 180 474 206
car 0.0020 399 163 422 195
car 0.0015 452 318 496 333
car 0.0015 1 179 25 198
car 0.0013 434 315 474 332
car 0.0013 431 205 473 229
car 0.0011 422 162 450 193
car 0.0011 450 123 488 151
car 0.0010 398 112 428 131
car 0.0010 452 175 492 208
aeroplane 0.0050 259 301 365 337
bus 0.1914 12 168 76 195
bus 0.0889 435 159 466 188
bus 0.0191 444 160 489 191
bus 0.0173 259 301 365 337
bus 0.0141 0 168 24 195
bus 0.0128 395 147 425 170
bus 0.0114 434 153 496 199
bus 0.0110 432 124 483 190
bus 0.0068 482 135 499 172
bus 0.0068 452 144 490 175
bus 0.0062 372 150 407 170
bus 0.0054 411 189 449 207
bus 0.0043 46 169 77 196
bus 0.0035 433 120 472 147
bus 0.0034 450 123 488 151
bus 0.0030 433 145 465 182
bus 0.0027 2 149 58 166
bus 0.0023 328 208 467 284
bus 0.0015 443 166 500 221
bus 0.0014 370 116 416 130
bus 0.0012 480 168 499 220
bus 0.0010 16 153 72 167
train 0.1164 259 301 365 337
train 0.0139 372 150 407 170
train 0.0063 245 290 484 339
train 0.0058 328 208 467 284
train 0.0049 224 171 490 321
train 0.0041 395 147 425 170
train 0.0031 334 136 473 205
train 0.0025 407 134 499 206
train 0.0021 246 166 484 236
train 0.0021 274 142 441 199
train 0.0020 337 178 471 237
train 0.0018 399 167 502 237
train 0.0016 296 210 502 336
train 0.0015 12 168 76 195
train 0.0014 435 159 466 188
train 0.0013 411 189 449 207
train 0.0011 276 306 350 330
