person 0.0064 321 124 413 270
person 0.0044 -41 33 463 382
person 0.0016 475 309 499 397
person 0.0015 0 93 124 389
person 0.0012 77 139 494 408
car 0.0034 -41 33 463 382
motorbike 0.0022 94 102 470 379
boat 0.0013 33 208 467 415
bird 0.0068 321 124 413 270
bird 0.0030 124 135 388 320
bird 0.0015 278 128 376 260
bird 0.0011 475 309 499 397
cat 0.4075 116 118 435 306
cat 0.0031 -41 33 463 382
dog 0.0205 116 118 435 306
dog 0.0055 -41 33 463 382
dog 0.0033 73 210 504 416
sheep 0.0020 126 122 391 313
chair 0.0216 49 50 466 372
chair 0.0011 475 309 499 397
sofa 0.0382 -41 33 463 382
diningtable 0.0150 49 50 466 372
diningtable 0.0017 73 210 504 416
