person 0.0156 151 53 486 379
person 0.0071 488 295 500 365
person 0.0059 483 285 499 339
person 0.0036 435 257 498 368
person 0.0028 478 271 499 362
person 0.0026 37 3 398 391
person 0.0022 66 256 176 372
person 0.0017 482 30 500 248
person 0.0016 -2 8 57 357
person 0.0016 480 274 499 316
person 0.0015 480 152 500 318
person 0.0010 0 226 23 364
car 0.0082 480 274 499 316
car 0.0065 483 285 499 339
car 0.0035 478 271 499 362
car 0.0031 435 257 498 368
car 0.0026 11 177 104 286
car 0.0020 447 261 499 324
car 0.0020 488 295 500 365
car 0.0019 3 208 95 318
car 0.0016 122 62 452 369
car 0.0011 -7 99 131 352
motorbike 0.0011 44 48 395 383
bird 0.0847 128 28 453 373
bird 0.0415 66 256 176 372
cat 0.0291 122 62 452 369
dog 0.7098 122 62 452 369
horse 0.0993 92 60 416 374
horse 0.0067 420 260 498 372
horse 0.0032 66 256 176 372
sheep 0.0114 128 28 453 373
cow 0.0061 92 60 416 374
chair 0.0043 435 257 498 368
chair 0.0033 480 274 499 316
chair 0.0023 447 261 499 324
chair 0.0015 473 249 499 340
chair 0.0014 436 237 497 265
chair 0.0010 429 223 501 332
chair 0.0010 483 285 499 339
sofa 0.0079 122 62 452 369
tvmonitor 0.0014 482 30 500 248
