person 0.0755 -10 49 356 337
person 0.0017 72 0 491 330
person 0.0011 242 122 407 296
car 0.0027 250 160 403 300
car 0.0012 -10 49 356 337
car 0.0011 109 163 401 323
motorbike 0.0017 21 13 468 319
boat 0.0010 250 160 403 300
bird 0.0597 242 122 407 296
bird 0.0028 21 13 468 319
cat 0.0382 21 13 468 319
dog 0.6530 -2 33 351 314
dog 0.0041 72 0 491 330
horse 0.0102 -10 49 356 337
sheep 0.0019 -2 33 351 314
cow 0.0141 -10 49 356 337
bottle 0.0010 242 122 407 296
chair 0.0059 21 13 468 319
sofa 0.0534 -4 19 416 319
