car 0.0012 343 45 403 86
chair 0.9228 265 72 402 326
chair 0.8678 281 28 344 90
chair 0.8336 96 65 247 289
chair 0.7235 118 30 196 78
chair 0.2921 341 51 405 101
chair 0.1302 208 21 274 107
chair 0.0732 269 30 368 123
chair 0.0721 98 7 193 96
chair 0.0339 97 65 187 183
chair 0.0253 133 26 416 312
chair 0.0240 82 7 207 190
chair 0.0197 2 68 105 183
chair 0.0179 -1 57 53 188
chair 0.0167 313 43 410 122
chair 0.0139 55 93 108 146
chair 0.0138 63 22 129 164
chair 0.0109 121 30 218 131
chair 0.0091 289 35 388 154
chair 0.0081 81 -1 128 115
chair 0.0069 107 47 317 224
chair 0.0061 179 66 381 170
chair 0.0061 345 0 401 79
chair 0.0060 57 60 105 137
chair 0.0056 304 38 355 158
chair 0.0055 22 3 160 188
chair 0.0048 335 19 413 106
chair 0.0045 309 68 406 175
chair 0.0039 286 29 344 58
chair 0.0038 186 35 297 115
chair 0.0038 217 25 338 99
chair 0.0033 343 45 437 113
chair 0.0032 88 78 134 199
chair 0.0029 0 105 48 208
chair 0.0028 43 80 131 192
chair 0.0027 280 9 394 84
chair 0.0026 274 18 330 76
chair 0.0025 84 83 172 224
chair 0.0021 244 42 352 152
chair 0.0017 256 6 302 72
chair 0.0017 101 109 140 198
chair 0.0016 106 84 219 201
chair 0.0016 63 60 99 99
chair 0.0015 237 21 418 172
chair 0.0014 138 141 230 283
chair 0.0014 17 56 163 273
chair 0.0013 271 41 297 76
chair 0.0012 209 63 234 89
chair 0.0011 95 45 150 159
chair 0.0011 149 134 350 329
chair 0.0010 8 103 112 216
chair 0.0010 329 37 397 86
chair 0.0010 246 63 267 90
sofa 0.0040 -1 57 53 188
pottedplant 0.4655 208 33 268 101
pottedplant 0.0036 201 2 276 93
pottedplant 0.0029 207 47 237 79
pottedplant 0.0018 204 24 309 108
diningtable 0.5010 142 41 369 206
diningtable 0.2175 107 31 397 315
diningtable 0.0385 186 35 297 115
diningtable 0.0235 313 43 410 122
diningtable 0.0222 152 80 365 161
diningtable 0.0101 289 35 388 154
diningtable 0.0085 269 30 368 123
diningtable 0.0081 344 53 402 82
diningtable 0.0077 309 68 406 175
diningtable 0.0070 122 61 276 325
diningtable 0.0063 208 21 274 107
diningtable 0.0058 244 42 352 152
diningtable 0.0044 149 134 350 329
diningtable 0.0025 166 73 313 126
diningtable 0.0013 237 21 418 172
diningtable 0.0012 343 45 437 113
tvmonitor 0.0928 0 72 45 162
tvmonitor 0.0015 -3 36 61 170
tvmonitor 0.0012 0 19 19 68
tvmonitor 0.0011 0 1 44 74
tvmonitor 0.0010 4 -2 104 99
