person 0.0017 235 151 261 176
bicycle 0.4069 4 165 206 279
bicycle 0.0531 -8 118 321 267
bicycle 0.0179 0 222 48 275
bicycle 0.0043 56 221 244 275
bicycle 0.0031 9 -4 304 284
bicycle 0.0011 -3 209 85 277
car 0.0486 21 167 231 278
car 0.0179 41 136 112 185
car 0.0170 -1 190 51 275
car 0.0060 -5 119 268 269
car 0.0021 0 159 16 274
car 0.0013 -3 209 85 277
motorbike 0.0900 4 165 206 279
motorbike 0.0058 0 45 313 287
motorbike 0.0014 0 222 48 275
aeroplane 0.0014 60 60 360 277
bus 0.0141 0 45 313 287
train 0.0016 9 -2 307 228
boat 0.0014 9 -4 304 284
bird 0.1614 43 135 112 183
cat 0.0014 43 135 112 183
dog 0.0041 41 136 112 185
horse 0.0023 43 135 112 183
sheep 0.2230 43 135 112 183
cow 0.0316 43 135 112 183
bottle 0.0011 213 242 232 277
chair 0.0031 259 139 296 178
chair 0.0014 19 137 191 270
chair 0.0012 41 136 112 185
tvmonitor 0.0013 0 19 42 70
