person 0.0154 30 29 466 359
person 0.0098 207 4 246 89
person 0.0065 169 1 233 44
person 0.0034 6 215 496 364
person 0.0033 168 2 225 90
person 0.0030 212 3 240 42
person 0.0019 0 14 25 72
person 0.0019 170 6 205 41
person 0.0015 222 0 249 38
person 0.0013 0 254 23 367
person 0.0012 200 1 248 49
person 0.0012 155 152 478 376
person 0.0011 241 1 281 86
cat 0.1917 194 84 455 279
cat 0.1398 67 158 504 369
cat 0.0178 224 74 429 147
cat 0.0058 73 124 349 321
cat 0.0039 157 22 478 349
cat 0.0017 314 70 478 290
cat 0.0016 382 42 505 319
cat 0.0014 301 88 416 145
cat 0.0013 21 231 407 370
cat 0.0012 118 164 324 276
cat 0.0011 170 6 205 41
cat 0.0011 169 1 233 44
dog 0.4089 67 158 504 369
dog 0.0090 194 84 455 279
dog 0.0017 73 124 349 321
dog 0.0013 382 42 505 319
dog 0.0012 157 22 478 349
cow 0.0071 67 158 504 369
chair 0.0542 169 2 239 95
chair 0.0345 207 4 246 89
chair 0.0249 165 5 208 90
chair 0.0065 77 70 496 384
chair 0.0049 388 39 498 272
chair 0.0048 152 -1 223 122
chair 0.0035 169 1 233 44
chair 0.0029 205 73 312 139
chair 0.0027 148 4 175 89
chair 0.0025 14 157 419 367
chair 0.0025 161 35 205 125
chair 0.0023 170 6 205 41
chair 0.0022 0 254 23 367
chair 0.0022 147 4 174 34
chair 0.0020 212 3 240 42
chair 0.0020 241 1 281 86
chair 0.0012 166 8 477 302
chair 0.0011 200 1 248 49
chair 0.0011 13 0 160 195
chair 0.0010 213 23 241 62
chair 0.0010 201 4 292 85
sofa 0.1262 10 71 491 382
sofa 0.0277 382 42 505 319
sofa 0.0124 155 152 478 376
sofa 0.0068 169 2 239 95
sofa 0.0057 6 215 496 364
sofa 0.0049 196 72 455 246
sofa 0.0041 185 3 524 364
sofa 0.0037 4 167 121 373
sofa 0.0011 169 1 233 44
sofa 0.0011 207 4 246 89
pottedplant 0.0119 170 6 205 41
pottedplant 0.0043 169 1 233 44
pottedplant 0.0016 207 4 246 89
diningtable 0.0079 162 31 213 51
diningtable 0.0021 1 216 97 373
diningtable 0.0021 159 14 212 105
diningtable 0.0012 0 254 23 367
tvmonitor 0.3259 0 5 30 87
tvmonitor 0.0198 0 0 69 95
tvmonitor 0.0058 0 43 27 81
tvmonitor 0.0031 0 62 25 93
tvmonitor 0.0019 0 30 27 168
tvmonitor 0.0015 0 17 44 141
tvmonitor 0.0012 1 -1 132 199
tvmonitor 0.0011 4 11 78 154
tvmonitor 0.0010 0 51 61 166
