person 0.9355 353 85 427 223
person 0.9351 129 108 446 361
person 0.8808 178 93 251 217
person 0.3356 392 94 478 212
person 0.2067 283 87 312 119
person 0.1453 89 123 111 156
person 0.0790 390 133 484 253
person 0.0702 195 89 286 208
person 0.0552 361 111 464 241
person 0.0355 72 125 112 147
person 0.0340 359 88 417 161
person 0.0328 136 97 283 356
person 0.0276 413 95 456 179
person 0.0194 110 95 253 272
person 0.0177 235 78 312 202
person 0.0168 237 115 276 200
person 0.0156 277 97 314 127
person 0.0114 254 84 306 150
person 0.0101 417 96 439 147
person 0.0099 159 83 328 223
person 0.0079 81 124 123 184
person 0.0070 270 89 315 141
person 0.0069 224 113 264 197
person 0.0065 249 98 302 183
person 0.0062 343 124 414 238
person 0.0060 262 96 288 135
person 0.0054 92 102 110 149
person 0.0053 416 115 441 157
person 0.0052 306 96 409 222
person 0.0049 70 120 111 240
person 0.0043 265 84 296 126
person 0.0036 27 124 141 239
person 0.0035 78 157 119 243
person 0.0035 0 160 21 202
person 0.0033 472 155 499 245
person 0.0031 354 142 409 215
person 0.0031 56 99 76 139
person 0.0031 34 130 103 151
person 0.0029 68 121 112 166
person 0.0029 187 90 246 157
person 0.0029 321 98 353 130
person 0.0028 289 91 340 115
person 0.0028 37 99 57 142
person 0.0027 290 99 346 126
person 0.0026 220 90 258 158
person 0.0025 401 111 421 162
person 0.0025 337 100 370 215
person 0.0025 17 147 96 248
person 0.0025 394 101 431 170
person 0.0023 240 151 263 201
person 0.0021 181 106 236 178
person 0.0021 20 355 74 374
person 0.0021 481 160 500 202
person 0.0020 88 142 125 168
person 0.0020 205 118 315 232
person 0.0019 -1 268 121 366
person 0.0019 187 145 244 209
person 0.0018 19 136 101 181
person 0.0017 277 72 317 97
person 0.0016 223 94 245 143
person 0.0015 5 0 419 304
person 0.0014 0 114 24 204
person 0.0014 480 99 500 217
person 0.0013 166 109 413 260
person 0.0013 486 130 500 185
person 0.0013 388 123 410 161
person 0.0013 315 91 352 119
person 0.0013 200 78 304 167
person 0.0012 386 99 412 140
person 0.0012 438 140 500 262
person 0.0011 70 106 98 142
person 0.0010 103 132 145 157
person 0.0010 135 103 235 211
person 0.0010 0 139 19 180
person 0.0010 264 120 297 156
car 0.0093 0 160 21 202
car 0.0058 0 136 24 220
car 0.0049 0 139 19 180
car 0.0036 7 124 107 190
car 0.0027 72 125 112 147
car 0.0024 1 111 18 169
car 0.0023 186 133 383 229
car 0.0023 89 123 111 156
car 0.0017 27 125 62 150
car 0.0014 20 120 41 162
car 0.0010 0 95 22 186
train 0.0020 100 112 418 356
boat 0.0013 129 108 446 361
cat 0.0013 181 327 311 369
horse 0.0020 129 108 446 361
bottle 0.0114 116 341 141 374
bottle 0.0078 56 271 78 309
bottle 0.0060 52 287 124 372
bottle 0.0028 401 111 421 162
bottle 0.0026 381 141 406 170
bottle 0.0024 52 278 88 351
bottle 0.0013 102 293 142 369
bottle 0.0012 20 355 74 374
bottle 0.0011 388 123 410 161
bottle 0.0011 110 325 144 376
chair 0.8184 17 147 96 248
chair 0.2597 449 153 498 245
chair 0.2051 384 191 445 251
chair 0.1807 385 148 478 248
chair 0.1214 79 174 117 249
chair 0.1142 354 176 405 243
chair 0.1065 175 109 255 235
chair 0.0974 87 148 169 235
chair 0.0857 0 154 25 243
chair 0.0642 468 171 500 259
chair 0.0591 178 134 233 213
chair 0.0585 72 125 112 147
chair 0.0507 101 149 153 208
chair 0.0430 130 242 217 359
chair 0.0408 37 165 88 259
chair 0.0374 0 160 21 202
chair 0.0373 89 123 111 156
chair 0.0335 434 153 473 240
chair 0.0316 9 139 46 258
chair 0.0284 241 137 423 227
chair 0.0262 401 111 421 162
chair 0.0246 0 114 24 204
chair 0.0238 347 119 439 242
chair 0.0222 478 173 499 217
chair 0.0218 20 176 50 254
chair 0.0180 88 142 125 168
chair 0.0167 172 133 194 174
chair 0.0167 169 129 200 218
chair 0.0164 31 139 149 244
chair 0.0156 19 136 101 181
chair 0.0154 98 147 148 168
chair 0.0145 98 185 157 244
chair 0.0142 141 136 185 217
chair 0.0131 481 160 500 202
chair 0.0129 123 158 165 197
chair 0.0121 353 176 405 208
chair 0.0117 389 162 443 238
chair 0.0112 34 130 103 151
chair 0.0110 86 123 431 377
chair 0.0102 41 271 128 367
chair 0.0100 24 170 66 261
chair 0.0097 0 192 20 242
chair 0.0096 153 130 180 176
chair 0.0093 125 145 155 172
chair 0.0086 -1 286 72 372
chair 0.0079 126 176 162 212
chair 0.0079 452 190 499 271
chair 0.0077 329 169 428 253
chair 0.0076 188 166 245 219
chair 0.0073 360 192 395 237
chair 0.0073 477 195 500 236
chair 0.0071 96 156 120 195
chair 0.0070 157 256 208 338
chair 0.0067 0 139 19 180
chair 0.0067 354 142 409 215
chair 0.0062 148 174 177 223
chair 0.0059 27 125 62 150
chair 0.0058 477 131 500 227
chair 0.0056 167 178 195 216
chair 0.0052 62 138 113 168
chair 0.0052 437 157 467 193
chair 0.0051 81 124 123 184
chair 0.0050 388 123 410 161
chair 0.0050 456 159 492 196
chair 0.0050 157 164 202 227
chair 0.0047 197 124 299 231
chair 0.0045 109 175 144 211
chair 0.0042 381 141 406 170
chair 0.0042 394 101 431 170
chair 0.0040 123 132 230 233
chair 0.0040 394 142 424 169
chair 0.0036 99 135 149 184
chair 0.0035 353 170 404 191
chair 0.0032 377 100 495 269
chair 0.0031 349 178 371 217
chair 0.0030 416 115 441 157
chair 0.0030 240 151 263 201
chair 0.0030 439 173 469 219
chair 0.0029 120 169 251 362
chair 0.0029 486 130 500 185
chair 0.0029 472 192 499 315
chair 0.0028 103 132 145 157
chair 0.0028 137 164 189 191
chair 0.0027 20 120 41 162
chair 0.0026 388 201 439 233
chair 0.0025 315 297 357 371
chair 0.0025 70 106 98 142
chair 0.0024 98 220 327 375
chair 0.0023 183 131 216 176
chair 0.0022 452 122 498 197
chair 0.0022 340 134 375 218
chair 0.0021 181 161 229 190
chair 0.0021 477 213 500 251
chair 0.0021 257 164 410 258
chair 0.0021 87 174 114 219
chair 0.0020 364 146 393 176
chair 0.0020 0 175 21 291
chair 0.0020 14 138 40 173
chair 0.0020 85 281 129 346
chair 0.0020 187 175 219 213
sofa 0.0098 118 125 452 374
sofa 0.0081 -1 286 72 372
sofa 0.0059 -1 268 121 366
sofa 0.0024 -9 214 444 383
sofa 0.0012 0 154 25 243
sofa 0.0010 438 140 500 262
pottedplant 0.0068 0 160 21 202
pottedplant 0.0018 89 123 111 156
pottedplant 0.0015 0 136 24 220
pottedplant 0.0014 1 289 114 372
diningtable 0.2967 98 147 148 168
diningtable 0.2268 353 170 404 191
diningtable 0.1000 101 149 153 208
diningtable 0.0684 87 148 169 235
diningtable 0.0674 353 168 408 233
diningtable 0.0656 88 142 125 168
diningtable 0.0492 241 137 423 227
diningtable 0.0415 16 133 108 185
diningtable 0.0397 17 147 96 248
diningtable 0.0370 355 97 425 248
diningtable 0.0348 31 139 149 244
diningtable 0.0307 381 141 406 170
diningtable 0.0271 353 176 405 208
diningtable 0.0241 354 142 409 215
diningtable 0.0233 394 142 424 169
diningtable 0.0225 92 306 269 372
diningtable 0.0220 89 123 111 156
diningtable 0.0203 52 287 124 372
diningtable 0.0196 371 156 462 243
diningtable 0.0180 34 130 103 151
diningtable 0.0171 352 178 440 250
diningtable 0.0124 35 293 226 371
diningtable 0.0121 197 163 240 184
diningtable 0.0121 72 125 112 147
diningtable 0.0107 18 141 106 167
diningtable 0.0088 0 160 21 202
diningtable 0.0087 99 135 149 184
diningtable 0.0071 137 164 189 191
diningtable 0.0069 123 158 165 197
diningtable 0.0068 0 154 25 243
diningtable 0.0068 44 126 148 185
diningtable 0.0066 123 132 230 233
diningtable 0.0061 390 133 484 253
diningtable 0.0059 393 159 428 193
diningtable 0.0059 62 138 113 168
diningtable 0.0057 3 117 122 167
diningtable 0.0054 364 91 463 225
diningtable 0.0052 364 146 393 176
diningtable 0.0051 79 131 121 222
diningtable 0.0050 103 132 145 157
diningtable 0.0048 99 343 322 383
diningtable 0.0048 481 160 500 202
diningtable 0.0044 140 164 185 225
diningtable 0.0042 282 102 385 220
diningtable 0.0038 388 148 445 203
diningtable 0.0036 96 156 120 195
diningtable 0.0034 59 289 359 379
diningtable 0.0034 449 153 498 245
diningtable 0.0031 -3 293 73 371
diningtable 0.0029 -1 268 121 366
diningtable 0.0029 126 324 314 371
diningtable 0.0027 125 145 155 172
diningtable 0.0026 0 139 19 180
diningtable 0.0026 478 173 499 217
diningtable 0.0026 116 341 141 374
diningtable 0.0023 384 191 445 251
diningtable 0.0022 27 125 62 150
diningtable 0.0020 20 176 50 254
diningtable 0.0018 388 125 438 189
diningtable 0.0017 304 149 406 240
diningtable 0.0016 9 139 46 258
diningtable 0.0015 153 130 180 176
diningtable 0.0015 14 138 40 173
diningtable 0.0014 -9 214 444 383
diningtable 0.0013 175 111 243 233
diningtable 0.0011 22 161 73 188
diningtable 0.0011 0 192 20 242
diningtable 0.0011 0 114 24 204
diningtable 0.0011 81 121 121 166
diningtable 0.0010 30 123 101 165
diningtable 0.0010 98 221 267 373
diningtable 0.0010 79 174 117 249
diningtable 0.0010 66 125 114 183
diningtable 0.0010 80 125 176 194
tvmonitor 0.0016 401 111 421 162
