person 0.8012 56 350 100 440
person 0.1098 70 386 128 439
person 0.0619 85 409 124 444
person 0.0235 76 407 129 459
person 0.0139 97 394 128 437
person 0.0113 50 366 134 463
person 0.0044 97 383 128 410
person 0.0041 56 388 76 433
person 0.0030 90 364 130 431
person 0.0026 65 372 92 415
person 0.0025 61 389 93 435
person 0.0022 53 330 124 431
person 0.0020 81 380 121 414
person 0.0019 82 355 109 391
person 0.0018 72 353 95 395
person 0.0017 91 129 296 436
person 0.0013 74 347 121 412
person 0.0012 74 348 97 373
person 0.0010 59 436 139 463
car 0.0045 279 308 307 335
car 0.0031 46 304 76 326
car 0.0018 297 306 325 333
car 0.0015 8 304 43 328
aeroplane 0.0065 55 49 289 443
boat 0.7745 33 430 136 465
boat 0.0207 39 403 143 470
boat 0.0183 74 55 280 438
boat 0.0068 53 354 123 453
boat 0.0019 41 423 285 466
boat 0.0018 91 377 327 422
boat 0.0011 242 168 328 416
boat 0.0010 278 340 310 363
bird 0.0012 173 147 203 184
dog 0.0061 70 386 128 439
dog 0.0051 85 409 124 444
pottedplant 0.0155 173 147 203 184
pottedplant 0.0054 167 143 214 197
