person 0.0023 276 86 303 118
person 0.0016 313 88 340 121
person 0.0012 196 475 234 499
person 0.0011 183 104 208 152
train 0.0114 21 -11 356 371
train 0.0080 174 76 300 167
train 0.0018 171 14 368 175
train 0.0017 109 3 265 351
train 0.0010 88 36 289 238
bird 0.0032 2 237 89 360
bird 0.0018 1 242 58 316
bird 0.0017 161 282 233 390
bird 0.0011 276 86 303 118
cat 0.0069 161 282 233 390
cat 0.0012 69 9 385 416
chair 0.0010 196 475 234 499
pottedplant 0.6008 226 422 321 495
pottedplant 0.5700 322 386 376 485
pottedplant 0.0397 295 445 366 499
pottedplant 0.0312 266 310 359 418
pottedplant 0.0300 260 350 352 452
pottedplant 0.0237 222 370 381 502
pottedplant 0.0234 257 429 366 501
pottedplant 0.0207 290 397 374 504
pottedplant 0.0176 307 439 331 474
pottedplant 0.0170 184 318 356 496
pottedplant 0.0131 268 425 309 491
pottedplant 0.0131 165 97 377 401
pottedplant 0.0100 295 263 372 476
pottedplant 0.0070 322 335 374 408
pottedplant 0.0058 286 348 345 400
pottedplant 0.0042 312 328 377 467
pottedplant 0.0041 284 427 340 487
pottedplant 0.0030 295 443 325 490
pottedplant 0.0027 220 343 321 460
pottedplant 0.0026 306 339 355 446
pottedplant 0.0024 242 228 365 422
pottedplant 0.0023 166 404 291 498
pottedplant 0.0023 272 392 322 469
pottedplant 0.0020 9 446 131 498
pottedplant 0.0017 287 364 338 421
pottedplant 0.0016 10 401 120 496
pottedplant 0.0016 298 326 365 393
pottedplant 0.0012 108 406 199 494
pottedplant 0.0012 301 375 331 406
pottedplant 0.0012 206 312 332 422
pottedplant 0.0010 284 381 334 447
pottedplant 0.0010 107 375 345 501
pottedplant 0.0010 263 342 324 406
pottedplant 0.0010 147 419 195 479
pottedplant 0.0010 99 443 254 502
pottedplant 0.0010 292 359 335 389
diningtable 0.0023 222 428 321 499
