person 0.9637 70 90 212 310
person 0.7864 7 130 53 187
person 0.7740 199 293 323 371
person 0.7430 356 129 430 247
person 0.5862 300 228 407 374
person 0.5169 52 120 96 182
person 0.4131 436 109 496 178
person 0.1158 287 213 374 325
person 0.1012 345 138 444 296
person 0.0720 312 202 413 323
person 0.0630 0 134 17 188
person 0.0566 1 139 48 290
person 0.0563 25 149 119 236
person 0.0519 318 193 365 241
person 0.0440 66 120 98 165
person 0.0428 479 204 500 298
person 0.0383 0 117 24 283
person 0.0336 100 83 144 146
person 0.0318 2 138 93 256
person 0.0302 54 131 83 178
person 0.0245 475 143 499 179
person 0.0239 5 131 110 332
person 0.0215 277 243 322 296
person 0.0212 462 133 486 176
person 0.0208 57 114 125 204
person 0.0200 333 178 420 286
person 0.0198 109 83 139 122
person 0.0170 269 185 376 278
person 0.0159 0 144 31 361
person 0.0108 133 284 376 373
person 0.0108 391 140 500 239
person 0.0102 362 227 413 281
person 0.0096 265 245 378 375
person 0.0090 470 123 500 192
person 0.0090 202 352 228 375
person 0.0081 74 82 171 193
person 0.0081 473 246 500 333
person 0.0078 482 232 499 286
person 0.0071 478 253 499 289
person 0.0069 107 165 128 188
person 0.0068 482 290 501 376
person 0.0058 31 145 57 182
person 0.0056 385 125 439 190
person 0.0054 363 128 416 193
person 0.0052 323 170 475 358
person 0.0052 41 173 147 283
person 0.0049 438 138 462 180
person 0.0048 279 258 311 294
person 0.0046 477 157 500 192
person 0.0046 42 130 98 220
person 0.0046 229 276 349 358
person 0.0045 0 95 22 186
person 0.0043 66 141 187 252
person 0.0041 241 352 274 374
person 0.0040 476 173 501 260
person 0.0039 479 122 498 168
person 0.0035 470 162 501 227
person 0.0034 83 95 131 185
person 0.0033 380 115 490 200
person 0.0032 33 129 161 322
person 0.0031 438 117 468 164
person 0.0031 438 222 501 283
person 0.0031 97 74 230 163
person 0.0030 276 290 319 370
person 0.0030 473 187 501 215
person 0.0029 482 196 500 231
person 0.0028 366 262 417 324
person 0.0028 180 237 405 375
person 0.0026 310 72 345 164
person 0.0025 0 103 63 198
person 0.0024 107 120 142 193
person 0.0024 -3 93 64 302
person 0.0024 389 173 442 225
person 0.0023 363 254 393 328
person 0.0023 131 283 260 371
person 0.0023 484 212 499 250
person 0.0023 425 167 511 292
person 0.0021 341 263 442 362
person 0.0021 12 128 44 163
person 0.0019 291 301 342 371
person 0.0019 327 295 501 375
person 0.0019 -1 291 33 374
person 0.0019 117 105 222 197
person 0.0019 404 171 434 190
person 0.0018 282 218 345 297
person 0.0018 445 256 482 279
person 0.0016 48 122 153 232
person 0.0016 113 85 165 149
person 0.0015 178 284 228 369
person 0.0015 429 117 502 229
person 0.0015 74 137 131 217
person 0.0015 446 139 492 211
person 0.0015 221 323 363 373
person 0.0014 162 326 329 371
person 0.0014 364 243 420 303
person 0.0014 95 118 120 153
person 0.0014 382 294 414 323
person 0.0013 284 276 312 301
person 0.0013 271 260 459 389
person 0.0013 485 338 500 376
train 0.0021 -7 17 431 286
bottle 0.1266 440 181 461 213
bottle 0.0650 456 184 481 215
bottle 0.0466 482 196 500 231
bottle 0.0270 107 165 128 188
bottle 0.0270 32 155 58 189
bottle 0.0214 212 148 254 177
bottle 0.0199 462 133 486 176
bottle 0.0134 485 338 500 376
bottle 0.0127 14 166 43 195
bottle 0.0114 436 164 461 196
bottle 0.0086 473 187 501 215
bottle 0.0075 0 329 27 372
bottle 0.0064 461 201 489 222
bottle 0.0054 438 138 462 180
bottle 0.0043 454 171 484 192
bottle 0.0041 -1 291 33 374
bottle 0.0039 477 157 500 192
bottle 0.0038 0 144 14 199
bottle 0.0035 92 170 124 190
bottle 0.0035 422 169 445 194
bottle 0.0030 484 212 499 250
bottle 0.0029 434 209 469 229
bottle 0.0029 420 182 448 211
bottle 0.0028 475 143 499 179
bottle 0.0022 482 290 501 376
bottle 0.0017 476 173 501 260
bottle 0.0017 415 258 439 278
bottle 0.0016 439 258 479 276
bottle 0.0013 434 142 474 211
bottle 0.0012 484 291 501 326
bottle 0.0011 36 186 71 203
bottle 0.0011 304 332 336 375
bottle 0.0011 212 157 243 181
bottle 0.0010 320 323 347 374
bottle 0.0010 478 253 499 289
bottle 0.0010 1 306 25 361
chair 0.2505 91 197 167 314
chair 0.1908 8 255 100 373
chair 0.1034 310 320 351 375
chair 0.0737 279 258 311 294
chair 0.0729 10 190 99 338
chair 0.0634 0 134 17 188
chair 0.0567 478 253 499 289
chair 0.0348 479 204 500 298
chair 0.0328 304 332 336 375
chair 0.0305 108 288 228 371
chair 0.0298 0 241 61 381
chair 0.0284 291 234 392 377
chair 0.0256 0 166 52 355
chair 0.0219 462 133 486 176
chair 0.0213 13 201 76 276
chair 0.0203 277 243 322 296
chair 0.0185 482 232 499 286
chair 0.0168 7 189 49 284
chair 0.0160 445 256 482 279
chair 0.0142 284 276 312 301
chair 0.0123 218 289 334 373
chair 0.0122 104 227 149 311
chair 0.0122 475 143 499 179
chair 0.0116 31 145 57 182
chair 0.0112 0 293 46 372
chair 0.0112 199 180 243 254
chair 0.0111 94 184 144 282
chair 0.0103 404 171 434 190
chair 0.0101 291 301 342 371
chair 0.0092 209 153 247 178
chair 0.0091 54 131 83 178
chair 0.0088 202 352 228 375
chair 0.0086 0 140 30 326
chair 0.0085 438 222 501 283
chair 0.0081 412 266 485 314
chair 0.0061 50 259 218 359
chair 0.0061 182 281 226 352
chair 0.0059 75 161 184 295
chair 0.0058 334 355 379 376
chair 0.0057 324 321 376 375
chair 0.0057 368 253 392 291
chair 0.0055 3 169 107 282
chair 0.0054 52 191 149 311
chair 0.0053 255 290 379 371
chair 0.0050 228 194 297 242
chair 0.0047 484 212 499 250
chair 0.0046 367 266 389 314
chair 0.0037 438 138 462 180
chair 0.0037 0 329 27 372
chair 0.0037 0 256 54 330
chair 0.0036 10 133 46 181
chair 0.0036 183 173 214 253
chair 0.0035 201 288 233 369
chair 0.0032 14 265 72 321
chair 0.0030 420 146 447 178
chair 0.0030 -1 215 32 373
chair 0.0029 324 317 347 358
chair 0.0029 260 283 304 305
chair 0.0028 321 196 363 237
chair 0.0028 233 286 289 306
chair 0.0027 332 333 365 370
chair 0.0026 203 212 232 254
chair 0.0026 202 204 233 233
chair 0.0026 473 246 500 333
chair 0.0025 362 227 413 281
chair 0.0025 363 254 393 328
chair 0.0024 385 209 503 304
chair 0.0024 302 320 408 377
chair 0.0023 422 169 445 194
chair 0.0023 14 179 40 200
chair 0.0021 202 180 307 256
chair 0.0021 441 218 493 239
chair 0.0020 436 116 495 190
chair 0.0020 363 242 396 274
chair 0.0020 190 212 211 252
chair 0.0019 253 154 307 168
chair 0.0019 0 111 21 241
chair 0.0017 31 178 241 344
chair 0.0017 362 221 391 249
chair 0.0017 1 172 18 215
chair 0.0017 438 202 502 328
chair 0.0016 66 104 210 316
chair 0.0016 0 250 23 301
chair 0.0016 120 150 213 289
chair 0.0016 309 313 335 358
chair 0.0015 1 345 23 378
chair 0.0015 104 199 217 313
chair 0.0015 393 257 428 277
chair 0.0015 473 187 501 215
chair 0.0014 14 166 43 195
chair 0.0014 477 157 500 192
chair 0.0014 210 286 229 336
chair 0.0014 482 196 500 231
chair 0.0013 377 252 414 282
chair 0.0012 21 292 65 365
chair 0.0012 366 262 417 324
chair 0.0012 383 287 416 313
chair 0.0012 454 171 484 192
chair 0.0011 4 279 194 375
chair 0.0011 486 347 500 379
sofa 0.0060 478 253 499 289
sofa 0.0058 108 288 228 371
sofa 0.0032 302 234 405 378
sofa 0.0028 479 204 500 298
sofa 0.0026 412 266 485 314
sofa 0.0024 8 255 100 373
sofa 0.0021 8 191 89 354
sofa 0.0020 -1 291 33 374
sofa 0.0018 46 265 207 365
sofa 0.0018 0 140 30 326
sofa 0.0012 482 232 499 286
pottedplant 0.0332 -1 291 33 374
pottedplant 0.0101 0 329 27 372
pottedplant 0.0075 0 241 61 381
pottedplant 0.0021 4 273 93 375
pottedplant 0.0019 1 306 25 361
pottedplant 0.0015 300 168 361 186
pottedplant 0.0012 473 187 501 215
pottedplant 0.0011 482 196 500 231
pottedplant 0.0011 318 193 365 241
pottedplant 0.0010 456 184 481 215
pottedplant 0.0010 305 75 341 169
diningtable 0.7100 385 190 500 264
diningtable 0.2541 385 209 503 304
diningtable 0.2381 36 152 131 236
diningtable 0.2289 367 300 508 374
diningtable 0.1777 66 104 210 316
diningtable 0.1318 41 173 147 283
diningtable 0.1263 391 140 500 239
diningtable 0.1028 368 179 503 352
diningtable 0.0844 387 257 501 340
diningtable 0.0798 298 214 510 379
diningtable 0.0754 3 169 107 282
diningtable 0.0467 44 183 133 202
diningtable 0.0376 35 183 93 203
diningtable 0.0351 46 136 223 245
diningtable 0.0287 33 129 161 322
diningtable 0.0283 206 166 359 234
diningtable 0.0260 10 190 99 338
diningtable 0.0212 202 180 307 256
diningtable 0.0153 191 159 372 201
diningtable 0.0148 108 288 228 371
diningtable 0.0142 351 130 453 312
diningtable 0.0101 75 161 184 295
diningtable 0.0081 14 179 40 200
diningtable 0.0077 324 286 467 375
diningtable 0.0070 31 178 241 344
diningtable 0.0064 69 167 100 190
diningtable 0.0062 169 155 402 284
diningtable 0.0060 412 266 485 314
diningtable 0.0052 50 170 88 191
diningtable 0.0052 14 166 43 195
diningtable 0.0049 2 139 97 217
diningtable 0.0044 13 201 76 276
diningtable 0.0042 110 148 217 276
diningtable 0.0038 473 187 501 215
diningtable 0.0033 399 173 459 219
diningtable 0.0030 8 255 100 373
diningtable 0.0030 264 154 378 224
diningtable 0.0030 484 212 499 250
diningtable 0.0029 81 77 492 371
diningtable 0.0029 269 185 376 278
diningtable 0.0028 78 181 125 206
diningtable 0.0027 425 167 511 292
diningtable 0.0025 2 117 58 352
diningtable 0.0025 374 317 419 375
diningtable 0.0023 32 155 58 189
diningtable 0.0022 397 212 436 231
diningtable 0.0021 482 232 499 286
diningtable 0.0021 423 210 492 262
diningtable 0.0020 46 265 207 365
diningtable 0.0020 441 218 493 239
diningtable 0.0018 45 117 123 196
diningtable 0.0018 107 165 128 188
diningtable 0.0018 124 131 234 224
diningtable 0.0018 91 197 167 314
diningtable 0.0015 232 127 350 187
diningtable 0.0015 17 152 78 235
diningtable 0.0015 271 260 459 389
diningtable 0.0015 148 150 279 240
diningtable 0.0015 92 170 124 190
diningtable 0.0014 404 180 433 211
diningtable 0.0014 438 222 501 283
diningtable 0.0013 26 318 228 374
diningtable 0.0013 118 294 316 373
diningtable 0.0012 477 157 500 192
diningtable 0.0012 454 171 484 192
diningtable 0.0012 479 204 500 298
diningtable 0.0011 381 338 490 387
diningtable 0.0011 434 209 469 229
diningtable 0.0010 75 164 132 228
diningtable 0.0010 485 338 500 376
tvmonitor 0.0227 1 265 102 366
tvmonitor 0.0161 0 130 29 300
tvmonitor 0.0057 0 134 17 188
tvmonitor 0.0054 108 288 228 371
tvmonitor 0.0026 420 108 493 192
tvmonitor 0.0020 50 118 97 175
tvmonitor 0.0015 0 241 61 381
tvmonitor 0.0013 0 83 108 157
tvmonitor 0.0011 0 293 46 372
tvmonitor 0.0010 7 189 49 284
