person 0.9916 205 207 279 369
person 0.9839 365 201 422 335
person 0.9257 161 245 188 304
person 0.8217 12 258 32 290
person 0.7230 474 228 498 295
person 0.4999 40 259 56 289
person 0.2453 441 256 460 289
person 0.1567 427 253 446 290
person 0.0143 205 274 223 322
person 0.0124 207 252 235 330
person 0.0072 248 268 278 358
person 0.0050 115 261 143 282
person 0.0044 403 258 423 288
person 0.0044 254 258 272 295
person 0.0042 188 258 212 280
person 0.0038 243 226 273 322
person 0.0038 166 243 188 280
person 0.0038 250 267 270 314
person 0.0034 362 202 396 312
person 0.0024 111 238 130 280
person 0.0023 129 237 146 284
person 0.0021 469 232 485 278
person 0.0019 250 227 272 281
person 0.0015 480 222 500 257
person 0.0012 288 23 308 57
person 0.0012 161 279 190 304
person 0.0011 365 254 395 335
person 0.0010 190 259 225 318
person 0.0010 263 254 283 282
bicycle 0.0400 475 241 498 296
bicycle 0.0180 188 258 212 280
bicycle 0.0123 441 256 460 289
bicycle 0.0056 427 253 446 290
bicycle 0.0033 163 245 188 299
bicycle 0.0031 115 261 143 282
bicycle 0.0026 476 274 500 297
bicycle 0.0017 364 240 385 283
bicycle 0.0013 403 258 423 288
car 0.1150 188 258 212 280
car 0.0565 163 245 188 299
car 0.0117 115 261 143 282
car 0.0044 475 241 498 296
car 0.0025 441 256 460 289
motorbike 0.0040 475 241 498 296
motorbike 0.0028 441 256 460 289
motorbike 0.0022 188 258 212 280
motorbike 0.0012 115 261 143 282
motorbike 0.0011 361 252 383 283
dog 0.0098 427 253 446 290
dog 0.0035 441 256 460 289
dog 0.0011 205 289 224 328
horse 0.0077 427 253 446 290
horse 0.0035 441 256 460 289
horse 0.0026 288 23 308 57
horse 0.0025 475 241 498 296
sheep 0.0024 427 253 446 290
bottle 0.0015 205 289 224 328
chair 0.0087 475 241 498 296
chair 0.0086 441 256 460 289
chair 0.0072 427 253 446 290
chair 0.0024 163 245 188 299
pottedplant 0.0213 288 23 308 57
pottedplant 0.0127 314 227 333 281
pottedplant 0.0117 188 258 212 280
pottedplant 0.0069 262 232 282 282
pottedplant 0.0033 312 259 335 280
pottedplant 0.0029 241 224 271 289
pottedplant 0.0025 319 261 342 280
pottedplant 0.0020 111 238 130 280
pottedplant 0.0019 208 49 323 87
pottedplant 0.0014 320 236 343 282
pottedplant 0.0011 193 -1 325 71
pottedplant 0.0011 308 212 335 274
pottedplant 0.0010 268 23 289 55
diningtable 0.0016 441 256 460 289
