person 0.0026 0 3 66 128
bicycle 0.0042 200 5 368 215
bicycle 0.0016 301 2 502 233
bicycle 0.0012 51 5 444 234
motorbike 0.0038 65 -3 511 375
bird 0.0259 18 -6 481 376
bird 0.0253 200 5 368 215
bird 0.0045 -25 161 446 368
bird 0.0026 245 35 322 192
cat 0.0066 31 -8 465 306
cat 0.0065 155 3 353 218
dog 0.0018 200 5 368 215
dog 0.0010 18 -6 481 376
horse 0.0027 200 5 368 215
horse 0.0013 18 -6 481 376
chair 0.0018 479 121 500 235
chair 0.0014 400 132 499 249
sofa 0.0010 -16 -8 434 299
pottedplant 0.0589 200 5 368 215
pottedplant 0.0320 -16 -8 434 299
pottedplant 0.0274 6 -1 250 232
pottedplant 0.0163 301 2 502 233
pottedplant 0.0097 132 -7 513 372
pottedplant 0.0081 76 -7 271 168
pottedplant 0.0069 1 24 111 271
pottedplant 0.0022 13 58 111 147
pottedplant 0.0013 245 35 322 192
pottedplant 0.0013 242 21 422 258
pottedplant 0.0013 217 -2 437 157
diningtable 0.0114 65 -3 511 375
tvmonitor 0.0013 31 -8 465 306
