person 0.5065 192 149 385 290
person 0.3908 212 145 359 230
person 0.0628 232 172 365 247
person 0.0467 312 137 409 218
person 0.0319 283 154 383 235
person 0.0133 88 139 129 177
person 0.0115 477 157 500 349
person 0.0110 326 150 388 203
person 0.0086 187 170 318 276
person 0.0084 477 232 500 321
person 0.0059 256 136 379 215
person 0.0047 314 151 397 285
person 0.0044 257 172 338 221
person 0.0041 260 185 328 237
person 0.0041 249 176 309 227
person 0.0030 344 146 403 208
person 0.0027 223 173 288 228
person 0.0015 354 154 394 283
person 0.0013 265 151 337 206
person 0.0011 189 86 398 235
person 0.0010 278 201 319 234
cat 0.0124 477 232 500 321
cat 0.0039 477 157 500 349
dog 0.0284 477 232 500 321
dog 0.0081 477 157 500 349
chair 0.6703 244 114 288 167
chair 0.6299 413 120 476 225
chair 0.5821 300 121 331 157
chair 0.4860 -1 194 61 356
chair 0.2823 268 120 293 166
chair 0.2490 283 123 347 163
chair 0.2334 73 129 164 251
chair 0.2323 283 121 310 161
chair 0.2309 317 124 357 155
chair 0.1943 337 127 411 151
chair 0.1856 183 138 229 211
chair 0.1496 343 127 409 184
chair 0.1409 248 114 274 140
chair 0.1235 452 119 480 163
chair 0.1048 366 124 417 199
chair 0.0896 356 114 401 136
chair 0.0807 242 119 416 178
chair 0.0615 242 115 343 190
chair 0.0536 249 134 281 170
chair 0.0459 447 116 470 156
chair 0.0392 393 126 426 202
chair 0.0381 185 132 246 184
chair 0.0337 475 144 499 326
chair 0.0267 323 120 396 163
chair 0.0250 356 139 391 173
chair 0.0223 394 127 424 151
chair 0.0221 326 111 383 133
chair 0.0185 192 149 385 290
chair 0.0167 360 116 418 162
chair 0.0154 344 146 403 208
chair 0.0150 185 145 221 175
chair 0.0144 185 159 229 186
chair 0.0135 384 150 408 204
chair 0.0129 223 165 261 191
chair 0.0114 273 120 330 185
chair 0.0113 477 232 500 321
chair 0.0111 404 116 468 171
chair 0.0105 429 114 479 168
chair 0.0101 326 135 392 181
chair 0.0100 396 136 426 174
chair 0.0100 378 140 409 174
chair 0.0091 191 138 243 167
chair 0.0083 203 130 242 158
chair 0.0068 181 129 257 229
chair 0.0062 401 155 422 209
chair 0.0058 202 130 303 184
chair 0.0055 204 201 360 298
chair 0.0050 452 115 481 203
chair 0.0049 413 145 459 171
chair 0.0047 221 135 251 169
chair 0.0047 294 138 339 166
chair 0.0044 223 127 257 161
chair 0.0044 229 168 278 196
chair 0.0043 187 170 318 276
chair 0.0042 484 115 498 166
chair 0.0042 53 167 143 266
chair 0.0042 300 128 364 180
chair 0.0041 12 192 104 329
chair 0.0039 337 140 381 170
chair 0.0039 361 154 391 191
chair 0.0039 224 154 289 201
chair 0.0037 312 137 409 218
chair 0.0033 320 112 358 138
chair 0.0033 321 137 355 166
chair 0.0031 326 150 388 203
chair 0.0030 192 149 323 230
chair 0.0024 473 156 498 248
chair 0.0022 339 108 406 148
chair 0.0021 33 176 71 193
chair 0.0020 204 113 271 166
chair 0.0020 412 126 458 157
chair 0.0019 185 128 205 162
chair 0.0019 446 88 489 157
chair 0.0019 448 108 484 140
chair 0.0017 318 175 395 288
chair 0.0017 486 133 500 179
chair 0.0016 257 115 286 139
chair 0.0015 482 165 499 223
chair 0.0015 0 190 29 281
chair 0.0015 314 92 405 153
chair 0.0015 189 186 222 218
chair 0.0014 461 143 495 287
chair 0.0014 181 130 195 182
chair 0.0011 304 116 332 140
chair 0.0010 279 224 396 288
chair 0.0010 264 139 383 228
sofa 0.6502 192 149 385 290
sofa 0.4755 -1 194 61 356
sofa 0.1091 477 157 500 349
sofa 0.0341 477 232 500 321
sofa 0.0208 215 171 346 248
sofa 0.0150 187 170 318 276
sofa 0.0112 242 119 416 178
sofa 0.0089 204 201 360 298
sofa 0.0060 4 173 110 360
sofa 0.0038 410 115 478 213
sofa 0.0031 80 203 494 384
sofa 0.0028 473 156 498 248
sofa 0.0026 192 149 323 230
sofa 0.0024 324 119 418 163
sofa 0.0018 276 153 384 279
sofa 0.0018 9 182 115 278
sofa 0.0018 293 143 413 210
sofa 0.0016 447 109 482 165
sofa 0.0015 0 190 29 281
sofa 0.0013 242 115 343 190
sofa 0.0013 237 139 356 214
sofa 0.0012 483 228 500 287
sofa 0.0011 314 92 405 153
sofa 0.0010 226 187 288 234
sofa 0.0010 283 123 347 163
pottedplant 0.0063 356 114 401 136
pottedplant 0.0033 446 49 490 155
diningtable 0.4172 313 121 413 176
diningtable 0.3234 337 127 411 151
diningtable 0.0818 345 122 432 201
diningtable 0.0518 312 137 409 218
diningtable 0.0417 374 137 418 208
diningtable 0.0253 268 120 293 166
diningtable 0.0202 317 124 357 155
diningtable 0.0197 53 167 143 266
diningtable 0.0176 247 114 277 159
diningtable 0.0172 408 125 478 218
diningtable 0.0160 356 139 391 173
diningtable 0.0159 259 122 378 168
diningtable 0.0149 9 182 115 278
diningtable 0.0121 283 121 310 161
diningtable 0.0120 242 115 343 190
diningtable 0.0120 185 132 246 184
diningtable 0.0102 202 130 303 184
diningtable 0.0100 185 159 229 186
diningtable 0.0094 356 114 401 136
diningtable 0.0093 249 134 281 170
diningtable 0.0091 413 145 459 171
diningtable 0.0084 191 138 243 167
diningtable 0.0076 452 119 480 163
diningtable 0.0076 378 140 409 174
diningtable 0.0073 394 138 428 211
diningtable 0.0066 338 119 438 164
diningtable 0.0065 247 117 300 168
diningtable 0.0061 326 111 383 133
diningtable 0.0054 270 120 331 166
diningtable 0.0053 337 140 381 170
diningtable 0.0050 185 145 221 175
diningtable 0.0050 326 135 392 181
diningtable 0.0049 212 145 359 230
diningtable 0.0048 300 121 331 157
diningtable 0.0048 321 137 355 166
diningtable 0.0043 71 127 149 239
diningtable 0.0039 384 150 408 204
diningtable 0.0038 183 138 229 211
diningtable 0.0037 302 121 368 162
diningtable 0.0034 404 116 468 171
diningtable 0.0029 447 116 470 156
diningtable 0.0028 344 146 403 208
diningtable 0.0026 394 127 424 151
diningtable 0.0023 203 130 242 158
diningtable 0.0023 223 127 257 161
diningtable 0.0022 4 173 110 360
diningtable 0.0022 396 136 426 174
diningtable 0.0021 -1 194 61 356
diningtable 0.0015 294 138 339 166
diningtable 0.0014 361 154 391 191
diningtable 0.0012 181 131 258 221
diningtable 0.0010 326 150 388 203
tvmonitor 0.8642 70 131 139 189
tvmonitor 0.0384 71 127 149 239
tvmonitor 0.0101 88 139 129 177
tvmonitor 0.0022 248 114 274 140
tvmonitor 0.0017 33 176 71 193
