person 0.4246 -3 -18 514 398
person 0.1412 114 149 140 176
person 0.0713 75 144 96 173
person 0.0242 20 212 229 371
person 0.0170 21 138 45 168
person 0.0164 95 146 120 175
person 0.0134 32 139 55 168
person 0.0129 124 144 154 177
person 0.0101 6 226 99 369
person 0.0091 58 146 80 172
person 0.0065 28 241 66 273
person 0.0056 13 240 45 273
person 0.0050 20 61 342 374
person 0.0040 9 230 82 276
person 0.0025 0 229 19 274
person 0.0022 0 134 17 173
person 0.0017 2 204 51 274
person 0.0013 151 147 178 178
person 0.0010 51 230 79 274
person 0.0010 248 9 529 378
car 0.0393 -8 -13 438 395
car 0.0328 0 236 68 362
car 0.0028 151 147 178 178
car 0.0018 169 140 198 179
car 0.0018 2 216 93 324
car 0.0018 9 230 82 276
car 0.0013 103 112 228 189
car 0.0012 163 133 208 185
car 0.0011 20 212 229 371
bus 0.2669 -6 81 207 289
bus 0.0237 -8 -13 438 395
bus 0.0040 56 76 285 300
bus 0.0028 65 111 191 188
bus 0.0024 0 236 68 362
cow 0.0010 20 212 229 371
bottle 0.0014 20 212 229 371
bottle 0.0011 0 229 19 274
chair 0.0012 -3 -18 514 398
chair 0.0011 440 3 500 372
chair 0.0011 8 335 42 370
chair 0.0010 409 151 495 369
sofa 0.0036 -3 -18 514 398
diningtable 0.0049 -27 135 456 374
diningtable 0.0025 88 309 267 373
diningtable 0.0021 12 192 232 366
diningtable 0.0020 0 236 68 362
diningtable 0.0016 54 -8 535 394
diningtable 0.0012 0 337 29 366
tvmonitor 0.0012 185 290 246 341
tvmonitor 0.0010 -8 -13 438 395
