person 0.8212 7 88 256 501
person 0.0182 136 99 265 491
person 0.0063 4 411 38 499
person 0.0047 185 294 281 499
person 0.0036 17 140 162 493
person 0.0034 217 482 255 499
person 0.0030 221 137 336 445
person 0.0027 111 123 356 510
person 0.0021 231 482 274 499
person 0.0019 207 446 228 498
person 0.0015 196 236 243 290
person 0.0011 203 241 231 283
person 0.0011 3 332 42 494
person 0.0011 300 319 329 359
person 0.0010 211 439 259 500
person 0.0010 179 238 259 320
chair 0.0047 221 168 337 479
chair 0.0031 238 211 332 294
chair 0.0028 175 154 293 492
sofa 0.0015 0 90 257 441
pottedplant 0.0637 298 129 330 208
pottedplant 0.0114 306 163 327 210
pottedplant 0.0059 272 152 314 215
pottedplant 0.0032 4 411 38 499
pottedplant 0.0028 306 139 327 193
diningtable 0.0145 238 211 332 294
