person 0.7926 94 185 143 243
person 0.1614 98 185 148 324
person 0.0932 84 213 181 328
person 0.0899 210 185 225 244
person 0.0308 132 190 155 238
person 0.0289 171 203 196 229
person 0.0245 123 205 201 305
person 0.0208 87 182 178 271
person 0.0102 70 199 140 339
person 0.0094 95 189 123 237
person 0.0083 153 185 177 214
person 0.0078 427 56 446 111
person 0.0075 120 200 161 314
person 0.0062 0 136 89 244
person 0.0054 18 218 46 254
person 0.0051 139 243 193 313
person 0.0050 2 54 87 327
person 0.0047 107 183 135 219
person 0.0045 89 182 134 281
person 0.0045 51 241 85 306
person 0.0045 67 178 197 367
person 0.0041 122 186 213 260
person 0.0041 138 188 193 242
person 0.0036 125 231 157 248
person 0.0032 239 188 285 235
person 0.0030 103 244 140 337
person 0.0029 11 207 44 232
person 0.0026 48 221 86 287
person 0.0023 101 230 147 248
person 0.0022 93 181 119 217
person 0.0019 442 58 460 111
person 0.0019 158 227 202 246
person 0.0016 0 195 17 237
person 0.0015 31 136 59 172
person 0.0015 45 220 84 247
person 0.0014 61 204 105 304
person 0.0013 152 207 205 253
person 0.0013 149 196 182 233
person 0.0011 53 259 81 288
person 0.0011 91 245 127 337
person 0.0011 0 162 20 269
person 0.0010 0 215 19 262
person 0.0010 0 172 15 222
person 0.0010 94 224 130 248
bicycle 0.0027 36 292 87 372
bicycle 0.0021 22 228 190 376
bicycle 0.0019 15 249 88 371
car 0.0016 0 70 92 381
car 0.0016 0 136 89 244
bus 0.0011 2 54 87 327
train 0.0136 0 70 92 381
train 0.0025 24 172 177 369
train 0.0013 0 136 89 244
train 0.0010 -16 44 217 407
boat 0.0014 2 54 87 327
boat 0.0011 0 136 89 244
bird 0.0038 427 56 446 111
dog 0.0027 427 56 446 111
horse 0.0052 427 56 446 111
sheep 0.0017 18 218 46 254
bottle 0.5391 210 185 225 244
bottle 0.0174 171 203 196 229
bottle 0.0087 206 222 228 250
bottle 0.0012 158 227 202 246
bottle 0.0010 153 185 177 214
chair 0.8395 230 251 351 367
chair 0.0816 72 238 195 357
chair 0.0736 248 247 352 303
chair 0.0387 158 227 202 246
chair 0.0256 136 245 188 332
chair 0.0197 157 234 199 353
chair 0.0131 103 244 140 337
chair 0.0036 134 237 218 356
chair 0.0025 128 247 163 328
chair 0.0019 101 230 147 248
chair 0.0017 168 251 263 369
chair 0.0017 171 203 196 229
chair 0.0016 91 245 127 337
chair 0.0011 240 264 311 321
chair 0.0010 149 196 182 233
sofa 0.0066 55 232 197 379
sofa 0.0011 158 227 202 246
pottedplant 0.0049 171 203 196 229
pottedplant 0.0046 -1 10 70 138
pottedplant 0.0030 153 185 177 214
pottedplant 0.0019 1 0 92 221
pottedplant 0.0014 0 33 25 130
pottedplant 0.0012 210 185 227 223
diningtable 0.0240 141 228 198 247
diningtable 0.0052 229 277 343 375
diningtable 0.0051 101 230 147 248
diningtable 0.0047 72 238 195 357
diningtable 0.0047 84 232 348 380
diningtable 0.0033 125 231 157 248
diningtable 0.0014 94 237 151 258
diningtable 0.0010 122 237 163 257
tvmonitor 0.7712 236 187 288 240
tvmonitor 0.0283 262 246 356 289
tvmonitor 0.0026 86 162 115 184
tvmonitor 0.0026 309 245 355 298
tvmonitor 0.0024 210 185 225 244
tvmonitor 0.0014 158 227 202 246
tvmonitor 0.0013 86 78 115 112
tvmonitor 0.0010 215 185 273 245
