person 0.5319 224 247 288 329
person 0.2602 367 243 430 306
person 0.0223 356 268 442 331
person 0.0102 203 273 304 332
person 0.0037 488 260 499 331
person 0.0032 483 207 500 342
person 0.0030 487 292 500 339
person 0.0025 248 257 303 324
bicycle 0.9614 356 268 442 331
bicycle 0.8622 203 273 304 332
bicycle 0.0484 171 284 382 337
bicycle 0.0251 215 251 273 326
bicycle 0.0241 265 258 408 334
bicycle 0.0096 373 279 493 336
bicycle 0.0075 230 292 407 332
bicycle 0.0073 353 256 407 327
bicycle 0.0056 298 272 458 340
bicycle 0.0049 487 292 500 339
bicycle 0.0018 248 257 303 324
bicycle 0.0014 299 308 363 327
bicycle 0.0013 184 238 471 349
bicycle 0.0012 222 274 248 313
bicycle 0.0010 216 290 253 327
car 0.0013 487 292 500 339
car 0.0011 440 315 500 336
motorbike 0.1116 203 273 304 332
dog 0.0010 487 292 500 339
