person 0.0341 7 -1 37 25
person 0.0306 2 1 58 58
person 0.0272 90 0 117 21
person 0.0207 39 7 67 49
person 0.0113 5 4 43 33
person 0.0108 0 0 20 37
person 0.0068 23 1 70 55
person 0.0057 85 5 124 27
person 0.0056 109 5 149 29
person 0.0039 72 0 108 18
person 0.0035 65 73 191 151
person 0.0024 0 -1 28 59
person 0.0019 0 23 15 65
person 0.0019 122 5 160 33
bicycle 0.0120 109 5 149 29
bicycle 0.0110 122 5 160 33
bicycle 0.0010 151 5 176 44
car 0.0026 90 0 117 21
car 0.0021 122 5 160 33
car 0.0013 109 5 149 29
car 0.0011 125 0 153 23
motorbike 0.0289 109 5 149 29
motorbike 0.0197 122 5 160 33
motorbike 0.0016 90 0 117 21
motorbike 0.0015 125 0 153 23
boat 0.0089 0 15 59 60
boat 0.0030 39 7 67 49
boat 0.0017 2 5 93 57
boat 0.0016 109 5 149 29
boat 0.0016 23 1 70 55
boat 0.0012 0 23 15 65
boat 0.0011 45 0 86 17
bird 0.0060 39 7 67 49
bird 0.0023 49 18 71 52
bird 0.0017 85 5 124 27
bird 0.0017 109 5 149 29
bird 0.0014 136 6 180 78
bird 0.0011 122 5 160 33
cat 0.0026 245 128 353 345
dog 0.2423 245 128 353 345
dog 0.0011 241 51 401 342
dog 0.0011 69 66 194 149
horse 0.0918 244 134 359 367
horse 0.0030 69 66 194 149
sheep 0.4926 249 137 380 370
cow 0.3409 249 137 380 370
cow 0.1657 69 66 194 149
cow 0.0050 151 74 203 133
cow 0.0045 61 0 210 150
cow 0.0027 134 6 202 137
bottle 0.0017 105 241 129 268
chair 0.0515 39 7 67 49
chair 0.0235 45 0 86 17
chair 0.0185 2 1 58 58
chair 0.0160 23 1 70 55
chair 0.0147 24 0 77 19
chair 0.0091 267 26 459 353
chair 0.0082 7 -1 37 25
chair 0.0051 5 4 43 33
chair 0.0046 0 23 15 65
chair 0.0039 4 25 51 57
chair 0.0037 0 0 20 37
chair 0.0028 49 18 71 52
chair 0.0028 72 0 108 18
chair 0.0023 122 5 160 33
chair 0.0014 71 7 110 29
chair 0.0013 98 -12 478 391
chair 0.0012 90 0 117 21
chair 0.0011 151 5 176 44
sofa 0.0010 98 -12 478 391
sofa 0.0010 66 65 191 148
pottedplant 0.0910 134 41 170 75
pottedplant 0.0470 136 6 180 78
pottedplant 0.0297 109 5 149 29
pottedplant 0.0131 122 5 160 33
pottedplant 0.0089 79 22 195 140
pottedplant 0.0085 134 6 202 137
pottedplant 0.0023 85 4 189 73
pottedplant 0.0018 85 5 124 27
pottedplant 0.0015 160 0 198 90
pottedplant 0.0014 116 0 170 40
