person 0.0099 344 139 373 212
person 0.0037 0 18 56 193
person 0.0022 349 121 371 156
person 0.0019 106 25 131 70
person 0.0017 447 26 499 263
person 0.0014 365 24 504 261
person 0.0011 332 148 353 198
person 0.0011 351 137 391 219
person 0.0011 348 135 372 183
bicycle 0.0043 -2 13 193 283
bicycle 0.0029 -1 13 66 282
car 0.0137 449 58 501 265
car 0.0135 83 -18 486 316
car 0.0013 365 24 504 261
car 0.0011 -2 13 193 283
motorbike 0.2360 83 -18 486 316
motorbike 0.0563 -14 85 430 349
motorbike 0.0046 447 26 499 263
motorbike 0.0031 163 21 414 264
motorbike 0.0022 -9 -6 370 245
motorbike 0.0020 365 24 504 261
motorbike 0.0018 0 14 57 147
motorbike 0.0014 -1 13 66 282
motorbike 0.0011 114 140 384 289
bus 0.0019 447 26 499 263
bus 0.0016 83 -18 486 316
boat 0.0010 4 8 256 192
bird 0.0028 0 13 56 136
bird 0.0018 449 58 501 265
bottle 0.0078 181 42 233 89
bottle 0.0028 169 14 247 126
bottle 0.0024 183 69 229 134
bottle 0.0015 188 86 222 124
bottle 0.0012 0 13 56 136
chair 0.0285 0 77 180 292
chair 0.0124 2 9 195 193
chair 0.0024 37 104 168 190
chair 0.0016 2 116 90 263
chair 0.0013 37 126 154 241
chair 0.0012 -1 13 66 282
diningtable 0.0057 70 138 500 369
