person 0.9462 2 157 108 331
person 0.9222 104 150 178 272
person 0.7920 356 159 502 346
person 0.7455 229 131 317 219
person 0.6378 63 159 129 285
person 0.5467 338 139 458 309
person 0.4460 157 145 196 225
person 0.3772 348 137 439 244
person 0.2185 349 127 394 217
person 0.1365 420 134 452 169
person 0.0741 162 147 194 192
person 0.0595 122 145 207 232
person 0.0537 422 146 448 175
person 0.0484 482 159 499 245
person 0.0428 330 102 406 192
person 0.0308 430 130 467 166
person 0.0285 310 131 401 235
person 0.0278 146 139 192 203
person 0.0262 483 139 499 187
person 0.0255 414 122 460 173
person 0.0203 346 170 369 210
person 0.0199 357 130 385 167
person 0.0163 479 155 500 370
person 0.0150 393 130 496 222
person 0.0144 421 138 474 191
person 0.0144 336 148 383 215
person 0.0130 336 80 374 136
person 0.0122 415 132 454 205
person 0.0121 424 147 469 178
person 0.0110 213 139 268 203
person 0.0102 163 138 198 161
person 0.0097 436 157 499 341
person 0.0093 0 160 19 330
person 0.0082 480 130 500 213
person 0.0075 357 166 393 238
person 0.0070 305 102 444 272
person 0.0070 428 158 503 252
person 0.0070 260 134 292 170
person 0.0064 336 111 463 184
person 0.0062 313 179 329 225
person 0.0058 453 133 498 195
person 0.0058 420 154 475 217
person 0.0057 88 169 116 205
person 0.0056 476 75 491 115
person 0.0055 197 192 216 228
person 0.0054 359 168 381 211
person 0.0054 246 130 305 177
person 0.0051 240 131 272 167
person 0.0051 179 85 200 121
person 0.0049 154 188 174 228
person 0.0045 147 143 271 213
person 0.0043 115 141 168 201
person 0.0040 109 148 132 186
person 0.0040 457 150 496 179
person 0.0036 224 159 324 248
person 0.0035 155 128 183 161
person 0.0034 339 192 368 215
person 0.0033 399 152 492 273
person 0.0033 81 199 120 284
person 0.0033 486 195 499 244
person 0.0032 146 157 188 245
person 0.0031 0 310 119 351
person 0.0031 458 131 490 168
person 0.0031 264 189 283 235
person 0.0030 69 160 115 221
person 0.0029 79 142 198 303
person 0.0029 288 97 319 128
person 0.0028 341 112 369 142
person 0.0025 191 134 296 208
person 0.0025 372 165 418 243
person 0.0025 447 158 501 212
person 0.0023 3 252 106 342
person 0.0023 226 173 255 207
person 0.0022 368 177 389 229
person 0.0021 212 113 337 194
person 0.0021 308 176 332 243
person 0.0020 383 73 409 117
person 0.0020 268 136 317 200
person 0.0020 317 197 403 292
person 0.0019 39 158 232 355
person 0.0019 174 190 201 264
person 0.0019 260 198 282 291
person 0.0019 90 182 114 219
person 0.0018 258 145 294 183
person 0.0017 382 126 439 210
person 0.0016 193 192 218 263
person 0.0016 26 157 113 255
person 0.0016 342 106 402 163
person 0.0016 155 123 205 176
person 0.0016 371 101 501 269
person 0.0016 360 133 421 205
person 0.0014 357 123 420 174
person 0.0014 245 150 281 181
person 0.0013 234 185 259 225
person 0.0013 116 190 160 261
person 0.0013 153 142 181 192
person 0.0013 405 124 431 159
person 0.0013 272 117 400 180
person 0.0012 357 234 466 341
person 0.0012 126 137 159 163
bird 0.0015 261 303 288 334
cat 0.0021 476 75 491 115
bottle 0.4222 253 205 278 287
bottle 0.3851 313 179 329 225
bottle 0.3711 171 263 194 301
bottle 0.3374 196 221 216 267
bottle 0.2925 246 179 263 231
bottle 0.2715 252 231 271 288
bottle 0.2538 308 252 328 309
bottle 0.2518 225 208 246 243
bottle 0.2246 264 189 283 235
bottle 0.1998 170 282 194 324
bottle 0.1805 197 199 216 252
bottle 0.1795 307 221 334 308
bottle 0.1794 256 197 271 247
bottle 0.1551 180 216 197 264
bottle 0.1501 221 226 253 301
bottle 0.1444 476 75 491 115
bottle 0.1439 286 188 308 228
bottle 0.1375 213 201 229 247
bottle 0.1314 214 184 230 226
bottle 0.1240 310 181 332 263
bottle 0.1179 195 242 217 285
bottle 0.1099 225 223 250 263
bottle 0.0752 213 241 232 294
bottle 0.0683 309 244 332 287
bottle 0.0637 262 238 282 289
bottle 0.0611 213 221 229 266
bottle 0.0587 251 188 275 263
bottle 0.0574 313 216 330 266
bottle 0.0559 174 247 195 282
bottle 0.0471 234 185 259 225
bottle 0.0443 257 223 284 300
bottle 0.0433 193 259 216 297
bottle 0.0405 197 192 216 228
bottle 0.0368 214 224 240 300
bottle 0.0343 286 200 307 244
bottle 0.0231 228 252 253 300
bottle 0.0204 277 228 314 303
bottle 0.0168 262 225 284 267
bottle 0.0141 383 73 409 117
bottle 0.0126 209 205 235 284
bottle 0.0114 260 191 285 260
bottle 0.0114 242 176 268 203
bottle 0.0097 282 190 313 253
bottle 0.0079 241 177 274 233
bottle 0.0057 206 189 231 257
bottle 0.0056 192 248 221 312
bottle 0.0053 213 174 236 210
bottle 0.0053 247 239 282 310
bottle 0.0048 135 201 154 254
bottle 0.0046 247 259 267 296
bottle 0.0042 483 134 499 173
bottle 0.0042 263 172 294 200
bottle 0.0038 312 249 356 313
bottle 0.0037 174 190 201 264
bottle 0.0034 346 170 369 210
bottle 0.0034 259 174 292 237
bottle 0.0033 209 194 307 298
bottle 0.0033 226 174 261 232
bottle 0.0032 224 192 257 255
bottle 0.0030 226 173 255 207
bottle 0.0027 322 226 344 267
bottle 0.0027 91 217 109 263
bottle 0.0026 174 225 200 293
bottle 0.0025 245 224 352 304
bottle 0.0024 159 202 271 300
bottle 0.0024 130 218 151 261
bottle 0.0024 147 286 172 316
bottle 0.0022 284 172 310 208
bottle 0.0022 154 188 174 228
bottle 0.0021 66 176 437 334
bottle 0.0020 320 248 344 278
bottle 0.0019 312 209 348 274
bottle 0.0018 178 161 342 248
bottle 0.0017 138 170 263 256
bottle 0.0017 310 234 351 295
bottle 0.0016 281 230 313 258
bottle 0.0015 368 177 389 229
bottle 0.0014 286 203 376 303
bottle 0.0014 288 168 384 253
bottle 0.0013 192 290 223 317
bottle 0.0012 305 251 332 337
bottle 0.0012 458 131 490 168
bottle 0.0012 339 192 368 215
chair 0.0701 0 310 119 351
chair 0.0466 486 176 500 240
chair 0.0326 303 134 336 158
chair 0.0317 458 131 490 168
chair 0.0315 308 176 331 211
chair 0.0295 321 167 352 211
chair 0.0292 306 156 362 213
chair 0.0223 483 159 499 215
chair 0.0204 91 217 109 263
chair 0.0200 483 134 499 173
chair 0.0199 213 174 236 210
chair 0.0199 226 173 255 207
chair 0.0162 304 155 366 174
chair 0.0149 346 170 369 210
chair 0.0143 154 188 174 228
chair 0.0141 90 182 114 219
chair 0.0141 293 154 341 177
chair 0.0128 374 300 492 352
chair 0.0117 380 236 493 344
chair 0.0112 286 188 308 228
chair 0.0098 281 135 310 162
chair 0.0096 234 185 259 225
chair 0.0089 451 123 498 172
chair 0.0085 359 168 381 211
chair 0.0084 457 150 496 179
chair 0.0083 214 184 230 226
chair 0.0077 314 138 354 158
chair 0.0075 242 176 268 203
chair 0.0074 227 134 318 228
chair 0.0070 482 151 500 298
chair 0.0067 284 172 310 208
chair 0.0066 340 326 488 358
chair 0.0064 163 138 198 161
chair 0.0062 3 252 106 342
chair 0.0057 83 220 103 259
chair 0.0051 204 134 242 158
chair 0.0049 434 260 501 344
chair 0.0047 216 134 262 159
chair 0.0046 368 335 459 351
chair 0.0044 398 200 418 245
chair 0.0043 96 206 115 254
chair 0.0043 368 177 389 229
chair 0.0041 263 172 294 200
chair 0.0040 98 245 119 288
chair 0.0040 74 167 123 278
chair 0.0038 281 151 312 181
chair 0.0036 128 115 159 145
chair 0.0035 246 179 263 231
chair 0.0035 396 169 493 330
chair 0.0034 -2 160 102 321
chair 0.0034 120 220 140 267
chair 0.0033 357 166 393 238
chair 0.0033 25 239 63 321
chair 0.0032 107 181 155 264
chair 0.0032 240 131 272 167
chair 0.0029 241 177 274 233
chair 0.0028 430 130 467 166
chair 0.0028 197 192 216 228
chair 0.0026 88 169 116 205
chair 0.0025 245 150 281 181
chair 0.0024 336 148 383 215
chair 0.0023 258 145 294 183
chair 0.0023 117 197 136 252
chair 0.0022 483 291 500 346
chair 0.0022 260 134 292 170
chair 0.0022 485 216 500 272
chair 0.0022 75 208 101 248
chair 0.0022 391 273 437 300
chair 0.0022 198 155 245 178
chair 0.0021 178 161 342 248
chair 0.0021 51 297 82 317
chair 0.0021 10 328 87 348
chair 0.0020 480 253 499 347
chair 0.0020 162 147 194 192
chair 0.0020 480 130 500 213
chair 0.0019 348 333 478 375
chair 0.0019 476 75 491 115
chair 0.0018 226 174 261 232
chair 0.0017 484 274 499 330
chair 0.0017 280 177 313 236
chair 0.0017 65 215 105 306
chair 0.0017 198 159 245 214
chair 0.0017 434 150 499 274
chair 0.0017 347 135 442 239
chair 0.0016 374 273 408 301
chair 0.0016 387 164 431 242
chair 0.0016 239 118 276 138
chair 0.0016 369 344 457 358
chair 0.0016 166 190 191 225
chair 0.0015 264 189 283 235
chair 0.0015 447 158 501 212
chair 0.0015 339 192 368 215
chair 0.0015 68 308 108 329
chair 0.0015 204 124 271 167
chair 0.0014 150 202 172 241
chair 0.0014 131 70 162 146
chair 0.0014 227 151 260 182
chair 0.0013 420 154 475 217
chair 0.0013 285 127 351 169
chair 0.0013 424 147 469 178
sofa 0.0072 347 135 442 239
sofa 0.0045 393 130 496 222
sofa 0.0029 451 123 498 172
sofa 0.0023 352 201 504 353
sofa 0.0020 420 125 483 171
sofa 0.0018 338 116 487 183
sofa 0.0017 42 181 464 348
sofa 0.0017 479 155 500 370
sofa 0.0016 328 107 470 268
sofa 0.0013 220 137 306 218
sofa 0.0011 458 131 490 168
sofa 0.0010 279 133 389 221
pottedplant 0.5536 412 15 494 116
pottedplant 0.4485 232 51 291 118
pottedplant 0.0461 288 97 319 128
pottedplant 0.0401 458 131 490 168
pottedplant 0.0262 451 123 498 172
pottedplant 0.0261 244 72 273 115
pottedplant 0.0206 287 109 314 137
pottedplant 0.0170 483 134 499 173
pottedplant 0.0162 240 10 339 116
pottedplant 0.0159 476 75 491 115
pottedplant 0.0154 211 84 239 119
pottedplant 0.0147 215 56 338 132
pottedplant 0.0130 208 37 308 116
pottedplant 0.0107 179 85 200 121
pottedplant 0.0097 383 73 409 117
pottedplant 0.0077 280 82 323 134
pottedplant 0.0075 454 119 494 139
pottedplant 0.0074 209 55 267 118
pottedplant 0.0069 403 117 426 150
pottedplant 0.0063 420 125 483 171
pottedplant 0.0062 417 119 448 146
pottedplant 0.0050 287 76 315 111
pottedplant 0.0044 420 134 452 169
pottedplant 0.0042 275 96 324 154
pottedplant 0.0037 296 121 336 139
pottedplant 0.0037 236 76 288 135
pottedplant 0.0037 240 52 281 94
pottedplant 0.0035 239 118 276 138
pottedplant 0.0030 482 108 498 152
pottedplant 0.0028 242 91 271 120
pottedplant 0.0028 263 69 290 109
pottedplant 0.0025 262 55 290 92
pottedplant 0.0024 223 121 263 144
pottedplant 0.0024 207 79 244 134
pottedplant 0.0024 430 130 467 166
pottedplant 0.0023 192 290 223 317
pottedplant 0.0023 476 109 500 189
pottedplant 0.0023 289 64 334 124
pottedplant 0.0022 255 116 299 137
pottedplant 0.0022 272 5 335 67
pottedplant 0.0022 227 75 257 115
pottedplant 0.0020 298 74 323 114
pottedplant 0.0018 409 9 465 98
pottedplant 0.0016 221 121 345 180
pottedplant 0.0013 194 99 323 161
pottedplant 0.0013 261 303 288 334
pottedplant 0.0012 266 69 382 142
pottedplant 0.0011 207 119 241 142
pottedplant 0.0010 224 53 256 86
pottedplant 0.0010 270 27 325 120
pottedplant 0.0010 377 118 409 141
diningtable 0.2928 23 227 475 355
diningtable 0.0550 160 170 409 340
diningtable 0.0424 304 155 366 174
diningtable 0.0352 314 138 354 158
diningtable 0.0313 27 173 330 347
diningtable 0.0312 303 134 336 158
diningtable 0.0310 43 294 282 348
diningtable 0.0236 293 154 341 177
diningtable 0.0207 282 149 392 220
diningtable 0.0188 0 310 119 351
diningtable 0.0168 229 131 317 219
diningtable 0.0130 281 135 310 162
diningtable 0.0104 221 121 345 180
diningtable 0.0090 65 268 262 337
diningtable 0.0084 216 134 262 159
diningtable 0.0080 340 326 488 358
diningtable 0.0079 -3 266 357 362
diningtable 0.0073 261 135 374 204
diningtable 0.0073 288 168 384 253
diningtable 0.0070 255 124 382 174
diningtable 0.0065 483 159 499 215
diningtable 0.0063 178 161 342 248
diningtable 0.0062 89 298 412 351
diningtable 0.0060 306 156 362 213
diningtable 0.0059 486 176 500 240
diningtable 0.0050 296 121 336 139
diningtable 0.0044 138 170 263 256
diningtable 0.0040 235 174 352 240
diningtable 0.0040 21 328 106 349
diningtable 0.0036 193 117 379 255
diningtable 0.0033 285 127 351 169
diningtable 0.0032 219 98 375 157
diningtable 0.0030 374 300 492 352
diningtable 0.0028 257 303 385 351
diningtable 0.0027 204 134 242 158
diningtable 0.0027 198 155 245 178
diningtable 0.0027 287 141 350 197
diningtable 0.0026 287 109 314 137
diningtable 0.0025 483 139 499 187
diningtable 0.0023 316 118 354 138
diningtable 0.0021 147 143 271 213
diningtable 0.0020 405 114 499 172
diningtable 0.0019 29 310 224 356
diningtable 0.0019 280 197 392 292
diningtable 0.0019 287 137 459 353
diningtable 0.0019 457 150 496 179
diningtable 0.0018 368 335 459 351
diningtable 0.0018 163 138 198 161
diningtable 0.0018 23 298 196 339
diningtable 0.0018 171 265 470 365
diningtable 0.0017 204 124 271 167
diningtable 0.0017 125 299 318 339
diningtable 0.0016 55 279 196 332
diningtable 0.0016 227 151 260 182
diningtable 0.0015 93 150 337 293
diningtable 0.0015 393 130 496 222
diningtable 0.0015 239 118 276 138
diningtable 0.0015 202 177 321 274
diningtable 0.0014 230 238 364 320
diningtable 0.0014 281 151 312 181
diningtable 0.0014 98 317 303 354
diningtable 0.0013 166 200 272 291
diningtable 0.0012 458 131 490 168
diningtable 0.0012 88 247 235 321
diningtable 0.0012 260 134 292 170
diningtable 0.0012 246 196 353 295
diningtable 0.0012 240 131 272 167
diningtable 0.0012 242 176 268 203
diningtable 0.0012 451 123 498 172
diningtable 0.0011 269 126 325 175
diningtable 0.0010 233 136 417 305
diningtable 0.0010 258 145 294 183
diningtable 0.0010 48 109 453 343
diningtable 0.0010 305 310 418 353
diningtable 0.0010 -2 213 206 353
diningtable 0.0010 3 252 106 342
diningtable 0.0010 41 260 159 339
tvmonitor 0.0025 136 72 160 114
