person 0.0054 244 197 272 230
person 0.0051 399 215 499 334
person 0.0036 211 196 240 227
person 0.0032 219 195 258 228
person 0.0011 478 201 500 225
bicycle 0.0020 478 201 500 225
car 0.1154 400 216 497 329
car 0.0234 186 197 214 219
car 0.0076 478 201 500 225
car 0.0041 219 195 258 228
car 0.0025 186 192 218 212
car 0.0025 169 198 206 218
car 0.0016 475 160 499 196
car 0.0012 211 196 240 227
car 0.0011 396 198 431 220
motorbike 0.0014 400 216 497 329
aeroplane 0.0023 400 216 497 329
aeroplane 0.0011 0 153 24 175
bus 0.0102 399 215 499 334
train 0.2862 -10 157 195 230
train 0.1947 168 141 399 221
train 0.0539 283 162 437 221
train 0.0303 -5 145 350 257
train 0.0243 -1 160 137 199
train 0.0168 397 199 503 320
train 0.0119 128 178 155 207
train 0.0102 60 164 273 226
train 0.0078 396 198 431 220
train 0.0074 32 119 466 292
train 0.0073 104 145 333 213
train 0.0072 341 177 476 219
train 0.0067 147 180 177 210
train 0.0058 -4 165 113 220
train 0.0051 364 112 512 315
train 0.0050 214 166 272 225
train 0.0049 186 192 218 212
train 0.0039 29 167 104 184
train 0.0038 181 151 309 231
train 0.0037 319 174 387 219
train 0.0032 383 176 507 234
train 0.0027 68 167 110 187
train 0.0024 224 138 449 186
train 0.0023 220 142 262 168
train 0.0022 -12 157 204 313
train 0.0020 20 151 247 209
train 0.0019 374 196 420 221
train 0.0018 318 159 499 205
train 0.0018 24 161 75 178
train 0.0017 192 181 365 232
train 0.0016 323 179 357 217
train 0.0014 133 169 194 216
train 0.0014 217 187 265 212
train 0.0013 336 180 369 217
train 0.0012 168 186 204 211
train 0.0011 218 145 495 256
train 0.0010 52 168 122 218
train 0.0010 324 201 497 342
train 0.0010 375 191 446 215
train 0.0010 287 185 460 230
boat 0.0049 391 216 488 327
horse 0.0011 397 199 503 320
sheep 0.0029 430 201 468 221
cow 0.0042 396 198 431 220
cow 0.0015 430 201 468 221
chair 0.0180 400 216 497 329
sofa 0.0035 400 216 497 329
diningtable 0.0103 400 216 497 329
