person 0.0239 -19 60 446 327
motorbike 0.0012 -19 60 446 327
bird 0.0011 -19 60 446 327
cat 0.1250 -3 26 434 318
cat 0.0029 238 49 494 224
dog 0.6352 -3 26 434 318
dog 0.0637 246 61 494 260
dog 0.0027 149 53 435 203
chair 0.0124 39 29 530 314
chair 0.0024 245 152 495 333
chair 0.0015 -14 231 362 333
sofa 0.2591 10 26 491 315
sofa 0.0058 246 61 494 260
sofa 0.0021 -14 231 362 333
sofa 0.0010 -15 6 368 105
pottedplant 0.0015 471 53 500 146
pottedplant 0.0013 453 79 499 156
diningtable 0.0013 49 224 445 333
