person 0.9971 190 157 286 428
person 0.0355 116 246 169 310
person 0.0129 106 241 175 350
person 0.0074 106 248 191 413
person 0.0030 62 244 234 439
person 0.0030 140 246 168 280
person 0.0021 40 337 78 368
person 0.0013 31 347 85 406
bicycle 0.1181 42 251 247 455
bicycle 0.0042 136 266 292 445
bicycle 0.0032 177 305 272 437
bicycle 0.0017 7 335 118 446
bicycle 0.0015 0 305 92 405
bicycle 0.0015 163 348 255 445
motorbike 0.8855 0 256 239 458
motorbike 0.0134 5 322 115 430
motorbike 0.0117 93 267 259 443
motorbike 0.0037 106 248 191 413
motorbike 0.0011 -38 127 339 454
aeroplane 0.0032 174 1 221 17
aeroplane 0.0031 71 -2 295 32
aeroplane 0.0016 3 0 118 49
bird 0.4107 -4 0 104 50
bird 0.0152 -1 -1 216 48
bird 0.0093 6 0 77 24
bird 0.0091 -2 -5 98 95
bird 0.0087 50 -1 112 49
bird 0.0010 46 192 74 276
dog 0.0025 98 329 146 382
chair 0.0057 0 92 88 189
chair 0.0027 266 286 284 319
pottedplant 0.0061 87 267 113 304
pottedplant 0.0032 -3 81 82 182
pottedplant 0.0028 -6 -5 87 189
pottedplant 0.0010 81 267 126 318
