person 0.0036 -7 456 219 501
car 0.0014 13 55 374 521
car 0.0010 156 -2 366 208
motorbike 0.0010 130 5 325 200
bottle 0.9395 57 37 170 388
bottle 0.7206 204 54 340 363
bottle 0.0736 163 -2 363 273
bottle 0.0656 13 55 374 521
bottle 0.0242 13 -9 134 287
bottle 0.0181 314 53 372 226
bottle 0.0116 -4 57 82 429
bottle 0.0089 20 61 126 432
bottle 0.0053 3 5 63 178
bottle 0.0044 69 58 142 199
bottle 0.0042 261 76 331 270
bottle 0.0038 321 115 377 209
bottle 0.0031 125 38 263 381
bottle 0.0031 118 11 390 416
bottle 0.0029 37 94 91 309
bottle 0.0028 54 46 98 118
bottle 0.0028 62 167 168 348
bottle 0.0017 51 119 226 440
bottle 0.0016 298 45 369 371
bottle 0.0016 178 159 349 484
bottle 0.0015 153 122 317 378
bottle 0.0015 26 -3 188 211
bottle 0.0014 298 35 368 163
bottle 0.0013 280 63 340 193
bottle 0.0013 122 6 268 193
bottle 0.0011 76 59 124 113
chair 0.0012 295 283 373 503
diningtable 0.0396 3 138 386 511
diningtable 0.0065 -4 57 82 429
diningtable 0.0024 -13 4 392 361
diningtable 0.0021 0 406 131 497
diningtable 0.0021 32 459 260 501
diningtable 0.0019 295 283 373 503
diningtable 0.0014 2 456 144 499
diningtable 0.0011 -3 291 139 499
