person 0.8208 218 18 506 357
person 0.6284 68 63 220 365
person 0.3638 36 67 385 370
person 0.0277 184 78 340 293
person 0.0135 0 41 17 92
person 0.0111 1 19 29 110
person 0.0060 180 136 225 215
person 0.0051 208 79 321 214
person 0.0047 201 195 320 282
person 0.0031 166 129 242 243
person 0.0030 66 105 103 182
person 0.0029 193 181 460 341
person 0.0027 142 76 220 217
person 0.0026 47 109 89 181
person 0.0026 44 79 123 207
person 0.0019 158 141 194 221
person 0.0019 205 69 437 247
person 0.0018 237 133 341 248
person 0.0018 435 3 500 379
person 0.0017 172 172 258 276
person 0.0015 163 123 205 196
person 0.0014 174 181 224 247
person 0.0013 -1 164 27 268
person 0.0013 159 172 181 213
person 0.0012 156 236 498 364
person 0.0011 153 161 179 197
person 0.0011 115 56 315 332
car 0.0015 0 186 67 291
motorbike 0.0023 0 186 67 291
boat 0.0030 0 186 67 291
bird 0.0013 323 88 405 156
bottle 0.2189 220 203 324 303
bottle 0.0475 242 208 312 268
bottle 0.0111 195 121 361 318
bottle 0.0077 206 182 311 264
bottle 0.0071 223 219 291 283
bottle 0.0041 220 239 255 272
bottle 0.0040 208 203 269 266
bottle 0.0039 47 109 89 181
bottle 0.0036 51 134 73 184
bottle 0.0035 170 151 189 197
bottle 0.0034 245 210 281 254
bottle 0.0032 55 113 80 158
bottle 0.0026 319 274 336 313
bottle 0.0025 245 234 278 269
bottle 0.0024 77 139 99 180
bottle 0.0021 237 133 341 248
bottle 0.0018 227 260 337 322
bottle 0.0015 221 246 293 297
bottle 0.0014 66 105 103 182
bottle 0.0014 226 197 291 246
bottle 0.0014 229 221 414 318
bottle 0.0013 265 221 319 280
bottle 0.0012 178 184 336 342
bottle 0.0012 72 160 92 192
bottle 0.0010 53 160 77 190
chair 0.0314 168 62 495 366
chair 0.0261 185 133 226 186
chair 0.0117 190 134 222 156
chair 0.0052 197 77 358 237
chair 0.0043 177 160 224 229
chair 0.0029 36 67 385 370
chair 0.0026 199 138 226 178
chair 0.0020 188 154 219 188
chair 0.0019 0 186 67 291
chair 0.0017 202 162 228 194
chair 0.0013 207 205 238 236
chair 0.0013 54 236 78 277
chair 0.0012 39 109 103 205
chair 0.0012 304 182 496 354
chair 0.0010 163 132 234 226
chair 0.0010 321 87 408 196
sofa 0.1974 168 62 495 366
sofa 0.0253 36 67 385 370
sofa 0.0074 -4 218 503 370
sofa 0.0041 185 133 226 186
sofa 0.0019 191 76 365 291
sofa 0.0015 304 182 496 354
sofa 0.0014 440 40 499 399
sofa 0.0013 374 26 498 288
sofa 0.0012 177 160 224 229
sofa 0.0011 323 88 405 156
pottedplant 0.0018 220 239 255 272
diningtable 0.0089 -4 218 503 370
diningtable 0.0047 114 240 388 366
diningtable 0.0037 0 186 67 291
diningtable 0.0034 179 308 481 371
diningtable 0.0010 178 184 336 342
tvmonitor 0.5909 0 11 46 117
tvmonitor 0.0102 0 30 23 123
tvmonitor 0.0074 1 18 55 190
tvmonitor 0.0042 1 5 84 121
tvmonitor 0.0026 0 41 17 92
tvmonitor 0.0012 0 15 28 179
