person 0.2174 362 164 394 298
person 0.0987 361 159 388 196
person 0.0483 398 197 425 229
person 0.0336 361 162 396 228
person 0.0305 364 167 430 304
person 0.0208 396 183 426 213
person 0.0152 329 153 410 301
person 0.0139 362 148 423 206
person 0.0105 383 194 414 227
person 0.0103 364 184 421 247
person 0.0073 377 182 411 214
person 0.0043 390 185 428 241
person 0.0033 376 159 411 200
person 0.0025 378 203 422 299
person 0.0023 371 138 447 242
person 0.0020 320 178 351 219
person 0.0020 303 177 333 215
person 0.0011 369 189 392 232
person 0.0010 311 166 355 229
car 0.0189 283 133 451 322
bus 0.0664 283 133 451 322
train 0.0804 283 133 451 322
boat 0.0164 283 133 451 322
dog 0.0044 398 197 425 229
dog 0.0011 361 159 388 196
chair 0.0012 283 133 451 322
tvmonitor 0.0194 283 133 451 322
