person 0.8439 214 183 293 333
person 0.8161 158 204 231 332
person 0.8127 89 204 175 327
person 0.7706 277 179 353 326
person 0.7305 280 129 378 271
person 0.1091 216 181 378 331
person 0.0671 324 144 384 318
person 0.0241 237 213 335 330
person 0.0179 40 173 223 327
person 0.0109 0 262 15 315
person 0.0089 260 263 304 328
person 0.0078 224 205 269 325
person 0.0078 261 184 293 274
person 0.0077 131 196 290 335
person 0.0067 236 174 287 247
person 0.0066 264 193 301 318
person 0.0065 183 163 294 244
person 0.0057 160 196 206 270
person 0.0056 113 201 170 270
person 0.0052 45 185 136 316
person 0.0045 150 207 173 250
person 0.0043 288 177 346 251
person 0.0042 260 140 343 260
person 0.0037 0 178 14 329
person 0.0035 484 94 500 221
person 0.0030 334 315 369 331
person 0.0030 143 201 180 266
person 0.0030 358 314 389 331
person 0.0025 192 210 236 328
person 0.0023 265 179 285 237
person 0.0022 255 170 294 231
person 0.0020 82 173 200 254
person 0.0019 204 164 245 184
person 0.0019 168 194 194 240
person 0.0018 17 238 101 324
person 0.0018 190 141 293 215
person 0.0017 214 186 263 247
person 0.0016 336 234 379 314
person 0.0015 380 254 492 329
person 0.0015 281 127 324 231
person 0.0014 298 230 415 332
person 0.0014 228 190 283 276
person 0.0014 169 204 224 262
person 0.0012 352 207 384 302
person 0.0012 187 182 249 243
person 0.0012 307 154 360 238
person 0.0012 160 159 207 234
person 0.0012 151 189 225 284
person 0.0011 305 281 370 331
person 0.0011 379 296 495 328
person 0.0011 182 248 227 330
person 0.0011 237 173 316 297
person 0.0010 489 122 500 196
bicycle 0.0042 418 183 496 319
bicycle 0.0028 398 248 499 327
bicycle 0.0022 379 296 495 328
bicycle 0.0011 426 252 491 303
car 0.0049 378 293 497 326
car 0.0039 398 248 499 327
motorbike 0.0033 386 157 499 329
motorbike 0.0025 379 296 495 328
motorbike 0.0014 380 254 492 329
dog 0.0017 42 297 215 327
dog 0.0016 148 204 227 327
bottle 0.0178 166 295 188 329
bottle 0.0132 95 316 142 332
bottle 0.0121 0 262 15 315
bottle 0.0074 126 315 171 332
bottle 0.0048 88 302 114 329
bottle 0.0047 0 213 10 294
bottle 0.0038 0 178 14 329
bottle 0.0031 0 299 20 326
bottle 0.0030 186 296 214 329
bottle 0.0028 486 155 500 210
bottle 0.0014 271 231 295 267
bottle 0.0010 66 316 99 331
chair 0.0912 378 293 497 326
chair 0.0878 418 183 496 319
chair 0.0656 40 173 223 327
chair 0.0542 398 248 499 327
chair 0.0304 280 210 360 330
chair 0.0249 163 159 211 189
chair 0.0241 167 165 272 238
chair 0.0210 450 201 500 264
chair 0.0208 487 164 500 214
chair 0.0184 260 177 288 249
chair 0.0163 81 194 177 321
chair 0.0136 472 170 500 256
chair 0.0129 215 209 235 248
chair 0.0111 432 257 497 316
chair 0.0107 441 150 502 287
chair 0.0082 187 182 249 243
chair 0.0057 470 209 500 249
chair 0.0055 321 255 361 328
chair 0.0051 236 174 287 247
chair 0.0050 179 145 218 175
chair 0.0048 204 164 245 184
chair 0.0046 292 254 380 329
chair 0.0045 161 149 229 195
chair 0.0043 78 164 196 257
chair 0.0038 271 231 295 267
chair 0.0036 0 146 18 315
chair 0.0035 155 150 271 211
chair 0.0035 0 223 15 318
chair 0.0034 45 185 136 316
chair 0.0027 336 234 379 314
chair 0.0027 99 139 242 194
chair 0.0026 90 254 121 324
chair 0.0025 -1 131 64 302
chair 0.0022 260 263 304 328
chair 0.0022 92 264 113 310
chair 0.0021 207 200 239 233
chair 0.0021 151 254 184 324
chair 0.0018 168 194 194 240
chair 0.0018 191 171 254 218
chair 0.0017 358 314 389 331
chair 0.0017 148 204 227 327
chair 0.0017 119 162 168 190
chair 0.0015 307 314 367 331
chair 0.0015 42 297 215 327
chair 0.0014 237 213 335 330
chair 0.0013 216 193 294 335
chair 0.0013 305 281 370 331
chair 0.0012 312 298 362 327
chair 0.0012 146 200 173 240
chair 0.0011 328 270 352 317
chair 0.0011 0 213 10 294
chair 0.0010 160 159 207 234
chair 0.0010 127 146 147 174
sofa 0.1211 40 173 223 327
sofa 0.0217 81 194 177 321
sofa 0.0200 167 183 317 331
sofa 0.0112 167 165 272 238
sofa 0.0075 11 149 398 350
sofa 0.0071 216 181 378 331
sofa 0.0063 280 210 360 330
sofa 0.0057 162 194 229 322
sofa 0.0046 398 248 499 327
sofa 0.0030 82 173 200 254
sofa 0.0026 0 223 15 318
sofa 0.0019 450 201 500 264
sofa 0.0019 216 193 294 335
sofa 0.0018 378 293 497 326
sofa 0.0013 421 193 495 312
sofa 0.0012 441 150 502 287
sofa 0.0012 45 185 136 316
sofa 0.0011 -8 296 198 327
sofa 0.0011 237 168 290 225
pottedplant 0.0037 126 315 171 332
pottedplant 0.0014 0 223 15 318
pottedplant 0.0013 0 146 18 315
diningtable 0.1007 -8 296 198 327
diningtable 0.0178 378 293 497 326
diningtable 0.0162 -7 310 213 335
diningtable 0.0153 -1 131 62 298
diningtable 0.0142 71 292 269 328
diningtable 0.0126 380 254 492 329
diningtable 0.0082 2 298 111 331
diningtable 0.0017 141 314 174 331
diningtable 0.0017 148 204 227 327
diningtable 0.0015 65 308 257 338
diningtable 0.0015 95 316 142 332
diningtable 0.0015 67 137 219 181
diningtable 0.0014 432 257 497 316
diningtable 0.0013 89 204 175 327
diningtable 0.0011 40 252 173 328
diningtable 0.0010 120 282 246 335
tvmonitor 0.0854 450 201 500 264
tvmonitor 0.0288 434 247 497 307
tvmonitor 0.0075 431 198 499 314
tvmonitor 0.0059 470 209 500 249
tvmonitor 0.0031 486 155 500 210
tvmonitor 0.0017 467 191 500 317
tvmonitor 0.0012 472 170 500 256
tvmonitor 0.0012 484 94 500 221
tvmonitor 0.0011 398 248 499 327
