person 0.9627 43 53 99 209
person 0.0113 90 333 153 376
person 0.0069 395 120 425 151
person 0.0056 412 122 460 190
person 0.0037 416 131 441 179
person 0.0033 391 121 434 193
person 0.0021 242 133 343 222
person 0.0019 186 132 364 296
person 0.0018 414 125 448 153
person 0.0015 344 131 409 187
person 0.0014 358 122 391 148
person 0.0014 326 123 431 240
person 0.0011 -1 102 20 255
person 0.0011 -1 223 30 328
bicycle 0.0010 -1 223 30 328
car 0.0304 410 108 491 209
car 0.0214 436 106 498 163
car 0.0029 171 37 198 59
car 0.0023 479 118 500 159
car 0.0018 354 113 473 169
car 0.0015 479 97 499 148
car 0.0015 216 42 238 74
car 0.0015 435 112 474 141
car 0.0015 229 45 256 73
car 0.0014 475 78 499 166
car 0.0011 414 125 448 153
car 0.0010 426 112 476 162
motorbike 0.8238 3 153 242 357
motorbike 0.7124 277 111 453 254
motorbike 0.4704 410 108 491 209
motorbike 0.3623 186 132 364 296
motorbike 0.2183 326 123 431 240
motorbike 0.1058 355 118 470 233
motorbike 0.0854 84 132 350 332
motorbike 0.0199 436 106 498 163
motorbike 0.0171 0 206 60 340
motorbike 0.0154 412 122 460 190
motorbike 0.0125 -27 32 383 359
motorbike 0.0110 431 117 472 150
motorbike 0.0089 444 145 490 206
motorbike 0.0078 414 125 448 153
motorbike 0.0073 256 126 414 223
motorbike 0.0068 242 133 343 222
motorbike 0.0066 391 121 434 193
motorbike 0.0063 -1 223 30 328
motorbike 0.0062 395 120 425 151
motorbike 0.0049 266 121 381 192
motorbike 0.0043 402 118 467 165
motorbike 0.0043 386 105 479 180
motorbike 0.0042 186 147 305 221
motorbike 0.0033 272 170 360 283
motorbike 0.0028 391 160 440 236
motorbike 0.0028 63 26 515 285
motorbike 0.0027 474 93 499 226
motorbike 0.0017 416 131 441 179
motorbike 0.0016 365 125 423 186
motorbike 0.0016 98 174 226 255
motorbike 0.0013 479 131 499 180
motorbike 0.0011 376 119 417 148
tvmonitor 0.0017 318 7 339 26
