person 0.8739 77 249 165 378
person 0.0135 64 193 94 284
person 0.0122 124 275 145 323
person 0.0082 119 256 161 335
person 0.0070 103 191 145 279
person 0.0053 129 253 149 303
person 0.0034 102 265 201 368
person 0.0028 131 248 152 278
person 0.0026 149 277 171 328
person 0.0022 75 248 129 356
person 0.0018 137 303 182 370
person 0.0018 75 198 115 281
person 0.0014 77 185 154 336
person 0.0012 177 278 217 351
person 0.0012 40 199 80 275
person 0.0012 68 211 91 265
person 0.0011 109 179 207 256
bicycle 0.0022 137 303 182 370
bicycle 0.0016 107 338 225 382
bicycle 0.0015 105 331 171 381
bicycle 0.0013 100 294 207 375
bicycle 0.0010 124 275 145 323
car 0.0011 131 248 152 278
bird 0.0027 271 88 302 116
cat 0.0035 234 354 282 379
dog 0.0369 234 354 282 379
horse 0.8965 99 181 253 373
horse 0.0282 73 194 189 382
horse 0.0132 82 185 164 322
horse 0.0066 103 191 145 279
horse 0.0037 163 202 252 360
horse 0.0022 109 179 207 256
horse 0.0021 113 186 203 339
horse 0.0020 52 193 137 306
horse 0.0011 75 198 115 281
bottle 0.0014 243 349 286 378
