person 0.5075 5 286 113 382
person 0.0471 0 246 63 384
person 0.0222 0 247 29 378
person 0.0136 263 43 291 80
person 0.0087 34 329 132 379
person 0.0086 40 291 96 349
person 0.0051 70 326 96 353
person 0.0049 19 293 76 375
person 0.0046 87 22 491 375
person 0.0033 53 299 93 330
person 0.0032 56 223 87 265
person 0.0022 -6 249 102 356
person 0.0021 122 218 456 346
person 0.0021 30 265 138 373
person 0.0020 456 8 497 75
person 0.0019 3 320 91 380
person 0.0018 0 328 53 382
person 0.0017 -21 210 443 396
person 0.0013 139 278 430 352
boat 0.0013 91 -2 487 322
cat 0.0053 31 288 132 381
cat 0.0036 0 242 31 358
cat 0.0012 1 286 96 382
dog 0.0036 1 286 96 382
dog 0.0027 70 326 96 353
dog 0.0015 0 247 29 378
dog 0.0010 40 291 96 349
bottle 0.0030 479 343 499 366
bottle 0.0022 456 8 497 75
bottle 0.0018 416 302 442 372
bottle 0.0017 419 306 437 354
bottle 0.0015 70 326 96 353
chair 0.1117 5 286 113 382
chair 0.0931 122 218 456 346
chair 0.0365 34 329 132 379
chair 0.0241 0 242 31 358
chair 0.0176 87 189 131 264
chair 0.0094 -2 249 73 382
chair 0.0093 30 265 138 373
chair 0.0087 422 296 469 345
chair 0.0083 0 244 30 276
chair 0.0044 139 278 430 352
chair 0.0039 4 345 46 378
chair 0.0033 0 328 53 382
chair 0.0032 14 234 43 275
chair 0.0031 156 219 399 305
chair 0.0030 -1 85 176 285
chair 0.0021 0 342 24 381
chair 0.0020 3 320 91 380
chair 0.0019 53 184 140 271
chair 0.0018 70 114 134 160
chair 0.0018 119 97 464 367
chair 0.0016 0 357 30 384
chair 0.0014 40 291 96 349
chair 0.0014 0 207 32 309
chair 0.0013 100 314 460 363
chair 0.0011 0 217 21 256
chair 0.0011 0 265 25 398
chair 0.0010 427 297 503 376
chair 0.0010 -21 210 443 396
sofa 0.5945 114 226 455 365
sofa 0.2112 13 286 121 387
sofa 0.0334 34 329 132 379
sofa 0.0321 0 246 63 384
sofa 0.0280 0 247 29 378
sofa 0.0182 -6 249 102 356
sofa 0.0114 139 278 430 352
sofa 0.0077 141 220 428 311
sofa 0.0033 -9 158 438 383
sofa 0.0032 180 89 399 232
sofa 0.0030 24 268 143 335
sofa 0.0028 40 291 96 349
sofa 0.0025 -1 248 169 385
sofa 0.0025 -44 299 470 387
sofa 0.0018 -1 85 176 285
sofa 0.0013 14 240 342 376
pottedplant 0.3526 1 99 126 285
pottedplant 0.0662 235 89 417 239
pottedplant 0.0467 3 173 85 276
pottedplant 0.0371 4 185 56 259
pottedplant 0.0312 8 36 58 103
pottedplant 0.0259 70 114 134 160
pottedplant 0.0219 6 110 87 252
pottedplant 0.0179 0 22 67 275
pottedplant 0.0125 261 99 296 124
pottedplant 0.0110 2 34 114 219
pottedplant 0.0104 151 90 351 228
pottedplant 0.0102 291 98 378 231
pottedplant 0.0094 40 98 141 216
pottedplant 0.0075 243 98 281 122
pottedplant 0.0074 -2 69 99 173
pottedplant 0.0067 15 214 76 275
pottedplant 0.0057 8 205 49 237
pottedplant 0.0054 0 161 23 279
pottedplant 0.0049 165 101 261 225
pottedplant 0.0047 16 164 73 235
pottedplant 0.0046 0 37 17 131
pottedplant 0.0044 0 197 18 246
pottedplant 0.0043 0 42 29 203
pottedplant 0.0042 6 227 49 280
pottedplant 0.0038 6 148 55 222
pottedplant 0.0033 13 225 48 259
pottedplant 0.0031 1 93 63 162
pottedplant 0.0029 44 152 88 250
pottedplant 0.0026 1 40 89 130
pottedplant 0.0025 0 120 21 244
pottedplant 0.0025 50 215 90 271
pottedplant 0.0024 14 41 49 84
pottedplant 0.0023 40 241 64 276
pottedplant 0.0021 0 217 21 256
pottedplant 0.0017 9 185 44 222
pottedplant 0.0017 275 100 312 123
pottedplant 0.0015 0 174 17 230
pottedplant 0.0015 87 22 491 375
pottedplant 0.0014 11 161 38 202
pottedplant 0.0014 0 237 43 361
pottedplant 0.0014 0 207 32 309
pottedplant 0.0014 28 224 63 253
pottedplant 0.0014 51 74 154 147
pottedplant 0.0013 214 24 297 96
pottedplant 0.0013 51 79 297 242
pottedplant 0.0013 -4 93 76 202
pottedplant 0.0012 249 98 302 147
pottedplant 0.0012 30 49 57 89
pottedplant 0.0011 180 106 226 132
pottedplant 0.0010 -2 116 68 342
pottedplant 0.0010 -42 34 237 340
pottedplant 0.0010 0 35 15 92
diningtable 0.0073 -44 299 470 387
diningtable 0.0065 13 286 121 387
diningtable 0.0023 43 206 469 396
diningtable 0.0012 139 278 430 352
diningtable 0.0010 436 302 501 370
tvmonitor 0.0017 456 8 497 75
tvmonitor 0.0010 87 189 131 264
