person 0.0040 350 351 376 374
boat 0.7133 143 166 223 271
boat 0.0954 167 246 225 268
boat 0.0270 382 218 402 247
boat 0.0243 205 241 232 267
boat 0.0183 170 201 227 263
boat 0.0156 133 246 157 265
boat 0.0151 209 223 235 256
boat 0.0105 142 247 190 266
boat 0.0104 84 230 121 252
boat 0.0087 365 225 392 249
boat 0.0057 186 221 218 257
boat 0.0054 194 205 239 264
boat 0.0045 67 231 106 251
boat 0.0038 107 243 151 261
boat 0.0037 154 258 218 272
boat 0.0036 80 239 127 257
boat 0.0032 219 224 250 247
boat 0.0031 133 223 159 255
boat 0.0030 109 226 143 252
boat 0.0025 141 228 229 274
boat 0.0024 169 214 200 259
boat 0.0019 147 216 175 257
boat 0.0015 141 187 189 270
boat 0.0011 60 238 111 256
boat 0.0011 52 228 87 252
bird 0.0012 350 351 376 374
