person 0.0204 457 99 480 132
person 0.0156 476 134 500 256
person 0.0136 482 163 500 223
person 0.0098 286 63 310 101
person 0.0028 300 45 344 74
person 0.0028 416 104 445 134
person 0.0024 125 121 149 147
person 0.0022 482 186 500 238
person 0.0022 484 128 499 186
person 0.0019 250 120 270 163
person 0.0017 245 82 272 109
person 0.0017 207 78 234 106
person 0.0016 224 69 249 103
person 0.0014 192 86 218 108
person 0.0014 284 85 316 105
person 0.0014 481 102 499 138
person 0.0013 286 50 311 80
person 0.0012 457 114 481 157
person 0.0011 377 70 414 92
person 0.0010 391 67 433 90
bicycle 0.0452 284 85 316 105
bicycle 0.0249 397 103 493 222
bicycle 0.0177 292 86 337 107
bicycle 0.0022 453 111 499 206
bicycle 0.0021 457 99 480 132
bicycle 0.0019 477 112 501 240
bicycle 0.0012 315 84 361 104
bicycle 0.0011 445 119 499 286
car 0.0239 284 85 316 105
car 0.0119 339 75 374 96
car 0.0070 422 69 446 88
car 0.0064 391 67 433 90
car 0.0056 315 84 361 104
car 0.0054 292 86 337 107
car 0.0054 335 82 374 103
car 0.0053 371 91 413 110
car 0.0050 306 70 362 92
car 0.0037 149 112 185 130
car 0.0027 377 70 414 92
car 0.0019 357 93 393 113
car 0.0016 391 54 432 74
car 0.0014 389 91 434 109
car 0.0011 416 104 445 134
car 0.0010 364 66 390 92
car 0.0010 307 46 356 73
motorbike 0.0134 284 85 316 105
motorbike 0.0115 476 134 500 256
motorbike 0.0084 292 86 337 107
motorbike 0.0025 381 79 500 269
motorbike 0.0021 482 163 500 223
motorbike 0.0017 457 99 480 132
bus 0.2142 302 27 359 85
bus 0.0586 307 46 356 73
bus 0.0387 288 14 373 93
bus 0.0178 306 70 362 92
bus 0.0062 391 54 432 74
bus 0.0054 299 59 368 101
bus 0.0046 381 50 417 71
bus 0.0033 391 67 433 90
bus 0.0030 309 24 357 57
bus 0.0024 286 63 310 101
bus 0.0019 357 45 391 74
bus 0.0017 339 75 374 96
bus 0.0016 286 50 311 80
bus 0.0013 273 60 375 115
bus 0.0011 377 70 414 92
train 0.4291 -3 73 432 257
train 0.2337 397 103 493 222
train 0.1362 367 115 414 163
train 0.0264 357 91 451 173
train 0.0204 288 14 373 93
train 0.0117 302 27 359 85
train 0.0116 363 93 426 150
train 0.0098 267 98 383 172
train 0.0080 301 97 422 167
train 0.0074 273 60 375 115
train 0.0068 126 46 508 289
train 0.0059 311 77 500 269
train 0.0036 18 106 272 278
train 0.0035 303 26 442 90
train 0.0034 302 56 420 111
train 0.0033 355 106 468 207
train 0.0032 351 58 453 118
train 0.0031 373 87 491 154
train 0.0026 439 94 498 249
train 0.0024 385 91 500 313
train 0.0024 179 61 316 112
train 0.0023 57 110 269 201
train 0.0021 408 109 463 165
train 0.0020 357 45 391 74
train 0.0020 381 50 417 71
train 0.0020 371 91 413 110
train 0.0020 415 119 453 149
train 0.0019 453 111 499 206
train 0.0019 186 88 461 249
train 0.0019 248 57 472 204
train 0.0017 370 134 408 164
train 0.0014 233 17 359 93
train 0.0014 355 100 398 124
train 0.0010 232 69 362 121
train 0.0010 217 18 429 172
train 0.0010 242 60 311 103
train 0.0010 307 46 356 73
boat 0.0045 288 14 373 93
boat 0.0024 302 27 359 85
boat 0.0020 292 86 337 107
boat 0.0020 284 85 316 105
boat 0.0012 235 59 362 106
boat 0.0011 256 71 380 122
bottle 0.0131 482 163 500 223
bottle 0.0076 476 134 500 256
