person 0.9496 180 91 393 370
person 0.6287 338 142 357 181
person 0.5300 434 150 471 213
person 0.4779 383 143 415 181
person 0.4351 382 143 435 218
person 0.1314 425 138 452 174
person 0.0791 -5 258 97 371
person 0.0710 361 154 456 222
person 0.0697 81 277 245 376
person 0.0586 380 171 445 231
person 0.0446 34 60 396 389
person 0.0405 425 130 445 161
person 0.0306 337 158 364 183
person 0.0274 75 166 204 209
person 0.0255 411 143 463 216
person 0.0182 443 168 500 225
person 0.0155 356 162 385 183
person 0.0105 435 154 501 206
person 0.0103 128 165 170 188
person 0.0102 49 159 145 214
person 0.0101 335 138 372 183
person 0.0101 426 137 471 194
person 0.0098 374 175 419 228
person 0.0083 354 154 392 177
person 0.0080 464 183 501 223
person 0.0077 411 136 457 183
person 0.0074 320 142 438 220
person 0.0069 -3 153 72 378
person 0.0068 482 131 500 160
person 0.0064 77 170 255 370
person 0.0061 166 178 243 278
person 0.0056 161 157 259 225
person 0.0050 387 155 428 187
person 0.0041 336 144 380 209
person 0.0036 -2 320 73 372
person 0.0033 66 164 99 195
person 0.0031 57 169 110 224
person 0.0030 132 94 290 282
person 0.0029 127 169 199 223
person 0.0028 335 154 354 186
person 0.0026 62 160 114 204
person 0.0021 105 172 174 221
person 0.0021 469 142 499 219
person 0.0021 54 157 228 300
person 0.0017 160 171 206 224
person 0.0016 196 168 236 192
person 0.0016 327 132 359 185
person 0.0016 367 132 460 195
person 0.0014 111 173 230 271
person 0.0013 440 174 468 217
person 0.0013 478 159 499 200
person 0.0013 194 188 238 246
person 0.0013 469 164 499 301
person 0.0012 330 127 351 162
person 0.0012 8 168 100 220
person 0.0011 0 232 24 350
person 0.0011 381 187 410 232
person 0.0011 135 204 225 306
person 0.0011 102 160 180 201
person 0.0011 0 274 57 349
person 0.0011 155 201 213 265
person 0.0011 370 190 438 358
person 0.0010 23 285 177 373
person 0.0010 158 184 209 246
person 0.0010 179 168 221 190
person 0.0010 187 172 245 229
person 0.0010 351 174 407 225
boat 0.0013 -1 303 90 373
bottle 0.0114 198 194 234 275
bottle 0.0111 128 165 170 188
bottle 0.0086 224 327 247 361
bottle 0.0030 202 196 233 238
bottle 0.0016 203 234 227 269
bottle 0.0013 17 173 42 227
bottle 0.0011 191 199 224 234
bottle 0.0011 201 215 231 261
bottle 0.0010 167 196 195 228
chair 0.9378 404 234 502 367
chair 0.8649 52 178 127 285
chair 0.2713 0 169 53 229
chair 0.2023 161 167 203 187
chair 0.1854 438 198 471 224
chair 0.1659 0 171 23 228
chair 0.1569 403 185 450 232
chair 0.1289 66 164 99 195
chair 0.1225 391 255 442 374
chair 0.1191 185 199 231 274
chair 0.1113 166 183 240 285
chair 0.0972 482 131 500 160
chair 0.0941 17 173 42 227
chair 0.0906 376 180 407 222
chair 0.0732 440 174 468 217
chair 0.0722 76 164 142 192
chair 0.0697 111 173 230 271
chair 0.0670 -1 303 90 373
chair 0.0538 380 171 445 231
chair 0.0485 361 154 456 222
chair 0.0452 399 225 511 242
chair 0.0434 160 171 206 224
chair 0.0424 103 164 226 215
chair 0.0376 168 174 240 226
chair 0.0344 41 172 98 228
chair 0.0326 443 168 500 225
chair 0.0322 31 173 64 227
chair 0.0318 354 179 397 213
chair 0.0298 134 166 192 189
chair 0.0278 49 159 145 214
chair 0.0267 196 168 236 192
chair 0.0251 22 167 75 187
chair 0.0248 398 187 429 233
chair 0.0243 50 180 79 223
chair 0.0243 435 156 472 223
chair 0.0216 68 175 102 209
chair 0.0215 222 164 269 193
chair 0.0189 403 191 500 247
chair 0.0185 477 240 499 346
chair 0.0182 353 179 406 239
chair 0.0182 435 154 501 206
chair 0.0179 406 222 501 291
chair 0.0176 327 288 423 371
chair 0.0167 380 193 448 360
chair 0.0166 158 184 209 246
chair 0.0156 109 183 169 251
chair 0.0141 194 188 238 246
chair 0.0131 215 165 272 227
chair 0.0129 127 169 199 223
chair 0.0128 460 192 494 227
chair 0.0123 356 162 385 183
chair 0.0116 100 181 146 202
chair 0.0114 386 223 414 360
chair 0.0111 411 280 445 376
chair 0.0108 0 166 48 186
chair 0.0102 432 143 457 173
chair 0.0100 91 178 124 206
chair 0.0097 426 186 479 237
chair 0.0093 441 225 497 244
chair 0.0085 167 196 195 228
chair 0.0082 191 199 224 234
chair 0.0082 354 154 392 177
chair 0.0078 198 177 241 211
chair 0.0076 192 240 448 367
chair 0.0073 63 177 182 262
chair 0.0064 191 147 287 212
chair 0.0064 428 214 499 330
chair 0.0063 -5 252 79 371
chair 0.0063 179 168 221 190
chair 0.0061 95 170 158 221
chair 0.0059 100 191 149 272
chair 0.0058 13 166 117 230
chair 0.0053 8 203 104 310
chair 0.0051 84 278 238 373
chair 0.0050 384 282 418 372
chair 0.0050 155 201 213 265
chair 0.0049 57 165 187 224
chair 0.0046 474 184 500 328
chair 0.0046 62 160 114 204
chair 0.0044 391 202 435 310
chair 0.0044 77 213 131 287
chair 0.0043 -5 172 107 368
chair 0.0041 73 183 129 253
chair 0.0039 94 199 125 224
chair 0.0039 304 166 420 366
chair 0.0038 86 162 162 201
chair 0.0035 137 185 193 251
chair 0.0035 23 285 177 373
chair 0.0033 445 247 497 369
chair 0.0032 435 330 499 374
chair 0.0032 225 173 255 210
chair 0.0032 391 240 516 261
chair 0.0031 45 157 97 209
chair 0.0029 166 152 200 176
chair 0.0029 177 136 396 371
chair 0.0029 224 327 247 361
chair 0.0028 153 211 178 263
chair 0.0028 401 226 462 241
chair 0.0027 482 258 496 332
chair 0.0027 126 161 202 197
sofa 0.0965 -1 303 90 373
sofa 0.0448 361 154 456 222
sofa 0.0181 443 168 500 225
sofa 0.0170 177 136 396 371
sofa 0.0113 435 154 501 206
sofa 0.0079 -5 227 75 361
sofa 0.0074 351 174 407 225
sofa 0.0040 482 131 500 160
sofa 0.0030 23 285 177 373
sofa 0.0027 166 178 243 278
sofa 0.0023 153 167 249 231
sofa 0.0019 356 162 385 183
sofa 0.0018 402 146 500 216
sofa 0.0018 464 181 500 244
sofa 0.0017 -21 234 217 374
sofa 0.0014 469 142 499 219
sofa 0.0012 361 173 449 245
sofa 0.0011 0 199 434 381
sofa 0.0011 -6 261 132 371
sofa 0.0010 161 167 203 187
pottedplant 0.1502 464 183 501 223
pottedplant 0.0542 356 162 385 183
pottedplant 0.0456 425 130 445 161
pottedplant 0.0388 197 93 291 198
pottedplant 0.0254 143 95 175 174
pottedplant 0.0248 77 120 192 190
pottedplant 0.0202 191 147 287 212
pottedplant 0.0196 119 114 224 193
pottedplant 0.0144 170 97 256 197
pottedplant 0.0142 210 159 276 204
pottedplant 0.0115 222 102 266 173
pottedplant 0.0105 183 83 214 186
pottedplant 0.0104 166 152 200 176
pottedplant 0.0096 126 96 169 182
pottedplant 0.0085 482 131 500 160
pottedplant 0.0083 232 78 279 169
pottedplant 0.0076 443 168 500 225
pottedplant 0.0070 134 150 163 180
pottedplant 0.0067 162 97 198 176
pottedplant 0.0067 178 124 227 192
pottedplant 0.0066 128 165 170 188
pottedplant 0.0058 222 164 269 193
pottedplant 0.0056 211 123 272 191
pottedplant 0.0056 184 141 212 178
pottedplant 0.0055 157 126 208 189
pottedplant 0.0052 42 63 233 227
pottedplant 0.0051 469 164 499 301
pottedplant 0.0045 161 157 259 225
pottedplant 0.0044 188 157 252 201
pottedplant 0.0042 132 94 290 282
pottedplant 0.0041 196 168 236 192
pottedplant 0.0035 167 77 330 233
pottedplant 0.0031 125 72 224 171
pottedplant 0.0030 103 154 146 174
pottedplant 0.0029 191 130 249 190
pottedplant 0.0028 138 121 182 193
pottedplant 0.0026 161 167 203 187
pottedplant 0.0025 103 164 226 215
pottedplant 0.0025 0 110 59 172
pottedplant 0.0024 204 148 240 178
pottedplant 0.0021 100 105 146 172
pottedplant 0.0021 145 147 171 179
pottedplant 0.0019 118 130 171 186
pottedplant 0.0018 179 168 221 190
pottedplant 0.0016 226 75 348 168
pottedplant 0.0015 188 26 397 191
pottedplant 0.0015 24 152 73 175
pottedplant 0.0014 1 116 95 201
pottedplant 0.0012 0 105 29 214
pottedplant 0.0011 210 80 238 161
pottedplant 0.0010 344 153 396 211
pottedplant 0.0010 218 147 265 174
pottedplant 0.0010 75 114 136 167
pottedplant 0.0010 76 164 142 192
diningtable 0.4440 111 173 230 271
diningtable 0.1947 0 169 53 229
diningtable 0.1368 407 231 499 363
diningtable 0.1309 75 166 204 209
diningtable 0.1112 128 165 170 188
diningtable 0.1031 399 225 511 242
diningtable 0.0809 106 168 217 229
diningtable 0.0541 403 191 500 247
diningtable 0.0475 -1 303 90 373
diningtable 0.0431 0 166 48 186
diningtable 0.0343 356 162 385 183
diningtable 0.0323 91 170 151 189
diningtable 0.0268 0 171 23 228
diningtable 0.0231 63 177 182 262
diningtable 0.0223 29 173 110 275
diningtable 0.0210 99 182 186 202
diningtable 0.0198 22 167 75 187
diningtable 0.0182 441 225 497 244
diningtable 0.0167 109 183 169 251
diningtable 0.0126 68 162 142 203
diningtable 0.0125 160 175 246 258
diningtable 0.0124 406 222 501 291
diningtable 0.0106 371 171 455 228
diningtable 0.0104 85 205 188 299
diningtable 0.0100 161 167 203 187
diningtable 0.0096 105 172 174 221
diningtable 0.0088 17 173 42 227
diningtable 0.0083 8 168 100 220
diningtable 0.0076 54 157 228 300
diningtable 0.0075 135 204 225 306
diningtable 0.0062 66 164 99 195
diningtable 0.0062 391 240 516 261
diningtable 0.0058 183 224 228 255
diningtable 0.0052 438 198 471 224
diningtable 0.0050 376 180 407 222
diningtable 0.0048 77 157 137 173
diningtable 0.0048 77 170 255 370
diningtable 0.0046 383 157 491 227
diningtable 0.0043 222 164 269 193
diningtable 0.0042 354 154 392 177
diningtable 0.0042 126 161 202 197
diningtable 0.0042 477 240 499 346
diningtable 0.0041 102 160 180 201
diningtable 0.0036 354 179 397 213
diningtable 0.0035 453 183 499 239
diningtable 0.0032 401 226 462 241
diningtable 0.0031 56 163 155 228
diningtable 0.0031 8 203 104 310
diningtable 0.0030 -5 233 96 358
diningtable 0.0028 460 192 494 227
diningtable 0.0028 161 221 200 252
diningtable 0.0025 161 157 259 225
diningtable 0.0021 424 186 504 283
diningtable 0.0021 172 179 234 211
diningtable 0.0020 137 185 193 251
diningtable 0.0020 172 193 238 318
diningtable 0.0019 403 185 450 232
diningtable 0.0017 3 157 48 175
diningtable 0.0017 32 190 60 229
diningtable 0.0017 444 203 500 265
diningtable 0.0016 91 178 124 206
diningtable 0.0016 386 215 444 367
diningtable 0.0014 0 201 62 340
diningtable 0.0013 175 231 225 304
diningtable 0.0013 414 215 493 260
diningtable 0.0013 196 168 236 192
diningtable 0.0012 435 154 501 206
diningtable 0.0012 -3 168 69 266
diningtable 0.0012 155 201 213 265
diningtable 0.0011 482 136 500 168
diningtable 0.0011 353 179 406 239
diningtable 0.0010 21 180 67 235
diningtable 0.0010 440 174 468 217
diningtable 0.0010 210 159 276 204
tvmonitor 0.0061 161 167 203 187
tvmonitor 0.0010 482 131 500 160
