person 0.7974 75 110 118 187
person 0.3585 0 131 41 191
person 0.3190 29 143 84 226
person 0.3073 6 127 40 163
person 0.3015 41 130 77 163
person 0.0867 24 125 46 161
person 0.0542 93 108 138 178
person 0.0519 48 114 128 218
person 0.0240 65 123 86 165
person 0.0208 80 115 114 163
person 0.0204 16 117 39 144
person 0.0182 0 137 17 182
person 0.0141 106 105 133 140
person 0.0095 110 111 158 174
person 0.0093 103 129 134 163
person 0.0093 62 120 108 198
person 0.0085 40 143 79 171
person 0.0078 5 156 87 244
person 0.0070 10 131 69 195
person 0.0070 77 95 159 188
person 0.0062 73 136 169 211
person 0.0054 108 86 131 121
person 0.0053 25 112 43 151
person 0.0040 232 154 285 209
person 0.0031 141 89 160 121
person 0.0028 13 122 62 169
person 0.0028 233 141 329 221
person 0.0027 199 77 276 192
person 0.0027 303 101 329 137
person 0.0025 134 89 179 160
person 0.0025 229 297 332 365
person 0.0020 19 146 53 172
person 0.0020 214 324 331 391
person 0.0019 4 164 34 194
person 0.0018 207 149 298 213
person 0.0015 22 168 135 234
person 0.0014 0 160 38 248
person 0.0014 -2 171 21 200
person 0.0013 119 124 149 165
person 0.0012 64 141 88 184
person 0.0012 290 99 330 153
person 0.0012 106 144 132 183
person 0.0011 227 369 331 433
person 0.0011 94 80 184 170
person 0.0011 238 144 298 195
person 0.0011 180 89 201 120
person 0.0010 231 90 321 201
person 0.0010 108 73 160 135
person 0.0010 241 85 264 119
bicycle 0.0030 182 2 214 28
bird 0.0031 182 2 214 28
bottle 0.0655 127 159 149 204
bottle 0.0442 160 160 189 198
bottle 0.0416 181 160 206 200
bottle 0.0392 143 162 166 206
bottle 0.0388 108 180 129 228
bottle 0.0198 111 166 131 204
bottle 0.0119 129 152 153 187
bottle 0.0098 64 223 94 302
bottle 0.0084 107 198 130 236
bottle 0.0068 215 217 248 305
bottle 0.0066 96 186 113 226
bottle 0.0058 162 181 189 223
bottle 0.0051 123 154 162 211
bottle 0.0049 179 189 211 220
bottle 0.0046 201 172 223 203
bottle 0.0042 139 220 168 246
bottle 0.0040 177 154 204 187
bottle 0.0038 201 197 236 283
bottle 0.0037 65 221 90 262
bottle 0.0035 135 182 164 215
bottle 0.0035 206 180 231 222
bottle 0.0033 158 243 188 281
bottle 0.0031 70 251 91 303
bottle 0.0026 108 86 131 121
bottle 0.0025 146 158 205 206
bottle 0.0024 175 171 214 229
bottle 0.0022 134 172 168 234
bottle 0.0018 73 225 118 305
bottle 0.0018 149 190 194 248
bottle 0.0018 138 156 168 185
bottle 0.0017 178 225 209 301
bottle 0.0017 15 169 319 342
bottle 0.0016 50 213 135 292
bottle 0.0015 303 92 325 134
bottle 0.0015 238 258 332 319
bottle 0.0013 136 187 178 249
bottle 0.0013 99 190 135 245
bottle 0.0012 165 223 194 256
bottle 0.0012 139 210 184 271
bottle 0.0011 141 89 160 121
bottle 0.0010 61 204 97 231
bottle 0.0010 154 205 191 239
bottle 0.0010 229 297 332 365
chair 0.8431 288 178 332 268
chair 0.6889 -1 183 39 261
chair 0.3056 29 161 84 231
chair 0.2403 233 141 329 221
chair 0.1818 232 154 285 209
chair 0.1157 251 173 332 263
chair 0.1112 264 168 313 238
chair 0.0695 4 164 34 194
chair 0.0534 60 196 100 219
chair 0.0383 291 136 330 159
chair 0.0348 154 155 203 184
chair 0.0304 146 158 205 206
chair 0.0304 256 177 278 221
chair 0.0299 247 164 295 231
chair 0.0275 236 195 277 221
chair 0.0274 40 179 77 222
chair 0.0230 247 209 333 297
chair 0.0223 2 140 35 183
chair 0.0218 6 127 40 163
chair 0.0207 317 210 332 274
chair 0.0190 112 152 219 201
chair 0.0190 138 156 168 185
chair 0.0182 181 160 206 200
chair 0.0169 106 144 132 183
chair 0.0156 129 152 153 187
chair 0.0152 103 129 134 163
chair 0.0150 41 130 77 163
chair 0.0148 10 219 322 497
chair 0.0141 160 160 189 198
chair 0.0140 91 170 116 199
chair 0.0135 61 204 97 231
chair 0.0123 239 148 275 185
chair 0.0107 42 208 82 237
chair 0.0103 255 142 331 191
chair 0.0084 119 124 149 165
chair 0.0082 28 171 54 227
chair 0.0080 67 161 90 202
chair 0.0078 32 201 57 242
chair 0.0075 238 144 298 195
chair 0.0075 3 182 33 215
chair 0.0074 39 163 79 203
chair 0.0071 249 154 291 179
chair 0.0064 19 146 53 172
chair 0.0061 22 164 57 199
chair 0.0059 56 183 110 229
chair 0.0056 303 101 329 137
chair 0.0055 28 229 68 258
chair 0.0055 40 143 79 171
chair 0.0053 251 230 290 252
chair 0.0053 55 197 105 243
chair 0.0052 201 172 223 203
chair 0.0052 32 190 89 245
chair 0.0052 207 149 298 213
chair 0.0052 292 189 319 252
chair 0.0045 0 177 20 222
chair 0.0044 24 125 46 161
chair 0.0042 111 166 131 204
chair 0.0042 288 141 329 172
chair 0.0042 231 90 321 201
chair 0.0040 143 144 260 205
chair 0.0040 218 168 246 201
chair 0.0039 19 182 64 252
chair 0.0039 -2 171 21 200
chair 0.0036 227 99 267 184
chair 0.0035 -1 190 22 276
chair 0.0034 2 215 91 297
chair 0.0032 12 220 72 266
chair 0.0032 184 171 309 242
chair 0.0031 0 141 40 225
chair 0.0031 262 153 317 178
chair 0.0030 3 172 85 265
chair 0.0030 64 141 88 184
chair 0.0028 166 140 221 192
chair 0.0028 234 130 266 164
chair 0.0026 3 211 32 262
chair 0.0026 260 273 323 297
chair 0.0024 0 211 17 270
chair 0.0024 110 111 158 174
chair 0.0024 65 123 86 165
chair 0.0023 82 145 115 184
chair 0.0021 289 117 331 167
chair 0.0021 127 159 149 204
chair 0.0021 310 179 334 270
chair 0.0021 271 178 299 229
chair 0.0021 264 96 311 150
chair 0.0020 225 149 249 190
chair 0.0020 238 258 332 319
chair 0.0019 73 112 121 201
chair 0.0019 129 159 173 212
chair 0.0018 22 168 135 234
chair 0.0018 299 207 325 266
chair 0.0018 264 164 317 194
chair 0.0017 143 162 166 206
chair 0.0017 296 172 330 196
chair 0.0016 299 178 329 219
chair 0.0014 276 125 302 155
chair 0.0014 209 133 262 197
chair 0.0013 250 206 280 238
chair 0.0012 95 123 136 194
chair 0.0012 283 143 329 221
sofa 0.1234 233 141 329 221
sofa 0.0171 238 154 293 215
sofa 0.0104 255 142 331 191
sofa 0.0027 230 143 282 198
sofa 0.0021 291 136 330 159
sofa 0.0013 235 159 273 203
sofa 0.0013 288 141 329 172
sofa 0.0011 262 153 317 178
pottedplant 0.0065 108 86 131 121
pottedplant 0.0045 15 169 319 342
pottedplant 0.0043 104 78 131 105
pottedplant 0.0033 73 136 169 211
pottedplant 0.0030 240 79 263 102
pottedplant 0.0029 141 89 160 121
pottedplant 0.0026 125 90 152 122
pottedplant 0.0025 206 180 231 222
pottedplant 0.0023 168 200 247 302
pottedplant 0.0022 108 73 160 135
pottedplant 0.0019 129 152 153 187
pottedplant 0.0016 123 154 162 211
pottedplant 0.0015 137 180 267 247
pottedplant 0.0014 112 152 219 201
pottedplant 0.0011 127 70 156 98
pottedplant 0.0011 76 172 187 241
diningtable 0.7928 10 219 322 497
diningtable 0.1850 15 169 319 342
diningtable 0.0337 2 140 35 183
diningtable 0.0227 4 164 34 194
diningtable 0.0151 112 152 219 201
diningtable 0.0098 40 143 79 171
diningtable 0.0082 19 146 53 172
diningtable 0.0076 103 129 134 163
diningtable 0.0071 106 144 132 183
diningtable 0.0063 22 168 135 234
diningtable 0.0060 133 173 254 232
diningtable 0.0054 119 124 149 165
diningtable 0.0045 146 158 205 206
diningtable 0.0039 0 208 180 378
diningtable 0.0039 51 184 144 253
diningtable 0.0038 73 136 169 211
diningtable 0.0037 60 196 100 219
diningtable 0.0034 110 167 208 236
diningtable 0.0034 61 204 97 231
diningtable 0.0031 6 445 332 499
diningtable 0.0030 138 156 168 185
diningtable 0.0027 -2 171 21 200
diningtable 0.0026 143 144 260 205
diningtable 0.0025 154 155 203 184
diningtable 0.0025 61 225 138 324
diningtable 0.0024 2 215 91 297
diningtable 0.0023 23 385 319 496
diningtable 0.0023 291 136 330 159
diningtable 0.0021 129 152 153 187
diningtable 0.0021 63 165 172 238
diningtable 0.0020 235 206 275 226
diningtable 0.0020 6 127 40 163
diningtable 0.0019 48 114 128 218
diningtable 0.0019 64 141 88 184
diningtable 0.0015 160 160 189 198
diningtable 0.0015 34 240 162 352
diningtable 0.0015 143 137 207 159
diningtable 0.0015 246 214 330 303
diningtable 0.0014 19 132 88 229
diningtable 0.0014 67 161 90 202
diningtable 0.0014 91 169 186 270
diningtable 0.0013 128 180 218 260
diningtable 0.0011 55 197 105 243
diningtable 0.0011 99 231 170 326
diningtable 0.0011 18 144 239 291
diningtable 0.0011 182 167 283 232
diningtable 0.0010 114 101 220 185
diningtable 0.0010 161 181 267 260
diningtable 0.0010 288 141 329 172
diningtable 0.0010 111 166 131 204
tvmonitor 0.0030 264 96 311 150
tvmonitor 0.0022 154 155 203 184
tvmonitor 0.0010 266 41 328 99
