person 0.0019 237 87 285 107
person 0.0012 232 92 261 113
car 0.9081 245 166 307 194
car 0.1330 237 87 285 107
car 0.0072 480 4 500 28
car 0.0068 232 92 261 113
car 0.0050 250 93 296 111
car 0.0024 414 0 484 22
car 0.0024 129 113 170 137
car 0.0020 245 176 277 198
car 0.0016 292 31 333 47
car 0.0013 272 166 311 191
car 0.0012 435 6 507 26
motorbike 0.0012 245 166 307 194
aeroplane 0.0038 -35 31 452 223
aeroplane 0.0036 417 6 479 26
aeroplane 0.0019 44 16 528 159
bus 0.1656 237 87 285 107
bus 0.0127 250 93 296 111
bus 0.0076 169 56 506 115
bus 0.0052 417 6 479 26
bus 0.0044 62 39 513 134
bus 0.0036 231 81 294 119
bus 0.0024 232 92 261 113
bus 0.0024 181 79 418 117
bus 0.0019 10 82 282 154
bus 0.0019 242 165 311 197
bus 0.0014 241 75 282 100
bus 0.0011 480 4 500 28
bus 0.0010 269 94 320 112
train 0.0076 -5 87 280 166
train 0.0065 62 39 513 134
train 0.0047 -35 31 452 223
train 0.0026 169 56 506 115
train 0.0016 237 87 285 107
train 0.0012 417 6 479 26
train 0.0011 2 68 410 176
train 0.0011 11 79 272 251
boat 0.0173 417 6 479 26
boat 0.0015 480 4 500 28
horse 0.0012 237 87 285 107
