person 0.0132 397 252 418 287
person 0.0031 4 251 24 287
person 0.0011 10 250 33 288
boat 0.9317 251 194 320 305
boat 0.4429 82 251 101 290
boat 0.3812 397 252 418 287
boat 0.2140 4 251 24 287
boat 0.1287 10 250 33 288
boat 0.0453 4 244 109 296
boat 0.0403 347 211 479 290
boat 0.0191 390 222 426 287
boat 0.0164 65 246 107 295
boat 0.0120 259 277 322 301
boat 0.0051 79 245 122 294
boat 0.0042 3 247 45 294
boat 0.0036 373 281 422 293
boat 0.0034 42 260 98 288
boat 0.0020 41 238 227 296
boat 0.0017 0 244 28 303
boat 0.0016 222 89 354 307
boat 0.0014 276 208 393 300
boat 0.0014 243 152 505 306
boat 0.0011 0 219 23 289
boat 0.0010 11 262 83 288
boat 0.0010 3 254 113 326
bird 0.0133 10 250 33 288
bird 0.0125 4 251 24 287
bird 0.0110 82 251 101 290
chair 0.0019 10 250 33 288
