person 0.0569 282 98 313 158
person 0.0285 316 109 354 175
person 0.0054 215 162 334 243
person 0.0035 106 131 132 229
person 0.0031 86 129 128 219
person 0.0018 383 29 411 55
person 0.0017 351 118 406 197
person 0.0016 416 24 435 56
person 0.0015 68 116 131 258
person 0.0014 285 104 351 169
person 0.0013 399 24 420 57
person 0.0012 286 98 377 192
person 0.0012 481 13 498 65
person 0.0011 369 313 500 376
person 0.0010 67 121 111 202
bicycle 0.0061 62 111 136 361
bicycle 0.0011 68 116 131 258
motorbike 0.0036 67 138 106 207
motorbike 0.0035 86 129 128 219
motorbike 0.0013 62 111 136 361
cat 0.0044 316 109 354 175
cat 0.0011 286 100 311 147
dog 0.0126 316 109 354 175
dog 0.0026 285 112 309 161
horse 0.0012 86 129 128 219
horse 0.0011 71 113 129 319
horse 0.0011 316 109 354 175
bottle 0.0033 466 153 500 238
bottle 0.0021 279 31 301 66
bottle 0.0010 358 171 505 363
bottle 0.0010 308 40 330 72
chair 0.5117 358 171 505 363
chair 0.1897 316 109 354 175
chair 0.1890 370 307 504 378
chair 0.1780 406 142 496 241
chair 0.1741 384 165 491 280
chair 0.1481 351 118 406 197
chair 0.1191 283 101 312 166
chair 0.0895 164 96 214 146
chair 0.0846 466 153 500 238
chair 0.0728 417 169 478 236
chair 0.0386 372 236 499 314
chair 0.0280 320 100 403 196
chair 0.0210 240 108 284 138
chair 0.0203 452 136 499 219
chair 0.0189 412 118 498 204
chair 0.0186 419 133 491 184
chair 0.0118 320 135 349 175
chair 0.0098 479 136 499 183
chair 0.0089 477 184 499 237
chair 0.0081 185 95 216 139
chair 0.0081 420 142 480 211
chair 0.0079 62 111 136 361
chair 0.0072 477 154 500 194
chair 0.0070 230 111 286 159
chair 0.0062 363 151 397 193
chair 0.0057 472 111 500 208
chair 0.0055 286 98 377 192
chair 0.0045 239 63 283 139
chair 0.0042 235 124 283 151
chair 0.0041 152 105 171 142
chair 0.0039 292 71 414 172
chair 0.0038 427 137 480 171
chair 0.0038 285 104 351 169
chair 0.0037 302 122 328 162
chair 0.0036 370 144 412 205
chair 0.0035 428 165 477 189
chair 0.0032 326 112 375 174
chair 0.0030 361 119 400 154
chair 0.0029 254 104 305 170
chair 0.0029 265 25 414 191
chair 0.0029 447 139 493 176
chair 0.0028 166 125 277 188
chair 0.0028 3 118 119 351
chair 0.0028 177 144 324 247
chair 0.0027 179 128 217 151
chair 0.0027 215 134 266 154
chair 0.0025 462 186 486 239
chair 0.0025 376 154 401 202
chair 0.0022 4 116 98 235
chair 0.0022 85 198 126 311
chair 0.0020 342 133 362 178
chair 0.0019 265 118 293 156
chair 0.0019 261 101 287 143
chair 0.0018 114 71 461 380
chair 0.0018 323 109 353 137
chair 0.0017 97 157 119 199
chair 0.0016 425 162 504 264
chair 0.0016 240 102 349 186
chair 0.0016 229 107 257 140
chair 0.0016 462 200 501 265
chair 0.0015 280 120 319 185
chair 0.0015 466 225 500 257
chair 0.0013 351 266 515 384
chair 0.0013 106 131 132 229
chair 0.0013 170 116 208 150
chair 0.0012 248 81 280 114
chair 0.0011 86 129 128 219
chair 0.0010 67 138 106 207
chair 0.0010 205 98 225 140
sofa 0.2692 358 171 505 363
sofa 0.0344 384 165 491 280
sofa 0.0216 164 96 214 146
sofa 0.0168 406 142 496 241
sofa 0.0125 114 71 461 380
sofa 0.0106 366 227 500 318
sofa 0.0047 62 111 136 361
sofa 0.0040 283 101 312 166
sofa 0.0038 316 109 354 175
sofa 0.0015 466 153 500 238
sofa 0.0015 303 98 409 185
sofa 0.0015 417 169 478 236
sofa 0.0014 363 293 503 374
sofa 0.0011 283 101 357 179
sofa 0.0011 149 145 421 310
sofa 0.0010 0 112 102 199
pottedplant 0.3000 164 96 214 146
pottedplant 0.1333 188 1 285 62
pottedplant 0.0715 153 112 342 265
pottedplant 0.0552 190 0 292 137
pottedplant 0.0240 182 94 215 119
pottedplant 0.0184 180 148 305 239
pottedplant 0.0153 166 125 277 188
pottedplant 0.0127 195 -2 254 44
pottedplant 0.0124 272 30 298 63
pottedplant 0.0108 230 -1 282 55
pottedplant 0.0102 64 38 435 339
pottedplant 0.0067 364 55 397 74
pottedplant 0.0064 188 0 208 33
pottedplant 0.0063 202 -1 236 38
pottedplant 0.0058 180 144 214 172
pottedplant 0.0054 283 101 312 166
pottedplant 0.0053 274 37 295 80
pottedplant 0.0039 255 15 301 73
pottedplant 0.0036 261 25 297 101
pottedplant 0.0035 220 169 269 228
pottedplant 0.0030 336 47 368 73
pottedplant 0.0030 186 16 224 142
pottedplant 0.0028 215 162 334 243
pottedplant 0.0024 250 0 277 46
pottedplant 0.0024 323 109 353 137
pottedplant 0.0023 188 160 220 186
pottedplant 0.0022 308 40 330 72
pottedplant 0.0019 170 8 316 200
pottedplant 0.0019 261 167 291 195
pottedplant 0.0018 190 169 250 221
pottedplant 0.0017 457 163 498 240
pottedplant 0.0016 261 177 288 209
pottedplant 0.0016 174 71 220 138
pottedplant 0.0015 200 148 245 172
pottedplant 0.0015 415 125 498 234
pottedplant 0.0015 416 24 435 56
pottedplant 0.0014 79 110 124 201
pottedplant 0.0014 193 164 247 186
pottedplant 0.0014 248 22 275 55
pottedplant 0.0014 241 17 285 112
pottedplant 0.0012 253 0 277 23
pottedplant 0.0012 316 109 354 175
pottedplant 0.0012 383 29 411 55
pottedplant 0.0012 284 37 304 75
pottedplant 0.0011 164 10 244 149
pottedplant 0.0011 222 1 260 40
pottedplant 0.0011 210 -1 298 89
pottedplant 0.0011 468 130 500 233
pottedplant 0.0010 325 45 357 73
pottedplant 0.0010 222 146 258 172
diningtable 0.0322 89 133 489 388
diningtable 0.0070 412 118 498 204
diningtable 0.0050 359 215 503 375
diningtable 0.0049 64 38 435 339
diningtable 0.0046 370 307 504 378
diningtable 0.0035 149 145 421 310
diningtable 0.0035 62 111 136 361
diningtable 0.0027 406 142 496 241
diningtable 0.0025 153 112 342 265
diningtable 0.0023 240 108 284 138
diningtable 0.0018 419 133 491 184
diningtable 0.0016 133 238 518 367
diningtable 0.0014 466 153 500 238
diningtable 0.0014 3 118 119 351
diningtable 0.0012 164 96 214 146
diningtable 0.0010 428 165 477 189
tvmonitor 0.0152 442 20 466 56
tvmonitor 0.0021 84 32 140 80
tvmonitor 0.0017 62 133 441 387
