person 0.0146 144 4 234 104
person 0.0045 74 17 301 174
person 0.0044 149 39 244 137
person 0.0038 112 347 271 511
person 0.0036 104 -5 356 127
person 0.0033 160 11 297 113
person 0.0014 132 342 221 485
aeroplane 0.0015 -18 14 401 413
bird 0.2791 135 342 213 414
bird 0.0624 132 342 221 485
bird 0.0262 144 4 234 104
bird 0.0176 124 333 342 499
bird 0.0162 127 269 246 465
bird 0.0118 56 332 243 497
bird 0.0055 160 11 297 113
bird 0.0046 160 0 220 59
bird 0.0031 55 340 229 417
bird 0.0028 -16 146 394 500
bird 0.0027 192 270 238 352
bird 0.0023 48 226 248 437
bird 0.0022 153 40 248 126
bird 0.0020 135 -5 320 51
bird 0.0015 190 303 216 339
bird 0.0014 166 -1 221 23
bird 0.0013 199 344 241 412
bird 0.0013 74 17 301 174
bird 0.0012 104 -5 356 127
bird 0.0012 120 -2 241 68
bird 0.0011 -1 352 123 442
bird 0.0010 162 28 201 59
bird 0.0010 208 337 234 377
dog 0.0012 112 347 271 511
