person 0.5287 176 109 201 142
person 0.0785 181 104 217 139
person 0.0226 203 105 233 136
person 0.0108 429 144 450 170
person 0.0103 447 142 488 181
person 0.0092 234 81 256 118
person 0.0060 266 89 298 116
person 0.0057 181 122 215 141
person 0.0053 150 106 179 142
person 0.0047 233 101 256 135
person 0.0039 280 93 307 120
person 0.0035 160 101 205 145
person 0.0034 400 123 422 162
person 0.0033 242 84 276 116
person 0.0032 384 121 403 160
person 0.0026 183 91 221 117
person 0.0023 190 92 238 140
person 0.0022 430 143 477 178
person 0.0021 169 111 203 163
person 0.0011 233 71 280 127
car 0.6268 428 140 489 181
car 0.0455 429 144 450 170
car 0.0281 476 143 495 180
car 0.0082 443 156 488 183
car 0.0080 429 137 472 154
car 0.0043 0 123 19 145
car 0.0030 134 182 168 197
car 0.0028 13 123 41 143
car 0.0021 152 59 395 216
car 0.0014 481 153 498 187
bus 0.9852 147 54 379 215
bus 0.0038 428 140 489 181
dog 0.0015 176 109 201 142
