person 0.0011 458 222 498 270
person 0.0011 363 35 500 234
person 0.0011 447 92 498 269
bottle 0.9514 194 45 213 125
bottle 0.8728 220 44 242 123
bottle 0.0014 267 144 303 209
chair 0.0767 216 76 516 259
chair 0.0741 0 236 103 269
chair 0.0252 167 168 264 267
chair 0.0189 305 36 501 231
chair 0.0133 204 210 465 268
chair 0.0069 455 97 500 270
chair 0.0064 458 222 498 270
chair 0.0042 376 39 499 174
chair 0.0039 267 144 303 209
chair 0.0034 104 147 476 270
chair 0.0013 -2 246 61 269
chair 0.0011 83 149 185 223
chair 0.0010 478 43 499 208
chair 0.0010 -1 177 107 267
sofa 0.3647 216 76 516 259
sofa 0.0543 104 147 476 270
sofa 0.0106 167 168 264 267
sofa 0.0068 0 236 103 269
sofa 0.0065 194 193 473 261
sofa 0.0063 305 36 501 231
sofa 0.0045 455 97 500 270
sofa 0.0014 149 126 328 253
sofa 0.0011 458 222 498 270
sofa 0.0010 12 80 419 276
pottedplant 0.5338 83 149 185 223
pottedplant 0.0088 79 142 129 191
pottedplant 0.0057 11 131 195 206
pottedplant 0.0019 149 164 179 188
pottedplant 0.0017 85 146 163 188
pottedplant 0.0014 267 144 303 209
pottedplant 0.0014 110 149 182 186
pottedplant 0.0012 85 152 124 180
diningtable 0.0417 0 236 103 269
diningtable 0.0045 1 225 185 272
diningtable 0.0041 -4 139 201 273
diningtable 0.0030 -1 180 99 270
diningtable 0.0025 -15 188 188 260
diningtable 0.0011 154 150 513 265
tvmonitor 0.0015 366 23 501 195
