person 0.0021 171 84 255 219
person 0.0021 86 1 265 221
person 0.0020 181 97 222 181
person 0.0020 307 104 329 143
person 0.0017 144 49 280 250
person 0.0016 140 88 218 214
person 0.0015 379 102 401 138
car 0.7630 407 306 451 324
car 0.0027 374 306 419 322
car 0.0013 307 104 329 143
car 0.0010 321 120 350 152
aeroplane 0.0051 407 306 451 324
bus 0.0043 407 306 451 324
boat 0.0087 407 306 451 324
horse 0.0072 307 104 329 143
horse 0.0011 161 79 243 205
sheep 0.0016 307 104 329 143
cow 0.0018 307 104 329 143
