person 0.0440 51 188 75 223
person 0.0084 45 169 103 225
person 0.0054 67 189 102 220
person 0.0046 478 141 500 178
person 0.0040 147 72 173 104
person 0.0036 233 91 257 120
person 0.0031 134 67 165 102
person 0.0028 459 146 487 177
person 0.0018 438 148 462 183
person 0.0015 132 175 165 215
person 0.0012 0 170 14 236
person 0.0011 478 164 500 194
person 0.0011 192 82 218 115
person 0.0010 0 17 16 77
bicycle 0.0014 51 188 75 223
car 0.0014 154 254 202 273
car 0.0012 478 141 500 178
bus 0.0029 132 71 372 217
bus 0.0024 232 86 363 155
bus 0.0023 478 141 500 178
bus 0.0018 8 20 354 279
bus 0.0015 438 148 462 183
train 0.4030 8 20 354 279
train 0.0347 132 71 372 217
train 0.0151 232 86 363 155
train 0.0132 478 141 500 178
train 0.0089 130 -3 515 303
train 0.0076 438 148 462 183
train 0.0067 320 94 480 304
train 0.0061 173 69 331 167
train 0.0057 405 131 501 191
train 0.0055 459 146 487 177
train 0.0054 312 132 365 193
train 0.0052 444 132 500 181
train 0.0041 260 106 381 187
train 0.0030 311 118 424 205
train 0.0025 356 107 440 220
train 0.0022 291 135 341 194
train 0.0019 411 151 456 208
train 0.0018 395 137 429 226
train 0.0018 213 46 377 179
train 0.0016 262 31 458 286
train 0.0015 420 163 448 202
train 0.0015 247 32 355 96
train 0.0012 162 77 267 214
train 0.0012 7 14 348 132
train 0.0010 128 88 218 219
dog 0.0016 51 188 75 223
bottle 0.0016 443 91 470 123
chair 0.0019 478 141 500 178
chair 0.0011 420 163 448 202
chair 0.0011 478 172 499 308
diningtable 0.0013 420 163 448 202
tvmonitor 0.0875 247 32 355 96
tvmonitor 0.0107 377 2 498 83
