person 0.7704 235 44 494 386
person 0.7574 -2 40 280 386
person 0.0842 0 139 28 331
person 0.0510 190 67 314 378
person 0.0330 72 15 423 373
person 0.0292 1 70 110 376
person 0.0200 6 170 38 336
person 0.0147 80 285 261 375
person 0.0146 111 33 303 353
person 0.0126 227 86 343 304
person 0.0121 243 100 337 203
person 0.0115 427 221 501 364
person 0.0108 0 148 28 198
person 0.0101 0 1 61 372
person 0.0076 0 139 55 321
person 0.0070 476 130 499 217
person 0.0058 428 53 503 390
person 0.0049 167 280 255 377
person 0.0048 62 93 96 157
person 0.0047 0 6 116 213
person 0.0036 0 40 25 234
person 0.0035 0 22 61 195
person 0.0033 163 19 341 288
person 0.0031 471 150 500 282
person 0.0030 15 184 97 351
person 0.0026 479 172 500 215
person 0.0025 11 157 86 293
person 0.0025 0 131 42 218
person 0.0021 0 2 30 80
person 0.0021 13 73 98 176
person 0.0019 234 75 330 173
person 0.0014 192 6 280 127
person 0.0014 217 122 306 266
person 0.0013 99 150 137 177
person 0.0013 5 159 37 200
person 0.0013 0 336 26 374
person 0.0013 0 223 16 287
person 0.0012 250 143 324 301
person 0.0011 475 94 500 189
person 0.0011 44 91 90 150
person 0.0011 302 18 498 213
person 0.0010 300 164 372 305
car 0.0037 0 336 26 374
car 0.0015 0 290 34 376
bottle 0.0201 0 290 34 376
bottle 0.0039 416 222 497 369
bottle 0.0035 44 91 90 150
bottle 0.0033 0 336 26 374
bottle 0.0026 6 170 38 336
bottle 0.0016 329 237 410 369
bottle 0.0014 48 87 71 126
bottle 0.0010 352 232 444 377
chair 0.0067 476 117 499 206
chair 0.0035 471 38 500 127
chair 0.0033 21 24 324 380
chair 0.0031 321 217 490 375
chair 0.0023 243 100 337 203
chair 0.0023 0 290 34 376
chair 0.0021 427 221 501 364
chair 0.0019 477 83 500 124
chair 0.0016 481 152 500 206
chair 0.0015 474 64 500 98
chair 0.0012 279 186 313 286
chair 0.0011 305 55 490 375
chair 0.0011 227 86 343 304
chair 0.0011 474 135 500 253
chair 0.0011 1 4 111 300
chair 0.0010 473 44 501 198
chair 0.0010 21 88 103 194
chair 0.0010 0 174 28 365
sofa 0.0244 45 18 369 379
sofa 0.0053 321 217 490 375
sofa 0.0026 227 86 343 304
sofa 0.0020 243 100 337 203
sofa 0.0013 173 62 486 375
sofa 0.0010 190 67 314 378
sofa 0.0010 163 19 341 288
diningtable 0.0278 320 307 436 373
diningtable 0.0050 6 294 162 375
diningtable 0.0043 228 297 411 373
diningtable 0.0034 321 217 490 375
diningtable 0.0028 284 346 467 381
diningtable 0.0024 17 285 98 371
diningtable 0.0023 0 336 26 374
diningtable 0.0010 175 285 484 378
diningtable 0.0010 430 319 498 375
