person 0.7942 1 60 124 367
person 0.7678 228 -31 505 393
person 0.3115 440 12 498 360
person 0.0880 0 63 61 329
person 0.0699 472 36 499 280
person 0.0630 0 0 27 41
person 0.0529 442 62 500 236
person 0.0444 480 52 499 154
person 0.0387 195 152 318 370
person 0.0298 247 115 269 154
person 0.0258 248 107 266 144
person 0.0226 335 294 492 375
person 0.0182 168 105 184 151
person 0.0170 271 114 295 158
person 0.0147 271 111 331 166
person 0.0143 452 78 499 160
person 0.0098 449 132 501 226
person 0.0097 264 100 289 146
person 0.0076 240 120 336 197
person 0.0074 255 104 300 167
person 0.0068 438 3 499 157
person 0.0060 154 102 174 146
person 0.0052 232 121 253 156
person 0.0051 276 123 311 155
person 0.0050 272 88 322 157
person 0.0049 220 13 354 369
person 0.0049 471 124 500 349
person 0.0048 -1 2 35 80
person 0.0046 1 264 121 364
person 0.0044 487 87 500 153
person 0.0038 199 99 214 153
person 0.0036 482 319 500 378
person 0.0035 248 154 301 203
person 0.0033 60 4 79 33
person 0.0031 282 106 312 143
person 0.0026 82 -18 426 400
person 0.0021 77 82 97 128
person 0.0021 254 151 298 175
person 0.0021 431 31 461 130
person 0.0020 154 122 176 155
person 0.0019 484 51 500 113
person 0.0019 27 276 163 378
person 0.0019 137 111 304 354
person 0.0019 -1 223 24 357
person 0.0018 136 100 156 143
person 0.0018 19 165 154 359
person 0.0017 242 110 279 163
person 0.0017 -20 10 226 366
person 0.0016 397 139 496 380
person 0.0016 96 80 116 125
person 0.0016 0 25 31 51
person 0.0016 432 84 470 152
person 0.0014 451 118 496 316
person 0.0012 0 151 48 319
person 0.0011 0 96 27 330
person 0.0011 235 6 287 33
person 0.0011 475 293 499 375
person 0.0011 283 161 347 228
person 0.0010 279 133 346 175
bottle 0.0694 208 306 223 359
bottle 0.0450 168 110 185 155
bottle 0.0403 198 114 214 152
bottle 0.0320 63 256 80 306
bottle 0.0250 211 115 230 152
bottle 0.0250 232 121 253 156
bottle 0.0179 247 115 269 154
bottle 0.0164 313 292 358 373
bottle 0.0140 154 311 207 368
bottle 0.0112 248 107 266 144
bottle 0.0086 206 300 233 372
bottle 0.0085 78 160 99 190
bottle 0.0070 0 0 27 41
bottle 0.0064 188 187 211 234
bottle 0.0059 60 4 79 33
bottle 0.0058 337 289 373 374
bottle 0.0051 141 200 158 240
bottle 0.0047 176 183 217 239
bottle 0.0046 33 177 71 249
bottle 0.0043 91 156 121 190
bottle 0.0040 77 82 97 128
bottle 0.0036 248 154 301 203
bottle 0.0033 168 194 196 234
bottle 0.0032 35 202 63 243
bottle 0.0031 343 241 459 315
bottle 0.0026 346 292 398 368
bottle 0.0025 52 199 75 241
bottle 0.0024 231 106 255 141
bottle 0.0024 154 122 176 155
bottle 0.0023 401 295 432 323
bottle 0.0022 96 80 116 125
bottle 0.0022 338 261 469 344
bottle 0.0020 271 114 295 158
bottle 0.0018 200 156 306 208
bottle 0.0015 207 296 229 341
bottle 0.0015 55 259 86 323
bottle 0.0015 154 102 174 146
bottle 0.0014 112 156 132 188
bottle 0.0013 103 272 132 355
bottle 0.0012 254 151 298 175
bottle 0.0011 150 198 174 237
chair 0.0224 104 292 195 373
chair 0.0095 482 319 500 378
chair 0.0075 52 143 150 245
chair 0.0057 0 290 18 335
chair 0.0049 154 311 207 368
chair 0.0048 87 276 120 374
chair 0.0043 2 231 41 320
chair 0.0039 -3 290 111 374
chair 0.0039 277 152 325 169
chair 0.0025 176 183 217 239
chair 0.0025 71 266 131 365
chair 0.0024 471 146 500 361
chair 0.0023 -1 246 22 380
chair 0.0022 279 133 346 175
chair 0.0022 397 139 496 380
chair 0.0022 63 256 80 306
chair 0.0022 474 231 500 388
chair 0.0019 103 272 132 355
chair 0.0018 58 190 202 249
chair 0.0018 12 276 37 315
chair 0.0017 116 294 197 334
chair 0.0016 475 293 499 375
chair 0.0015 481 349 501 378
chair 0.0015 313 292 358 373
chair 0.0014 276 123 311 155
chair 0.0013 -1 302 15 353
chair 0.0013 -1 303 67 368
chair 0.0013 271 111 331 166
chair 0.0012 27 276 163 378
chair 0.0012 8 66 166 312
chair 0.0011 168 194 196 234
chair 0.0010 440 269 468 309
chair 0.0010 178 169 225 194
pottedplant 0.0012 0 0 27 41
diningtable 0.0738 98 286 189 374
diningtable 0.0241 58 190 202 249
diningtable 0.0077 277 152 325 169
diningtable 0.0071 45 281 375 379
diningtable 0.0069 27 276 163 378
diningtable 0.0053 112 289 204 344
diningtable 0.0045 49 313 207 379
diningtable 0.0039 63 221 273 372
diningtable 0.0031 -3 290 111 374
diningtable 0.0031 124 297 282 371
diningtable 0.0025 254 151 298 175
diningtable 0.0022 279 147 343 172
diningtable 0.0020 335 294 492 375
diningtable 0.0019 70 321 113 374
diningtable 0.0016 253 159 297 198
diningtable 0.0016 50 169 149 258
diningtable 0.0016 171 150 232 172
diningtable 0.0015 67 288 113 366
diningtable 0.0015 74 221 193 312
diningtable 0.0015 142 311 222 380
diningtable 0.0013 132 175 225 248
diningtable 0.0013 0 25 31 51
diningtable 0.0010 191 148 253 169
tvmonitor 0.7380 171 1 313 67
tvmonitor 0.0659 0 0 27 41
tvmonitor 0.0118 -1 2 35 80
tvmonitor 0.0056 0 25 31 51
tvmonitor 0.0050 174 30 305 88
tvmonitor 0.0048 200 33 281 57
tvmonitor 0.0043 235 6 287 33
tvmonitor 0.0022 215 4 296 43
tvmonitor 0.0019 146 168 177 199
tvmonitor 0.0018 195 18 286 63
tvmonitor 0.0012 118 19 321 203
tvmonitor 0.0010 187 -10 320 34
tvmonitor 0.0010 190 2 354 46
