person 0.9705 407 4 500 235
person 0.0191 0 126 17 305
person 0.0075 0 28 19 251
person 0.0071 0 -16 46 388
person 0.0063 149 79 171 120
person 0.0051 172 138 300 218
person 0.0049 474 5 500 238
person 0.0042 343 -4 485 231
person 0.0024 1 193 56 351
person 0.0024 207 92 232 122
person 0.0023 398 -3 501 59
person 0.0021 1 -9 114 386
person 0.0021 2 186 39 246
person 0.0017 0 59 20 89
person 0.0016 214 151 270 209
person 0.0015 0 42 21 83
person 0.0015 168 90 203 120
person 0.0013 8 202 36 240
person 0.0010 0 142 49 308
person 0.0010 241 89 269 120
person 0.0010 168 126 275 192
car 0.0049 150 113 216 163
train 0.0028 148 95 215 151
boat 0.0016 148 95 215 151
bird 0.0213 175 195 264 339
bird 0.0011 214 151 270 209
bird 0.0011 0 42 21 83
cat 0.3116 175 181 266 330
cat 0.0117 160 140 327 327
cat 0.0013 113 110 240 346
dog 0.8356 175 181 266 330
dog 0.0894 160 140 327 327
dog 0.0093 160 139 328 223
dog 0.0026 113 110 240 346
dog 0.0016 210 183 297 325
horse 0.0019 175 195 264 339
sheep 0.0014 157 171 272 350
bottle 0.0154 149 79 171 120
bottle 0.0070 0 126 17 305
bottle 0.0052 0 247 15 297
bottle 0.0035 0 42 21 83
bottle 0.0033 31 301 76 368
bottle 0.0027 130 78 153 115
bottle 0.0013 90 117 119 157
bottle 0.0013 419 45 440 87
bottle 0.0010 90 210 128 301
bottle 0.0010 0 234 18 354
chair 0.0178 141 116 216 252
chair 0.0175 113 110 240 346
chair 0.0068 157 134 278 336
chair 0.0056 160 142 274 225
chair 0.0020 355 10 440 132
chair 0.0016 52 91 140 357
chair 0.0016 156 115 266 193
chair 0.0013 308 63 365 109
chair 0.0013 72 73 197 371
chair 0.0013 0 49 53 399
chair 0.0013 268 19 378 125
chair 0.0011 0 142 15 255
chair 0.0010 477 76 499 239
chair 0.0010 322 83 358 110
sofa 0.0048 141 116 216 252
sofa 0.0026 160 142 274 225
sofa 0.0016 150 113 216 163
sofa 0.0013 0 49 53 399
sofa 0.0013 139 91 366 287
sofa 0.0011 156 115 266 193
sofa 0.0010 23 88 404 354
sofa 0.0010 113 110 240 346
sofa 0.0010 157 134 278 336
sofa 0.0010 2 223 82 367
pottedplant 0.0168 134 14 367 204
pottedplant 0.0024 308 63 365 109
pottedplant 0.0024 321 67 360 98
pottedplant 0.0019 64 7 436 299
pottedplant 0.0016 268 19 378 125
pottedplant 0.0010 229 76 356 143
diningtable 0.0066 3 223 86 370
diningtable 0.0042 93 38 478 343
diningtable 0.0033 -3 139 104 377
diningtable 0.0019 139 91 366 287
diningtable 0.0013 160 140 327 327
tvmonitor 0.0055 134 14 367 204
tvmonitor 0.0036 2 223 82 367
tvmonitor 0.0014 64 7 436 299
tvmonitor 0.0011 53 27 72 63
