person 0.1046 429 225 502 368
person 0.0254 435 64 500 389
person 0.0045 477 255 499 368
person 0.0022 474 154 500 319
person 0.0017 481 196 500 230
person 0.0012 378 16 504 361
person 0.0011 484 172 500 225
boat 0.7177 160 151 202 248
boat 0.2637 164 225 197 242
boat 0.1835 166 197 193 242
boat 0.0401 138 139 220 242
boat 0.0388 168 178 194 220
boat 0.0145 151 184 180 216
boat 0.0087 153 200 183 225
boat 0.0082 64 203 102 218
boat 0.0063 200 203 238 220
boat 0.0058 281 210 353 224
boat 0.0058 103 204 145 222
boat 0.0057 128 201 161 220
boat 0.0048 366 210 419 223
boat 0.0043 111 180 137 217
boat 0.0035 267 211 328 224
boat 0.0032 376 212 446 225
boat 0.0027 84 204 129 221
boat 0.0026 169 163 201 196
boat 0.0026 142 129 189 233
boat 0.0022 128 182 161 218
boat 0.0022 48 205 95 219
boat 0.0022 417 227 501 369
boat 0.0022 145 174 195 252
boat 0.0021 2 12 419 356
boat 0.0021 11 209 79 222
boat 0.0017 185 185 220 214
boat 0.0016 357 208 396 222
boat 0.0016 199 189 234 214
boat 0.0014 248 207 307 223
boat 0.0013 219 205 257 222
boat 0.0013 64 144 216 232
boat 0.0013 25 206 163 245
boat 0.0013 119 168 167 224
boat 0.0012 199 203 376 240
boat 0.0012 102 170 148 223
boat 0.0011 4 207 51 221
boat 0.0011 481 196 500 230
boat 0.0011 97 53 249 250
boat 0.0010 394 214 469 226
boat 0.0010 74 201 204 243
boat 0.0010 240 203 281 220
dog 0.0047 429 217 500 370
horse 0.7368 429 225 502 368
horse 0.0065 477 255 499 368
cow 0.0458 429 217 500 370
