person 0.0141 301 168 334 195
person 0.0059 266 158 292 192
person 0.0054 179 312 197 345
person 0.0048 205 157 230 197
person 0.0048 284 160 309 192
person 0.0035 462 214 489 263
person 0.0015 302 174 339 215
person 0.0012 246 155 273 196
car 0.0349 357 165 498 211
car 0.0255 7 356 59 375
car 0.0169 190 126 363 246
car 0.0064 271 132 361 236
car 0.0042 152 155 343 368
car 0.0041 355 165 400 187
car 0.0030 -3 133 344 382
car 0.0029 294 211 497 376
car 0.0018 481 324 499 374
car 0.0013 195 146 456 376
car 0.0011 357 175 389 212
car 0.0011 301 157 357 224
aeroplane 0.0015 357 165 498 211
bus 0.6450 187 131 329 241
bus 0.0357 271 132 361 236
bus 0.0067 7 356 59 375
bus 0.0033 356 169 499 216
bus 0.0024 211 119 358 204
bus 0.0010 10 132 404 381
bus 0.0010 260 155 300 232
bus 0.0010 198 138 238 206
train 0.0395 198 130 325 237
train 0.0086 357 165 498 211
train 0.0055 53 132 442 383
train 0.0049 271 132 361 236
train 0.0033 294 211 497 376
train 0.0020 152 155 343 368
train 0.0015 211 119 358 204
pottedplant 0.0026 127 302 192 348
pottedplant 0.0023 179 312 197 345
