person 0.9368 77 205 270 375
person 0.8825 136 151 181 209
person 0.8372 375 226 494 366
person 0.8108 251 158 306 209
person 0.6305 196 156 250 208
person 0.5713 -1 166 53 360
person 0.4918 230 215 423 364
person 0.2016 303 226 364 290
person 0.1035 292 216 379 316
person 0.0838 334 259 372 295
person 0.0770 309 225 347 259
person 0.0757 201 178 243 211
person 0.0726 302 182 333 211
person 0.0640 -1 225 50 316
person 0.0636 188 243 213 273
person 0.0603 221 157 250 195
person 0.0555 287 180 313 211
person 0.0495 340 243 451 372
person 0.0455 327 178 351 210
person 0.0358 2 157 41 273
person 0.0264 225 219 299 365
person 0.0241 303 226 405 362
person 0.0229 297 144 337 210
person 0.0187 320 138 353 213
person 0.0172 219 179 251 212
person 0.0160 230 205 343 334
person 0.0157 166 174 190 213
person 0.0144 153 174 181 214
person 0.0138 340 174 364 212
person 0.0135 205 247 235 286
person 0.0134 189 179 219 212
person 0.0130 208 153 286 217
person 0.0113 246 252 348 368
person 0.0111 196 162 220 202
person 0.0108 76 303 95 354
person 0.0106 336 247 374 373
person 0.0106 247 158 278 205
person 0.0103 189 250 223 282
person 0.0102 156 149 198 213
person 0.0097 331 153 350 206
person 0.0096 177 154 264 230
person 0.0095 0 194 25 384
person 0.0093 2 201 87 337
person 0.0085 279 162 309 202
person 0.0083 0 167 17 226
person 0.0080 351 308 458 372
person 0.0079 303 153 330 200
person 0.0078 125 206 190 262
person 0.0077 366 261 391 296
person 0.0075 332 226 375 293
person 0.0071 175 183 263 278
person 0.0064 186 230 250 284
person 0.0064 356 249 393 373
person 0.0063 80 206 199 304
person 0.0061 241 204 302 259
person 0.0056 178 165 235 218
person 0.0050 369 229 468 321
person 0.0047 380 325 480 371
person 0.0047 327 135 347 184
person 0.0046 239 162 291 216
person 0.0045 314 247 362 372
person 0.0042 300 139 326 185
person 0.0042 223 249 248 285
person 0.0042 329 323 371 374
person 0.0041 183 244 231 294
person 0.0041 0 287 17 378
person 0.0038 129 151 200 235
person 0.0037 370 241 419 301
person 0.0036 333 141 368 214
person 0.0035 402 217 427 257
person 0.0034 346 269 372 301
person 0.0032 199 131 245 197
person 0.0031 217 122 261 195
person 0.0031 252 155 338 228
person 0.0031 224 143 247 180
person 0.0031 1 193 21 237
person 0.0030 206 140 234 180
person 0.0028 201 187 300 271
person 0.0027 0 86 121 366
person 0.0027 0 75 21 243
person 0.0027 71 75 504 366
person 0.0027 216 227 255 287
person 0.0026 452 305 499 370
person 0.0025 168 204 350 371
person 0.0025 76 301 98 331
person 0.0024 345 236 370 278
person 0.0023 473 214 500 373
person 0.0021 97 262 122 295
person 0.0021 253 130 303 192
person 0.0020 146 149 170 179
person 0.0019 368 253 421 366
person 0.0019 373 257 408 292
person 0.0018 92 272 117 301
person 0.0018 7 217 37 252
person 0.0017 74 220 497 370
person 0.0016 232 186 328 260
person 0.0015 293 230 347 356
person 0.0015 191 180 250 248
person 0.0014 133 178 163 211
person 0.0013 326 289 430 373
car 0.0011 -1 203 50 308
bus 0.0134 1 30 424 343
train 0.0119 1 30 424 343
bottle 0.0061 188 243 213 273
bottle 0.0049 222 237 249 282
bottle 0.0030 205 247 235 286
chair 0.0303 4 300 93 372
chair 0.0075 186 230 250 284
chair 0.0044 191 206 249 222
chair 0.0039 222 237 249 282
chair 0.0038 0 207 52 376
chair 0.0035 0 301 14 367
chair 0.0028 453 317 499 374
chair 0.0026 205 247 235 286
chair 0.0020 188 243 213 273
chair 0.0020 0 232 20 385
chair 0.0019 76 303 95 354
chair 0.0014 -1 297 50 374
chair 0.0012 334 330 364 372
chair 0.0012 196 219 244 249
chair 0.0011 189 250 223 282
chair 0.0010 172 214 194 255
chair 0.0010 0 282 12 351
chair 0.0010 376 317 494 371
sofa 0.0038 4 300 93 372
diningtable 0.0147 191 206 249 222
diningtable 0.0018 26 297 102 317
diningtable 0.0016 452 305 499 370
diningtable 0.0011 186 211 248 269
