person 0.0018 45 27 343 252
bird 0.0742 24 151 47 170
bird 0.0118 16 101 39 121
bird 0.0068 34 26 314 255
bird 0.0024 0 167 16 189
cat 0.0128 34 26 314 255
dog 0.3577 34 26 314 255
horse 0.0023 34 26 314 255
sheep 0.4847 34 26 314 255
sheep 0.0468 209 161 299 230
sheep 0.0114 233 0 273 22
sheep 0.0041 270 0 301 24
sheep 0.0039 208 0 271 27
sheep 0.0031 24 151 47 170
sheep 0.0024 253 0 285 23
sheep 0.0017 231 -3 352 30
sheep 0.0017 44 86 182 256
sheep 0.0016 188 0 289 44
sheep 0.0011 261 -1 312 28
sheep 0.0011 259 165 306 220
cow 0.0036 34 26 314 255
cow 0.0022 24 151 47 170
cow 0.0014 195 -1 321 31
chair 0.0028 34 26 314 255
sofa 0.0051 45 27 343 252
