person 0.0719 238 268 345 368
person 0.0072 371 21 419 90
person 0.0031 345 51 363 89
person 0.0015 382 27 413 67
bird 0.0017 345 51 363 89
bird 0.0015 369 16 421 85
bird 0.0012 382 27 413 67
cat 0.0039 345 51 363 89
dog 0.0010 345 51 363 89
horse 0.0028 345 51 363 89
horse 0.0016 371 21 419 90
bottle 0.1307 246 84 265 126
bottle 0.0898 263 84 280 128
bottle 0.0763 332 339 351 376
bottle 0.0645 345 51 363 89
bottle 0.0333 230 83 250 129
bottle 0.0235 195 89 213 126
bottle 0.0121 211 87 230 128
bottle 0.0084 242 101 264 127
bottle 0.0064 167 194 187 243
bottle 0.0027 252 354 329 374
bottle 0.0024 269 345 316 366
bottle 0.0019 286 106 306 130
bottle 0.0018 236 71 266 129
bottle 0.0014 17 188 51 270
chair 0.8589 44 226 203 373
chair 0.7075 238 266 339 366
chair 0.1404 347 217 504 373
chair 0.0540 201 224 225 254
chair 0.0469 249 260 307 281
chair 0.0249 203 248 314 366
chair 0.0232 145 205 192 296
chair 0.0145 195 241 300 297
chair 0.0128 245 356 325 374
chair 0.0099 140 251 195 296
chair 0.0097 376 296 499 372
chair 0.0072 243 252 307 295
chair 0.0066 153 208 179 257
chair 0.0050 197 238 232 261
chair 0.0049 280 224 304 255
chair 0.0045 215 247 272 264
chair 0.0043 167 205 188 256
chair 0.0042 129 209 206 319
chair 0.0037 279 233 306 273
chair 0.0036 228 226 284 247
chair 0.0032 80 225 135 292
chair 0.0030 187 254 209 296
chair 0.0029 243 328 346 372
chair 0.0028 0 213 58 376
chair 0.0028 17 188 51 270
chair 0.0026 319 257 353 330
chair 0.0026 255 248 308 270
chair 0.0025 169 245 269 365
chair 0.0022 279 256 311 280
chair 0.0021 192 245 247 304
chair 0.0021 48 223 138 313
chair 0.0018 199 297 243 374
chair 0.0016 187 217 223 296
chair 0.0016 169 289 345 374
chair 0.0014 222 236 336 317
chair 0.0014 195 357 248 375
chair 0.0014 248 228 308 281
chair 0.0013 205 250 272 304
chair 0.0012 299 263 346 323
chair 0.0011 79 221 190 326
chair 0.0011 197 241 241 348
chair 0.0010 239 266 310 317
sofa 0.8899 347 217 504 373
sofa 0.4091 44 226 203 373
sofa 0.0086 376 296 499 372
sofa 0.0056 86 234 337 378
sofa 0.0045 243 275 342 376
sofa 0.0018 0 231 58 371
pottedplant 0.5450 429 18 460 93
pottedplant 0.0111 371 21 419 90
pottedplant 0.0092 167 194 187 243
pottedplant 0.0075 246 84 265 126
pottedplant 0.0069 263 84 280 128
pottedplant 0.0052 377 63 407 93
pottedplant 0.0044 344 54 362 93
pottedplant 0.0040 230 83 250 129
pottedplant 0.0028 430 38 451 94
pottedplant 0.0024 195 89 213 126
pottedplant 0.0024 286 106 306 130
pottedplant 0.0022 211 87 230 128
pottedplant 0.0013 201 224 225 254
pottedplant 0.0011 159 197 191 261
pottedplant 0.0010 397 14 471 99
diningtable 0.0483 195 241 300 297
diningtable 0.0224 243 275 342 376
diningtable 0.0099 259 352 382 389
diningtable 0.0073 203 248 314 366
diningtable 0.0056 215 247 272 264
diningtable 0.0055 146 254 362 373
diningtable 0.0034 249 260 307 281
diningtable 0.0033 169 245 269 365
diningtable 0.0031 202 228 287 247
diningtable 0.0030 223 240 340 316
diningtable 0.0028 193 185 303 261
diningtable 0.0026 243 349 348 378
diningtable 0.0022 243 328 346 372
diningtable 0.0014 197 238 232 261
diningtable 0.0013 255 248 308 270
diningtable 0.0012 117 180 316 363
diningtable 0.0011 206 257 277 282
diningtable 0.0011 245 356 325 374
