person 0.9211 217 81 342 275
person 0.8892 320 107 472 342
person 0.6545 1 57 103 252
person 0.0641 451 0 502 371
person 0.0411 467 117 499 364
person 0.0069 199 103 453 334
person 0.0057 459 139 497 292
person 0.0046 -2 192 101 272
person 0.0044 371 151 495 368
person 0.0043 5 43 172 330
person 0.0041 0 155 111 375
person 0.0040 467 55 500 185
person 0.0038 257 158 484 371
person 0.0037 0 70 23 177
person 0.0035 -3 209 109 312
person 0.0027 -1 57 70 384
person 0.0026 283 118 364 264
person 0.0025 453 99 499 179
person 0.0024 0 215 23 290
person 0.0021 0 198 22 350
person 0.0019 0 104 63 262
person 0.0019 316 229 485 373
person 0.0018 166 204 186 224
person 0.0013 369 13 504 288
person 0.0012 476 101 499 145
person 0.0011 0 167 23 267
person 0.0011 304 127 331 158
person 0.0011 0 193 60 248
person 0.0010 0 288 23 373
person 0.0010 0 88 16 147
cat 0.0014 467 117 499 364
dog 0.0040 467 139 499 370
dog 0.0020 166 204 186 224
bottle 0.8358 434 85 462 157
bottle 0.2216 399 84 416 150
bottle 0.1865 98 294 113 338
bottle 0.1741 350 84 372 114
bottle 0.0452 413 83 459 156
bottle 0.0360 453 99 499 179
bottle 0.0317 377 94 411 133
bottle 0.0192 467 55 500 185
bottle 0.0191 462 141 488 179
bottle 0.0147 456 99 483 141
bottle 0.0141 480 112 499 160
bottle 0.0100 440 83 461 129
bottle 0.0094 478 138 499 182
bottle 0.0085 397 121 422 153
bottle 0.0085 414 122 438 152
bottle 0.0080 476 101 499 145
bottle 0.0076 478 13 500 150
bottle 0.0063 456 121 490 152
bottle 0.0051 482 72 498 127
bottle 0.0045 487 45 500 114
bottle 0.0039 413 99 440 145
bottle 0.0039 353 89 387 115
bottle 0.0038 437 115 459 155
bottle 0.0030 139 235 440 374
bottle 0.0030 436 144 468 177
bottle 0.0026 244 206 284 233
bottle 0.0025 443 36 498 172
bottle 0.0023 389 130 496 184
bottle 0.0022 384 120 411 153
bottle 0.0021 173 269 218 367
bottle 0.0021 236 259 322 368
bottle 0.0017 230 193 256 231
bottle 0.0017 357 105 398 134
bottle 0.0016 374 95 409 169
bottle 0.0015 428 132 477 183
bottle 0.0013 458 80 480 129
bottle 0.0013 394 103 422 162
bottle 0.0013 345 93 411 146
bottle 0.0012 297 236 351 281
bottle 0.0011 359 76 447 151
bottle 0.0011 470 83 500 277
bottle 0.0011 337 263 367 297
bottle 0.0011 275 258 389 371
chair 0.0209 461 147 497 359
chair 0.0118 224 137 337 251
chair 0.0087 478 138 499 182
chair 0.0084 1 228 58 281
chair 0.0082 427 198 478 265
chair 0.0064 -3 209 109 312
chair 0.0063 398 198 473 336
chair 0.0059 -2 192 101 272
chair 0.0055 222 155 256 237
chair 0.0054 317 156 476 357
chair 0.0051 213 204 240 231
chair 0.0050 0 70 23 177
chair 0.0047 467 86 500 310
chair 0.0046 466 97 500 183
chair 0.0039 480 112 499 160
chair 0.0039 0 88 16 147
chair 0.0036 4 257 106 333
chair 0.0034 471 22 499 177
chair 0.0033 230 193 256 231
chair 0.0031 436 216 473 332
chair 0.0026 0 193 60 248
chair 0.0024 0 220 52 250
chair 0.0022 395 164 474 273
chair 0.0020 356 299 468 371
chair 0.0019 454 83 498 162
chair 0.0019 0 219 21 254
chair 0.0019 226 188 262 243
chair 0.0018 440 240 471 269
chair 0.0018 432 218 465 254
chair 0.0016 304 127 331 158
chair 0.0015 414 122 438 152
chair 0.0014 339 254 460 365
chair 0.0013 441 254 469 288
chair 0.0012 4 243 54 274
chair 0.0012 112 216 149 244
chair 0.0012 476 101 499 145
chair 0.0012 232 194 284 243
chair 0.0012 207 245 240 307
chair 0.0012 0 230 20 276
chair 0.0011 244 237 280 265
chair 0.0011 318 183 355 258
chair 0.0011 460 249 479 291
chair 0.0010 123 221 160 249
chair 0.0010 468 247 499 370
chair 0.0010 406 256 463 329
chair 0.0010 456 121 490 152
sofa 0.0454 28 181 474 368
sofa 0.0125 7 199 265 351
sofa 0.0057 466 96 500 335
sofa 0.0050 -1 191 95 282
sofa 0.0047 58 224 176 295
sofa 0.0023 38 205 160 277
sofa 0.0021 153 89 497 359
sofa 0.0019 257 158 484 371
sofa 0.0018 2 205 59 268
sofa 0.0018 0 231 98 321
sofa 0.0015 0 155 111 375
pottedplant 0.0142 453 99 499 179
pottedplant 0.0056 467 55 500 185
pottedplant 0.0033 443 -13 500 319
pottedplant 0.0022 480 112 499 160
pottedplant 0.0021 478 138 499 182
pottedplant 0.0015 166 204 186 224
diningtable 0.4295 37 220 314 372
diningtable 0.3462 51 229 524 359
diningtable 0.0318 -10 156 368 384
diningtable 0.0230 322 274 411 377
diningtable 0.0227 346 299 471 374
diningtable 0.0223 389 130 496 184
diningtable 0.0219 200 247 454 371
diningtable 0.0160 79 291 285 371
diningtable 0.0140 152 276 242 373
diningtable 0.0139 310 91 487 310
diningtable 0.0129 390 144 495 220
diningtable 0.0105 -1 281 357 375
diningtable 0.0095 -3 229 180 375
diningtable 0.0093 257 158 484 371
diningtable 0.0080 316 229 485 373
diningtable 0.0080 10 304 162 375
diningtable 0.0060 90 324 351 374
diningtable 0.0057 326 114 484 180
diningtable 0.0053 253 272 344 357
diningtable 0.0049 112 189 389 362
diningtable 0.0036 202 282 316 372
diningtable 0.0031 382 90 487 188
diningtable 0.0030 118 206 243 268
diningtable 0.0028 369 13 504 288
diningtable 0.0027 4 257 106 333
diningtable 0.0025 2 205 59 268
diningtable 0.0023 323 136 488 240
diningtable 0.0023 420 187 483 255
diningtable 0.0022 -1 191 95 282
diningtable 0.0018 153 89 497 359
diningtable 0.0018 267 285 382 373
diningtable 0.0016 395 164 474 273
diningtable 0.0015 374 95 409 169
diningtable 0.0015 394 308 460 358
diningtable 0.0014 312 111 409 182
diningtable 0.0012 259 326 369 373
diningtable 0.0012 362 330 432 370
diningtable 0.0012 384 120 411 153
diningtable 0.0011 370 79 458 156
tvmonitor 0.0034 0 254 100 325
