person 0.4208 208 150 229 202
person 0.4028 185 151 213 213
person 0.1543 225 153 248 190
person 0.0424 206 163 226 215
person 0.0401 476 57 500 258
person 0.0269 210 147 231 180
person 0.0172 187 147 207 177
person 0.0084 483 76 499 116
person 0.0078 481 69 500 175
person 0.0069 214 150 253 204
person 0.0054 459 72 495 279
person 0.0053 370 22 506 310
person 0.0053 248 156 280 191
person 0.0040 182 152 199 205
person 0.0032 174 157 202 228
person 0.0029 486 101 500 174
person 0.0027 130 84 158 116
person 0.0024 180 98 199 133
person 0.0022 216 159 257 272
person 0.0020 254 110 273 151
person 0.0015 259 158 287 193
person 0.0014 131 133 165 222
person 0.0012 133 125 163 159
person 0.0011 469 177 498 286
person 0.0011 371 238 494 315
person 0.0011 134 164 161 198
bicycle 0.0011 212 186 349 330
car 0.0016 212 186 349 330
motorbike 0.0044 212 186 349 330
motorbike 0.0040 375 237 491 332
bus 0.0014 15 -19 408 343
train 0.0038 102 8 475 324
horse 0.0010 219 189 345 341
cow 0.9933 216 186 346 324
cow 0.0019 272 207 357 329
cow 0.0013 262 186 373 240
bottle 0.0116 371 238 494 315
bottle 0.0019 374 278 436 332
chair 0.0341 187 166 211 214
chair 0.0183 362 224 413 282
chair 0.0151 372 236 491 331
chair 0.0145 473 294 500 330
chair 0.0127 460 186 496 276
chair 0.0077 225 153 248 190
chair 0.0070 208 150 229 202
chair 0.0065 471 172 499 331
chair 0.0055 206 163 226 215
chair 0.0053 337 195 374 222
chair 0.0053 440 285 500 333
chair 0.0050 0 184 33 241
chair 0.0048 473 252 500 331
chair 0.0042 316 187 361 215
chair 0.0035 455 219 498 325
chair 0.0029 459 72 495 279
chair 0.0027 462 231 491 269
chair 0.0024 477 271 497 320
chair 0.0024 305 187 369 239
chair 0.0022 178 168 198 219
chair 0.0020 358 159 503 331
chair 0.0019 290 187 342 212
chair 0.0013 182 152 199 205
chair 0.0012 359 228 475 287
chair 0.0012 477 204 497 261
chair 0.0011 482 225 499 283
chair 0.0011 446 179 505 316
sofa 0.0013 469 177 498 286
sofa 0.0010 371 238 494 315
diningtable 0.0063 473 294 500 330
diningtable 0.0014 225 153 248 190
diningtable 0.0010 187 166 211 214
tvmonitor 0.0058 253 47 279 78
tvmonitor 0.0013 0 189 32 234
