person 0.7969 81 91 343 315
person 0.0131 161 54 488 329
person 0.0075 282 221 381 316
person 0.0048 162 170 407 314
person 0.0047 186 105 216 173
person 0.0039 481 128 499 179
person 0.0035 453 95 497 174
person 0.0029 476 107 499 195
person 0.0023 457 105 480 152
person 0.0019 332 78 357 109
person 0.0016 483 106 499 164
person 0.0014 300 142 345 197
person 0.0013 141 72 363 254
person 0.0013 232 232 359 317
person 0.0012 195 110 249 166
person 0.0011 212 125 259 177
person 0.0010 7 296 46 320
bicycle 0.1064 349 158 460 237
bicycle 0.0617 365 135 460 212
bicycle 0.0532 382 146 446 200
bicycle 0.0344 391 119 495 214
bicycle 0.0294 387 153 495 254
bicycle 0.0043 438 133 498 284
bicycle 0.0043 396 169 494 314
bicycle 0.0025 387 114 436 195
bicycle 0.0025 321 105 495 299
bicycle 0.0019 417 98 459 165
bicycle 0.0014 362 57 429 173
bicycle 0.0013 415 154 451 187
bicycle 0.0012 418 49 497 180
bicycle 0.0011 420 143 481 199
bicycle 0.0010 396 57 498 268
car 0.0013 467 298 500 320
motorbike 0.0015 338 233 460 325
motorbike 0.0014 327 158 493 319
bird 0.0032 198 119 250 177
bird 0.0011 190 110 218 182
bird 0.0011 169 117 258 197
bird 0.0010 206 132 241 171
cat 0.0724 196 179 324 236
cat 0.0045 169 117 258 197
cat 0.0033 122 106 382 300
cat 0.0028 195 110 249 166
cat 0.0026 212 125 259 177
cat 0.0015 196 126 299 207
cat 0.0011 168 160 265 233
bottle 0.2016 316 279 350 322
bottle 0.0136 309 282 335 321
bottle 0.0087 242 149 268 182
bottle 0.0029 296 260 346 320
bottle 0.0020 302 217 377 268
bottle 0.0019 314 156 342 199
bottle 0.0019 302 268 327 314
bottle 0.0018 314 229 429 316
bottle 0.0018 300 142 345 197
bottle 0.0016 194 111 213 164
bottle 0.0014 353 309 396 324
bottle 0.0011 282 221 381 316
chair 0.6028 57 160 130 320
chair 0.2274 58 158 214 322
chair 0.0228 61 163 107 260
chair 0.0198 338 233 460 325
chair 0.0148 100 204 143 299
chair 0.0106 327 158 493 319
chair 0.0096 35 158 105 306
chair 0.0080 385 221 499 319
chair 0.0068 78 216 185 320
chair 0.0059 114 57 464 327
chair 0.0052 437 158 498 317
chair 0.0048 65 160 103 187
chair 0.0033 7 296 46 320
chair 0.0028 27 77 165 314
chair 0.0026 478 167 499 291
chair 0.0026 114 179 216 295
chair 0.0021 441 267 502 318
chair 0.0019 20 206 333 322
chair 0.0012 9 222 99 320
chair 0.0012 66 167 101 205
chair 0.0011 74 83 281 314
chair 0.0011 451 180 498 281
chair 0.0011 73 162 194 249
chair 0.0010 79 162 123 261
chair 0.0010 298 195 424 291
chair 0.0010 340 282 455 323
sofa 0.0053 36 149 321 319
diningtable 0.0143 161 54 488 329
diningtable 0.0059 203 161 457 317
diningtable 0.0028 122 106 382 300
diningtable 0.0025 250 108 488 296
tvmonitor 0.9854 256 61 375 169
tvmonitor 0.0082 412 47 502 178
tvmonitor 0.0033 104 18 473 309
tvmonitor 0.0031 362 57 429 173
tvmonitor 0.0020 270 112 365 195
tvmonitor 0.0019 222 60 429 262
tvmonitor 0.0015 196 179 322 239
tvmonitor 0.0011 258 55 460 195
