person 0.1703 56 1 517 329
person 0.0073 295 1 500 325
person 0.0014 387 19 495 306
motorbike 0.0015 -9 0 432 327
bird 0.0063 -9 0 432 327
cat 0.0987 144 -4 505 330
cat 0.0036 9 -1 354 330
dog 0.4466 27 0 471 330
dog 0.0070 295 1 500 325
horse 0.1404 -9 0 432 327
horse 0.0119 229 -8 491 335
sheep 0.0056 -9 0 432 327
cow 0.0413 56 1 517 329
cow 0.0012 1 -3 289 334
chair 0.0093 27 0 471 330
chair 0.0021 295 1 500 325
chair 0.0012 387 19 495 306
sofa 0.0221 56 1 517 329
sofa 0.0028 295 1 500 325
sofa 0.0021 387 19 495 306
