person 0.8385 1 27 131 320
person 0.5483 144 101 291 253
person 0.5232 252 61 320 205
person 0.4605 454 17 501 328
person 0.3369 223 25 439 321
person 0.1196 198 97 285 220
person 0.0997 58 138 139 276
person 0.0977 323 16 471 328
person 0.0815 99 153 144 243
person 0.0401 135 113 233 239
person 0.0330 208 50 360 282
person 0.0309 83 179 137 247
person 0.0196 29 139 149 329
person 0.0183 64 191 143 313
person 0.0174 0 64 69 325
person 0.0170 95 139 168 253
person 0.0166 408 130 446 225
person 0.0163 202 148 472 332
person 0.0144 126 145 160 244
person 0.0135 95 106 120 138
person 0.0133 451 143 499 286
person 0.0120 455 68 500 206
person 0.0119 78 107 123 166
person 0.0114 391 10 482 330
person 0.0102 256 62 315 139
person 0.0100 115 113 136 153
person 0.0087 78 106 270 294
person 0.0074 6 0 119 195
person 0.0072 103 126 149 219
person 0.0067 17 19 332 317
person 0.0067 42 159 235 328
person 0.0062 362 118 444 233
person 0.0059 135 141 158 185
person 0.0049 178 165 221 231
person 0.0048 396 129 460 259
person 0.0047 47 244 138 322
person 0.0047 67 116 114 194
person 0.0045 82 140 130 217
person 0.0045 292 83 314 116
person 0.0044 205 122 303 261
person 0.0041 257 95 298 209
person 0.0040 54 125 83 225
person 0.0040 68 84 116 152
person 0.0039 278 144 318 211
person 0.0038 59 74 134 185
person 0.0038 395 116 442 208
person 0.0037 183 125 227 226
person 0.0037 444 174 470 255
person 0.0035 -4 15 72 146
person 0.0032 406 89 447 192
person 0.0032 153 162 211 230
person 0.0030 403 120 428 156
person 0.0029 99 153 317 323
person 0.0028 47 185 94 288
person 0.0028 186 168 215 196
person 0.0027 0 47 23 304
person 0.0027 471 131 500 332
person 0.0026 267 60 317 111
person 0.0024 265 73 361 205
person 0.0022 121 127 159 188
person 0.0022 87 108 160 205
person 0.0022 54 48 207 299
person 0.0022 160 166 286 255
person 0.0021 12 122 95 286
person 0.0021 265 98 291 142
person 0.0021 77 220 136 290
person 0.0020 217 155 236 203
person 0.0020 451 176 467 223
person 0.0019 201 87 230 114
person 0.0019 0 64 62 136
person 0.0018 171 49 321 226
person 0.0017 262 142 299 209
person 0.0017 112 161 142 195
person 0.0017 21 48 113 153
person 0.0015 62 158 112 228
person 0.0015 11 118 408 361
person 0.0015 281 116 375 222
person 0.0015 118 193 139 240
person 0.0014 151 193 176 243
person 0.0014 92 95 184 182
person 0.0014 187 86 223 113
person 0.0014 2 55 91 183
person 0.0014 80 62 127 141
person 0.0013 36 165 109 303
person 0.0013 223 159 245 199
person 0.0013 194 110 244 238
person 0.0013 11 2 97 119
person 0.0012 73 125 112 160
person 0.0012 124 143 203 245
person 0.0012 61 147 80 200
person 0.0012 67 47 144 153
person 0.0011 27 102 112 248
person 0.0011 141 152 184 238
person 0.0011 106 108 146 171
person 0.0010 472 33 498 166
person 0.0010 226 45 245 79
person 0.0010 236 136 328 259
car 0.0025 137 109 218 225
car 0.0022 133 110 200 159
train 0.0021 114 13 466 325
bottle 0.1126 107 122 151 190
bottle 0.0965 115 113 136 153
bottle 0.0469 99 153 144 243
bottle 0.0394 135 141 158 185
bottle 0.0293 126 145 160 244
bottle 0.0267 111 136 143 175
bottle 0.0249 130 183 163 249
bottle 0.0228 151 193 176 243
bottle 0.0150 157 208 178 247
bottle 0.0147 72 141 143 254
bottle 0.0105 82 140 130 217
bottle 0.0101 112 161 142 195
bottle 0.0100 141 152 184 238
bottle 0.0065 131 145 209 248
bottle 0.0055 95 141 120 176
bottle 0.0054 53 268 80 317
bottle 0.0049 87 124 158 231
bottle 0.0048 87 156 117 191
bottle 0.0047 154 154 187 185
bottle 0.0047 83 179 137 247
bottle 0.0043 139 206 160 249
bottle 0.0038 131 178 158 214
bottle 0.0037 154 189 215 245
bottle 0.0036 118 193 139 240
bottle 0.0028 164 214 192 247
bottle 0.0026 188 215 212 247
bottle 0.0025 82 117 126 193
bottle 0.0024 137 109 218 225
bottle 0.0022 111 173 137 212
bottle 0.0022 209 222 235 249
bottle 0.0021 454 17 501 328
bottle 0.0017 104 142 182 247
bottle 0.0017 278 144 318 211
bottle 0.0015 76 162 102 197
bottle 0.0015 282 176 305 212
bottle 0.0014 146 184 183 207
bottle 0.0011 153 162 211 230
bottle 0.0011 282 152 307 201
chair 0.0136 452 72 501 314
chair 0.0093 186 168 215 196
chair 0.0078 408 130 446 225
chair 0.0068 74 245 138 297
chair 0.0047 188 215 212 247
chair 0.0042 160 156 188 185
chair 0.0041 142 187 181 247
chair 0.0037 130 183 163 249
chair 0.0035 131 145 209 248
chair 0.0034 473 169 499 333
chair 0.0034 35 249 290 332
chair 0.0032 445 171 500 331
chair 0.0032 269 151 292 201
chair 0.0027 47 244 138 322
chair 0.0026 177 174 219 206
chair 0.0025 419 152 441 208
chair 0.0024 55 64 87 142
chair 0.0023 178 165 221 231
chair 0.0022 444 174 470 255
chair 0.0022 153 162 211 230
chair 0.0019 278 144 318 211
chair 0.0019 456 170 483 212
chair 0.0017 262 142 299 209
chair 0.0017 63 64 106 134
chair 0.0017 221 150 488 328
chair 0.0017 362 118 444 233
chair 0.0016 46 214 92 289
chair 0.0015 139 206 160 249
chair 0.0015 157 208 178 247
chair 0.0015 74 79 98 123
chair 0.0015 216 240 264 261
chair 0.0014 455 68 500 206
chair 0.0013 137 109 218 225
chair 0.0013 398 129 466 263
chair 0.0012 217 155 236 203
chair 0.0012 154 189 215 245
chair 0.0011 454 247 489 332
chair 0.0011 282 152 307 201
chair 0.0010 410 169 457 252
sofa 0.0076 202 148 472 332
sofa 0.0060 121 44 461 346
sofa 0.0039 451 83 501 305
sofa 0.0037 29 139 149 329
sofa 0.0037 35 249 290 332
sofa 0.0020 328 143 486 330
sofa 0.0019 453 174 498 329
sofa 0.0018 39 253 142 322
sofa 0.0017 42 159 235 328
sofa 0.0014 399 180 486 326
sofa 0.0011 161 221 426 326
diningtable 0.1814 56 246 282 333
diningtable 0.0365 86 213 258 277
diningtable 0.0234 33 173 305 325
diningtable 0.0116 142 204 280 269
diningtable 0.0060 59 191 190 292
diningtable 0.0046 39 253 142 322
diningtable 0.0040 154 189 215 245
diningtable 0.0032 116 178 214 250
diningtable 0.0021 216 240 264 261
diningtable 0.0021 140 240 222 255
diningtable 0.0019 11 118 408 361
diningtable 0.0018 210 239 305 329
diningtable 0.0014 29 139 149 329
diningtable 0.0013 156 188 207 210
diningtable 0.0012 38 235 207 315
diningtable 0.0010 74 245 138 297
diningtable 0.0010 161 196 206 231
tvmonitor 0.0055 154 154 187 185
tvmonitor 0.0015 109 0 379 114
