person 0.9959 214 81 301 374
person 0.9954 279 73 378 369
person 0.9860 130 98 234 369
person 0.0289 132 49 167 105
person 0.0060 220 88 292 220
person 0.0048 134 47 156 83
person 0.0047 135 55 164 184
person 0.0043 175 142 224 208
person 0.0023 249 22 339 104
person 0.0016 241 82 285 146
person 0.0016 139 100 227 220
person 0.0013 267 132 302 332
person 0.0012 213 193 229 236
person 0.0012 209 191 235 280
person 0.0012 264 103 285 140
person 0.0011 258 256 299 373
bottle 0.3449 464 200 479 237
bottle 0.2193 477 197 500 237
bottle 0.0664 422 204 449 235
bottle 0.0615 462 214 482 245
bottle 0.0439 447 185 470 213
bottle 0.0352 438 199 461 233
bottle 0.0094 213 193 229 236
bottle 0.0050 420 220 454 239
bottle 0.0041 133 58 165 100
bottle 0.0038 414 192 451 212
bottle 0.0034 475 216 500 244
bottle 0.0028 134 47 156 83
bottle 0.0025 422 225 470 244
bottle 0.0024 371 178 391 216
bottle 0.0022 368 198 394 229
bottle 0.0018 212 240 233 274
bottle 0.0017 274 255 295 288
bottle 0.0014 132 221 149 256
bottle 0.0012 454 186 487 240
bottle 0.0012 478 186 499 222
bottle 0.0011 372 209 410 232
bottle 0.0011 345 243 367 269
bottle 0.0011 373 215 494 255
bottle 0.0010 427 189 476 238
chair 0.0081 244 261 274 367
chair 0.0047 258 256 299 373
chair 0.0039 217 255 298 368
chair 0.0036 447 185 470 213
chair 0.0021 422 204 449 235
chair 0.0016 213 193 229 236
chair 0.0014 180 163 211 198
chair 0.0014 368 198 394 229
chair 0.0012 414 192 451 212
chair 0.0011 210 181 227 224
chair 0.0010 141 243 429 367
sofa 0.0175 141 243 429 367
sofa 0.0071 216 127 301 373
sofa 0.0043 93 235 310 369
sofa 0.0030 209 258 353 364
sofa 0.0022 258 256 299 373
sofa 0.0018 136 144 255 373
sofa 0.0017 212 238 294 370
sofa 0.0010 274 255 295 288
sofa 0.0010 180 163 211 198
pottedplant 0.2946 371 178 391 216
pottedplant 0.0072 368 198 394 229
pottedplant 0.0071 454 89 488 227
pottedplant 0.0055 263 70 465 240
pottedplant 0.0050 473 87 499 232
pottedplant 0.0032 359 178 394 245
pottedplant 0.0029 361 133 391 220
pottedplant 0.0016 477 197 500 237
pottedplant 0.0010 335 95 415 218
pottedplant 0.0010 343 162 374 307
pottedplant 0.0010 447 185 470 213
diningtable 0.0039 364 217 502 249
diningtable 0.0028 372 209 410 232
diningtable 0.0020 385 192 439 210
diningtable 0.0016 93 235 310 369
diningtable 0.0016 372 197 493 241
diningtable 0.0015 141 243 429 367
diningtable 0.0010 368 198 394 229
tvmonitor 0.0077 8 203 126 347
tvmonitor 0.0062 2 -6 100 108
