person 0.0541 236 87 257 146
person 0.0394 474 3 500 40
person 0.0221 394 3 419 50
person 0.0171 317 -1 343 41
person 0.0058 172 121 197 166
person 0.0051 384 4 418 75
person 0.0045 166 107 203 179
person 0.0042 196 106 216 143
person 0.0033 454 4 481 42
person 0.0032 304 -1 329 41
person 0.0031 116 28 136 71
person 0.0026 277 0 319 53
person 0.0026 217 105 237 144
person 0.0024 56 1 83 40
person 0.0024 419 1 440 40
person 0.0019 168 100 192 141
person 0.0019 477 0 500 25
person 0.0018 295 0 344 52
person 0.0017 252 1 301 58
person 0.0016 219 119 238 150
person 0.0014 441 1 467 41
person 0.0014 388 25 414 55
person 0.0014 0 101 22 131
person 0.0012 282 42 317 113
person 0.0011 230 0 338 61
person 0.0010 373 0 410 22
bicycle 0.0051 387 280 504 350
bicycle 0.0034 310 317 503 376
car 0.0169 7 105 45 125
car 0.0123 352 0 401 22
car 0.0034 341 1 372 21
car 0.0032 373 0 410 22
car 0.0024 316 0 341 24
car 0.0018 2 105 86 122
car 0.0018 0 101 22 131
car 0.0017 0 61 102 146
car 0.0013 352 12 395 37
boat 0.0028 91 0 489 372
bird 0.0045 228 85 258 147
horse 0.0047 474 3 500 40
horse 0.0037 228 85 258 147
bottle 0.0317 236 87 257 146
bottle 0.0021 83 102 103 146
pottedplant 0.0854 91 0 489 372
pottedplant 0.0150 373 306 503 374
pottedplant 0.0124 3 23 99 130
pottedplant 0.0115 7 117 347 394
pottedplant 0.0093 77 7 260 204
pottedplant 0.0091 1 -5 348 302
pottedplant 0.0090 472 117 500 195
pottedplant 0.0067 387 280 504 350
pottedplant 0.0063 55 169 288 358
pottedplant 0.0052 433 334 501 375
pottedplant 0.0047 214 123 435 325
pottedplant 0.0044 434 87 498 222
pottedplant 0.0041 1 74 52 126
pottedplant 0.0039 277 7 460 298
pottedplant 0.0036 382 9 499 220
pottedplant 0.0034 109 240 382 371
pottedplant 0.0029 51 8 144 141
pottedplant 0.0029 5 0 180 156
pottedplant 0.0028 192 7 377 205
pottedplant 0.0027 82 24 161 173
pottedplant 0.0024 304 230 506 370
pottedplant 0.0024 6 89 43 123
pottedplant 0.0021 265 175 460 356
pottedplant 0.0019 158 52 340 252
pottedplant 0.0018 439 114 499 171
pottedplant 0.0017 473 297 500 368
pottedplant 0.0016 480 129 501 179
pottedplant 0.0015 474 3 500 40
pottedplant 0.0014 -3 25 128 277
pottedplant 0.0014 438 303 501 356
pottedplant 0.0013 1 79 21 126
pottedplant 0.0012 1 84 179 366
pottedplant 0.0012 33 90 67 120
pottedplant 0.0012 11 6 44 37
pottedplant 0.0011 423 289 485 338
pottedplant 0.0010 57 55 278 322
pottedplant 0.0010 472 2 500 79
diningtable 0.0015 474 3 500 40
diningtable 0.0010 0 61 102 146
