person 0.9735 244 25 326 252
person 0.4809 407 85 466 208
person 0.4092 129 108 196 268
person 0.2093 419 89 469 155
person 0.0465 396 156 423 184
person 0.0434 468 108 488 144
person 0.0318 136 105 190 167
person 0.0287 182 161 217 187
person 0.0272 66 101 204 297
person 0.0266 65 105 137 262
person 0.0256 123 173 161 252
person 0.0194 131 143 185 242
person 0.0157 36 226 62 255
person 0.0153 394 116 473 240
person 0.0134 391 89 485 297
person 0.0110 419 133 473 224
person 0.0101 137 99 217 223
person 0.0090 255 264 297 290
person 0.0086 236 26 328 141
person 0.0082 421 161 478 186
person 0.0071 184 149 219 177
person 0.0071 143 136 218 291
person 0.0069 473 129 500 266
person 0.0069 176 147 220 203
person 0.0066 389 160 413 184
person 0.0065 404 156 461 233
person 0.0062 129 193 157 235
person 0.0056 172 160 200 189
person 0.0055 131 175 158 223
person 0.0051 404 150 469 176
person 0.0049 165 181 193 214
person 0.0039 158 157 203 229
person 0.0037 391 161 433 231
person 0.0037 466 104 501 178
person 0.0037 474 157 500 188
person 0.0037 124 220 154 250
person 0.0034 453 159 491 184
person 0.0034 109 175 140 255
person 0.0033 135 157 165 189
person 0.0033 32 220 66 287
person 0.0029 467 124 501 151
person 0.0029 448 182 501 255
person 0.0029 112 139 181 289
person 0.0028 145 104 178 139
person 0.0027 469 145 500 177
person 0.0025 428 180 477 253
person 0.0024 127 103 171 225
person 0.0023 216 89 364 283
person 0.0023 450 145 500 211
person 0.0023 250 123 316 268
person 0.0022 200 160 234 185
person 0.0022 277 266 312 288
person 0.0022 150 181 181 218
person 0.0022 320 97 338 135
person 0.0020 156 148 198 283
person 0.0020 455 123 498 186
person 0.0019 253 275 300 301
person 0.0019 395 182 429 217
person 0.0018 223 161 253 191
person 0.0018 301 100 327 139
person 0.0017 284 144 319 175
person 0.0016 477 188 499 321
person 0.0016 458 150 492 177
person 0.0015 114 190 136 242
person 0.0015 436 130 500 255
person 0.0015 150 196 179 224
person 0.0015 164 145 204 178
person 0.0015 426 186 468 214
person 0.0015 275 145 312 281
person 0.0014 247 273 279 307
person 0.0014 438 88 501 207
person 0.0014 125 234 153 277
person 0.0014 64 188 107 255
person 0.0014 71 193 103 230
person 0.0014 257 191 302 277
person 0.0014 438 100 466 148
person 0.0013 407 182 460 212
person 0.0013 365 111 388 139
person 0.0012 98 85 243 236
person 0.0011 361 229 394 323
person 0.0011 297 119 327 155
person 0.0011 117 218 160 295
person 0.0011 252 88 337 222
person 0.0010 453 184 489 212
bicycle 0.0733 46 215 140 311
bicycle 0.0252 30 216 107 331
bicycle 0.0211 90 218 179 320
bicycle 0.0053 102 231 152 311
bicycle 0.0051 77 231 124 313
bicycle 0.0050 69 203 113 299
bicycle 0.0016 37 259 94 290
bicycle 0.0015 83 258 121 288
bicycle 0.0013 114 260 146 288
bicycle 0.0011 15 251 157 327
car 0.0776 1 204 60 262
car 0.0329 0 166 58 291
car 0.0154 6 188 99 282
car 0.0077 36 226 62 255
car 0.0042 9 210 106 322
car 0.0026 182 161 217 187
car 0.0021 0 222 22 255
car 0.0020 1 188 48 210
car 0.0018 184 115 255 160
car 0.0016 453 159 491 184
car 0.0016 2 201 57 227
car 0.0015 0 209 26 294
car 0.0013 255 264 297 290
car 0.0013 29 190 66 210
car 0.0013 0 183 28 208
car 0.0012 199 148 243 171
car 0.0012 36 217 100 290
car 0.0012 469 145 500 177
car 0.0011 0 234 22 273
car 0.0011 19 189 67 252
car 0.0010 389 160 413 184
car 0.0010 467 124 501 151
car 0.0010 32 220 66 287
motorbike 0.0011 31 196 108 312
motorbike 0.0010 36 226 62 255
aeroplane 0.0016 0 214 62 286
bus 0.0138 0 166 58 291
bus 0.0020 0 151 61 208
bus 0.0016 1 204 60 262
bus 0.0011 6 188 99 282
boat 0.0029 0 250 97 330
dog 0.0026 30 216 107 331
horse 0.6855 166 127 395 375
horse 0.1451 9 210 106 322
horse 0.1346 46 215 140 311
horse 0.0982 28 183 108 289
horse 0.0562 90 218 179 320
horse 0.0520 390 163 498 274
horse 0.0517 69 203 113 299
horse 0.0463 66 97 204 341
horse 0.0441 381 125 495 329
horse 0.0358 117 218 160 295
horse 0.0287 126 109 195 282
horse 0.0281 388 178 436 252
horse 0.0257 124 220 154 250
horse 0.0250 117 225 144 252
horse 0.0245 108 172 146 300
horse 0.0231 84 166 165 309
horse 0.0222 65 105 137 262
horse 0.0208 281 117 419 355
horse 0.0203 140 158 301 368
horse 0.0167 123 173 161 252
horse 0.0153 64 188 107 255
horse 0.0138 182 161 217 187
horse 0.0120 398 104 471 215
horse 0.0114 404 156 461 233
horse 0.0104 448 182 501 255
horse 0.0103 113 234 143 273
horse 0.0100 22 104 405 407
horse 0.0098 32 220 66 287
horse 0.0093 88 222 114 252
horse 0.0093 90 231 116 274
horse 0.0091 22 163 163 350
horse 0.0080 371 160 455 294
horse 0.0079 125 234 153 277
horse 0.0077 71 193 103 230
horse 0.0076 102 231 152 311
horse 0.0065 36 226 62 255
horse 0.0063 44 223 87 253
horse 0.0062 76 220 107 254
horse 0.0055 314 160 498 355
horse 0.0055 49 158 123 283
horse 0.0051 396 156 423 184
horse 0.0049 370 205 501 300
horse 0.0049 477 188 499 321
horse 0.0049 124 260 159 288
horse 0.0045 131 143 185 242
horse 0.0042 144 224 178 322
horse 0.0042 395 182 429 217
horse 0.0041 77 231 124 313
horse 0.0040 389 160 413 184
horse 0.0039 176 147 220 203
horse 0.0037 122 188 202 326
horse 0.0036 435 171 501 298
horse 0.0035 320 97 338 135
horse 0.0034 247 273 279 307
horse 0.0033 452 214 500 294
horse 0.0033 184 149 219 177
horse 0.0032 371 187 404 326
horse 0.0031 4 253 95 329
horse 0.0031 85 183 126 257
horse 0.0029 428 180 477 253
horse 0.0028 0 214 62 286
horse 0.0027 380 171 416 264
horse 0.0027 119 257 171 320
horse 0.0026 53 193 90 229
horse 0.0025 199 148 243 171
horse 0.0025 407 182 460 212
horse 0.0024 471 246 499 333
horse 0.0023 334 145 410 326
horse 0.0022 129 193 157 235
horse 0.0022 145 161 185 306
horse 0.0021 186 128 252 183
horse 0.0021 357 151 396 320
horse 0.0020 114 260 146 288
horse 0.0020 253 275 300 301
horse 0.0019 255 264 297 290
horse 0.0019 114 190 136 242
horse 0.0019 77 232 107 270
horse 0.0019 38 234 90 265
horse 0.0018 200 160 234 185
horse 0.0018 365 111 388 139
horse 0.0018 401 217 432 254
horse 0.0018 249 268 308 316
horse 0.0017 355 113 392 207
horse 0.0017 473 129 500 266
horse 0.0016 249 247 302 300
horse 0.0016 353 180 440 329
horse 0.0015 297 119 327 155
horse 0.0015 20 202 66 266
horse 0.0014 480 229 498 287
horse 0.0014 361 229 394 323
horse 0.0013 388 178 412 218
horse 0.0013 399 193 435 229
horse 0.0013 48 189 89 214
horse 0.0013 301 100 327 139
horse 0.0012 146 217 170 250
horse 0.0012 414 223 441 253
horse 0.0011 291 104 331 166
horse 0.0011 321 110 396 199
horse 0.0011 475 181 500 216
horse 0.0010 320 207 423 345
sheep 0.0050 447 176 501 288
sheep 0.0045 9 210 106 322
sheep 0.0027 478 249 500 290
sheep 0.0019 477 188 499 321
sheep 0.0014 452 232 500 309
sheep 0.0013 402 165 498 268
sheep 0.0013 471 246 499 333
cow 0.0304 31 196 108 312
cow 0.0173 477 188 499 321
cow 0.0148 69 203 113 299
cow 0.0105 447 176 501 288
cow 0.0086 478 249 500 290
cow 0.0074 2 212 95 337
cow 0.0067 471 246 499 333
cow 0.0062 39 194 100 270
cow 0.0060 390 163 498 274
cow 0.0044 46 215 140 311
cow 0.0040 277 266 312 288
cow 0.0038 388 178 436 252
cow 0.0029 475 181 500 216
cow 0.0027 473 129 500 266
cow 0.0025 32 220 66 287
cow 0.0025 378 227 498 311
cow 0.0022 478 213 498 260
cow 0.0021 370 167 497 350
cow 0.0017 0 196 64 315
cow 0.0017 367 175 460 294
cow 0.0014 454 225 495 253
cow 0.0013 474 157 500 188
cow 0.0013 452 232 500 309
cow 0.0011 273 278 319 303
cow 0.0011 76 220 107 254
cow 0.0011 481 186 500 238
cow 0.0010 404 174 452 252
cow 0.0010 36 230 62 266
bottle 0.0010 90 231 116 274
chair 0.0017 247 273 279 307
chair 0.0010 453 184 489 212
