person 0.0522 468 178 485 232
person 0.0029 440 165 465 196
person 0.0026 443 182 469 221
person 0.0025 479 181 498 230
person 0.0019 465 201 489 231
person 0.0014 477 137 499 179
person 0.0014 459 170 489 233
person 0.0014 316 123 344 164
person 0.0013 464 167 485 204
person 0.0013 322 144 347 179
person 0.0013 341 198 364 239
person 0.0010 329 181 351 222
bicycle 0.0017 465 201 489 231
bicycle 0.0014 468 178 485 232
car 0.0044 403 171 430 197
car 0.0019 411 171 456 196
car 0.0019 479 181 498 230
car 0.0012 440 165 465 196
train 0.7141 -14 122 363 240
train 0.0480 171 98 381 248
train 0.0157 -3 164 183 235
train 0.0121 94 45 476 291
train 0.0116 208 111 348 212
train 0.0109 63 69 360 220
train 0.0099 212 56 439 228
train 0.0041 314 108 403 234
train 0.0027 110 127 330 202
train 0.0025 308 96 504 254
train 0.0020 82 109 263 189
train 0.0018 -15 177 119 230
train 0.0017 335 179 485 252
train 0.0014 3 136 118 227
train 0.0012 316 116 354 179
train 0.0011 335 120 370 239
train 0.0010 264 107 382 234
pottedplant 0.0013 355 102 394 183
