person 0.8691 115 68 337 294
person 0.0071 117 192 235 253
person 0.0040 124 192 172 261
person 0.0039 116 189 153 265
person 0.0022 428 149 473 204
person 0.0020 271 111 441 313
person 0.0019 319 142 481 435
person 0.0018 101 172 455 476
person 0.0017 450 221 478 263
person 0.0013 345 202 431 308
person 0.0012 362 188 410 253
person 0.0012 65 434 338 499
person 0.0012 377 149 478 270
person 0.0011 202 230 225 257
bicycle 0.0013 235 382 466 504
car 0.0010 48 434 369 501
aeroplane 0.0012 73 378 400 502
bird 0.0064 378 97 413 137
bird 0.0025 115 68 337 294
bottle 0.5403 371 230 408 302
bottle 0.1090 435 238 460 278
bottle 0.0903 348 264 379 298
bottle 0.0434 393 248 412 305
bottle 0.0369 374 252 402 301
bottle 0.0199 334 266 364 296
bottle 0.0187 450 221 478 263
bottle 0.0174 434 210 480 275
bottle 0.0123 435 219 461 268
bottle 0.0120 444 240 478 278
bottle 0.0096 431 223 468 286
bottle 0.0069 338 253 387 305
bottle 0.0063 337 251 434 316
bottle 0.0062 372 232 407 258
bottle 0.0045 344 248 380 276
bottle 0.0044 345 202 431 308
bottle 0.0040 428 149 473 204
bottle 0.0026 366 207 410 272
bottle 0.0017 407 185 445 297
bottle 0.0013 116 189 153 265
bottle 0.0013 411 241 442 280
bottle 0.0013 366 202 403 229
bottle 0.0012 118 220 140 265
bottle 0.0012 428 176 473 271
bottle 0.0011 115 68 337 294
bottle 0.0010 388 277 417 307
chair 0.2307 18 176 129 481
chair 0.2083 241 398 382 503
chair 0.1453 73 378 400 502
chair 0.0650 282 209 363 298
chair 0.0612 65 434 338 499
chair 0.0173 31 245 206 489
chair 0.0091 42 317 110 487
chair 0.0090 20 176 92 325
chair 0.0076 308 208 403 300
chair 0.0075 114 294 426 442
chair 0.0065 4 79 99 442
chair 0.0064 51 291 97 425
chair 0.0049 225 328 477 492
chair 0.0046 294 247 361 273
chair 0.0043 328 247 369 275
chair 0.0039 296 251 357 301
chair 0.0036 288 157 370 288
chair 0.0034 321 233 374 289
chair 0.0034 303 268 341 299
chair 0.0033 334 266 364 296
chair 0.0032 -3 480 46 499
chair 0.0026 36 329 298 489
chair 0.0025 4 274 93 507
chair 0.0025 435 221 480 288
chair 0.0024 98 224 455 503
chair 0.0024 37 203 83 282
chair 0.0022 308 245 418 319
chair 0.0021 348 264 379 298
chair 0.0019 115 200 159 266
chair 0.0019 166 227 195 256
chair 0.0018 436 291 478 338
chair 0.0017 329 250 374 302
chair 0.0016 119 320 301 382
chair 0.0016 270 211 304 302
chair 0.0016 263 438 449 501
chair 0.0013 294 216 366 236
chair 0.0012 291 228 364 251
chair 0.0012 242 205 329 299
chair 0.0012 134 225 168 262
chair 0.0012 51 274 92 365
chair 0.0012 71 185 274 458
chair 0.0012 344 248 380 276
chair 0.0011 102 205 141 268
chair 0.0011 118 220 140 265
chair 0.0011 138 330 397 394
chair 0.0011 264 240 357 312
chair 0.0011 84 255 165 336
chair 0.0010 254 376 457 440
chair 0.0010 201 439 376 502
sofa 0.0265 65 434 338 499
sofa 0.0012 82 323 418 493
pottedplant 0.0066 434 210 480 275
pottedplant 0.0055 433 151 478 202
pottedplant 0.0020 435 147 478 261
pottedplant 0.0015 361 111 481 322
pottedplant 0.0013 450 221 478 263
diningtable 0.0614 82 323 418 493
diningtable 0.0237 65 434 338 499
diningtable 0.0092 337 251 434 316
diningtable 0.0075 101 172 455 476
diningtable 0.0038 118 247 426 413
diningtable 0.0031 345 202 431 308
diningtable 0.0028 225 328 477 492
diningtable 0.0023 279 346 417 391
diningtable 0.0022 138 330 397 394
diningtable 0.0020 167 279 465 460
diningtable 0.0016 281 310 423 355
diningtable 0.0015 434 264 480 287
diningtable 0.0012 42 253 78 274
diningtable 0.0010 348 264 379 298
diningtable 0.0010 1 447 258 499
diningtable 0.0010 392 232 477 336
diningtable 0.0010 340 268 468 327
tvmonitor 0.0029 27 4 210 186
