person 0.5320 387 101 429 277
person 0.4481 484 118 499 216
person 0.1951 393 131 485 264
person 0.0909 455 149 484 214
person 0.0336 457 149 480 184
person 0.0293 337 110 477 286
person 0.0291 309 226 335 268
person 0.0150 482 64 499 202
person 0.0122 464 131 482 172
person 0.0106 363 106 450 225
person 0.0102 385 201 430 277
person 0.0100 396 103 421 147
person 0.0090 485 101 499 163
person 0.0075 352 174 457 274
person 0.0062 390 102 432 160
person 0.0055 310 154 404 294
person 0.0043 421 204 441 240
person 0.0037 135 135 165 159
person 0.0037 380 111 410 153
person 0.0027 196 153 219 192
person 0.0026 425 147 480 221
person 0.0024 415 143 450 229
person 0.0023 487 80 499 142
person 0.0022 0 158 16 212
person 0.0015 256 140 463 306
person 0.0015 481 134 500 269
person 0.0013 229 218 282 281
person 0.0013 485 179 499 219
person 0.0012 347 149 395 225
person 0.0011 441 149 471 180
person 0.0010 436 131 466 167
car 0.0111 383 114 482 268
car 0.0046 197 149 235 185
car 0.0037 0 158 16 212
car 0.0031 485 115 498 185
car 0.0023 91 136 193 274
car 0.0016 220 140 402 306
car 0.0016 455 149 484 214
car 0.0013 315 140 417 259
car 0.0012 262 116 480 294
car 0.0011 347 149 395 225
car 0.0011 68 150 157 260
motorbike 0.0044 383 114 482 268
motorbike 0.0019 309 226 335 268
motorbike 0.0015 197 149 235 185
motorbike 0.0014 352 174 457 274
motorbike 0.0012 7 162 81 272
dog 0.0016 383 129 483 273
dog 0.0011 135 135 165 159
horse 0.3990 194 133 387 290
horse 0.1911 393 131 485 264
horse 0.0729 262 116 480 294
horse 0.0466 3 160 81 273
horse 0.0083 309 226 335 268
horse 0.0059 122 135 197 269
horse 0.0055 277 145 322 158
horse 0.0054 315 140 417 259
horse 0.0041 197 149 235 185
horse 0.0040 369 103 421 157
horse 0.0035 484 118 499 216
horse 0.0031 369 115 445 270
horse 0.0030 266 130 391 192
horse 0.0028 380 111 410 153
horse 0.0024 135 135 165 159
horse 0.0024 82 99 141 156
horse 0.0017 0 158 16 212
horse 0.0016 347 149 395 225
horse 0.0014 235 141 285 158
horse 0.0014 390 102 432 160
horse 0.0014 127 208 168 268
horse 0.0013 308 92 417 148
horse 0.0013 72 146 171 266
horse 0.0011 210 68 515 326
horse 0.0011 196 153 219 192
horse 0.0010 298 124 437 200
horse 0.0010 421 204 441 240
horse 0.0010 229 218 282 281
cow 0.9771 6 154 79 264
cow 0.7824 72 146 171 266
cow 0.7169 199 143 387 301
cow 0.2669 122 135 197 269
cow 0.0638 196 163 218 197
cow 0.0439 393 131 485 264
cow 0.0278 0 158 16 212
cow 0.0242 135 135 165 159
cow 0.0169 2 154 48 221
cow 0.0137 197 149 235 185
cow 0.0116 4 154 47 183
cow 0.0107 262 116 480 294
cow 0.0094 51 155 82 178
cow 0.0082 347 149 395 225
cow 0.0077 83 141 136 159
cow 0.0071 70 153 99 178
cow 0.0068 139 132 174 168
cow 0.0068 138 130 191 200
cow 0.0060 10 127 193 272
cow 0.0049 26 154 71 180
cow 0.0043 308 142 402 232
cow 0.0037 484 118 499 216
cow 0.0037 369 115 445 270
cow 0.0033 91 126 192 209
cow 0.0031 0 177 15 223
cow 0.0026 200 161 234 200
cow 0.0024 66 112 146 203
cow 0.0024 17 153 73 219
cow 0.0021 63 151 106 222
cow 0.0020 265 148 385 247
cow 0.0020 57 160 80 205
cow 0.0019 82 99 141 156
cow 0.0019 186 154 226 211
cow 0.0018 69 160 92 205
cow 0.0017 141 175 188 267
cow 0.0017 77 145 138 229
cow 0.0016 0 158 23 251
cow 0.0015 1 118 96 201
cow 0.0014 74 137 100 165
cow 0.0013 156 157 195 252
cow 0.0013 96 119 228 285
cow 0.0012 46 152 87 224
chair 0.0194 487 148 499 217
chair 0.0021 458 159 483 213
chair 0.0019 82 99 141 156
chair 0.0015 485 179 499 219
pottedplant 0.0011 45 41 152 126
