bird 0.0028 272 218 294 249
bird 0.0015 202 247 214 311
bird 0.0014 199 247 224 315
dog 0.9425 135 303 231 420
dog 0.7554 19 337 136 454
dog 0.6343 387 276 444 425
dog 0.0174 98 334 136 407
dog 0.0051 101 336 133 372
dog 0.0031 183 295 227 417
dog 0.0025 392 277 436 309
horse 0.1259 135 303 231 420
horse 0.0365 20 344 136 449
sheep 0.8613 390 280 442 426
sheep 0.1924 19 361 123 452
sheep 0.0358 138 295 231 426
sheep 0.0018 20 263 143 456
sheep 0.0013 387 273 437 320
sheep 0.0012 191 293 232 419
cow 0.0267 18 357 137 454
cow 0.0075 138 295 231 426
cow 0.0018 20 263 143 456
