person 0.1218 242 108 488 274
person 0.0482 67 42 504 343
person 0.0422 263 117 460 186
person 0.0267 278 94 399 143
person 0.0212 116 107 382 257
person 0.0158 359 95 426 131
person 0.0099 155 105 333 197
person 0.0075 389 86 500 283
person 0.0074 77 106 259 195
person 0.0055 481 151 499 244
person 0.0050 470 72 500 207
person 0.0049 341 105 465 178
person 0.0039 355 90 393 114
person 0.0032 355 93 445 151
person 0.0030 314 79 428 133
person 0.0027 206 108 275 163
person 0.0026 294 92 340 120
person 0.0025 59 90 195 146
person 0.0024 1 3 80 131
person 0.0020 476 61 499 102
person 0.0020 472 31 499 126
person 0.0019 305 109 366 132
person 0.0017 149 237 495 371
person 0.0016 433 37 499 341
person 0.0014 191 48 467 180
person 0.0014 383 107 496 199
person 0.0012 286 86 352 126
person 0.0012 246 115 401 161
person 0.0012 478 139 500 333
person 0.0011 241 153 409 271
car 0.0016 476 11 499 114
car 0.0013 481 39 499 87
cat 0.4825 77 106 259 195
cat 0.0113 59 90 195 146
cat 0.0068 237 151 400 277
cat 0.0056 168 117 204 137
cat 0.0044 263 117 460 186
cat 0.0030 258 141 419 209
cat 0.0029 359 95 426 131
cat 0.0025 397 120 458 167
cat 0.0025 242 108 488 274
cat 0.0015 278 94 399 143
cat 0.0013 54 103 113 147
cat 0.0012 91 90 163 137
cat 0.0011 155 105 333 197
cat 0.0010 67 105 362 258
dog 0.3113 222 142 421 280
dog 0.0438 65 64 500 387
dog 0.0253 57 106 272 197
dog 0.0207 263 117 460 186
dog 0.0205 258 141 419 209
dog 0.0181 116 107 382 257
dog 0.0082 284 99 502 275
dog 0.0053 195 85 462 229
dog 0.0049 59 90 195 146
dog 0.0030 168 117 204 137
dog 0.0020 278 94 399 143
dog 0.0017 359 95 426 131
dog 0.0015 236 150 329 247
dog 0.0014 160 111 414 183
dog 0.0014 133 92 164 119
dog 0.0011 246 115 401 161
dog 0.0011 341 105 465 178
horse 0.0018 237 151 400 277
cow 0.0293 77 106 259 195
cow 0.0161 -4 35 434 355
cow 0.0036 67 105 362 258
bottle 0.0012 54 120 82 149
chair 0.0730 0 7 84 139
chair 0.0174 65 64 500 387
chair 0.0128 483 153 499 205
chair 0.0123 476 61 499 102
chair 0.0118 472 31 499 126
chair 0.0085 470 72 500 207
chair 0.0085 480 125 499 236
chair 0.0072 61 -4 138 126
chair 0.0072 184 32 296 124
chair 0.0043 472 116 500 150
chair 0.0041 474 81 499 113
chair 0.0034 303 3 404 88
chair 0.0028 475 170 500 381
chair 0.0026 443 227 500 368
chair 0.0019 349 2 405 53
chair 0.0017 455 86 500 151
chair 0.0013 478 5 500 84
chair 0.0012 447 321 498 372
chair 0.0012 467 252 500 364
chair 0.0011 442 142 500 210
chair 0.0010 88 86 163 126
sofa 0.3336 65 64 500 387
sofa 0.2671 0 7 84 139
sofa 0.0034 4 4 110 288
sofa 0.0030 480 125 499 236
sofa 0.0026 242 108 488 274
sofa 0.0022 7 18 419 297
sofa 0.0018 278 94 399 143
sofa 0.0016 13 -6 166 160
sofa 0.0016 258 113 423 164
sofa 0.0016 116 107 382 257
sofa 0.0013 483 153 499 205
sofa 0.0012 470 72 500 207
sofa 0.0012 61 -4 138 126
sofa 0.0010 184 32 296 124
pottedplant 0.0010 183 35 299 123
diningtable 0.0102 184 32 296 124
diningtable 0.0033 14 82 486 373
diningtable 0.0025 443 227 500 368
diningtable 0.0011 303 35 404 97
diningtable 0.0010 471 104 500 143
tvmonitor 0.0125 311 12 347 45
tvmonitor 0.0092 310 56 396 78
tvmonitor 0.0076 481 13 499 68
tvmonitor 0.0044 314 65 388 87
tvmonitor 0.0029 303 3 404 88
tvmonitor 0.0015 476 11 499 114
tvmonitor 0.0013 184 32 296 124
tvmonitor 0.0012 415 1 488 134
