person 0.9448 276 189 371 275
person 0.4404 402 170 489 285
person 0.3149 137 114 218 245
person 0.1957 175 111 212 205
person 0.1117 419 201 479 274
person 0.0929 362 161 466 281
person 0.0778 262 182 306 263
person 0.0713 409 172 454 263
person 0.0583 452 209 498 269
person 0.0531 395 158 477 243
person 0.0389 455 208 481 232
person 0.0359 399 164 466 184
person 0.0341 355 195 385 279
person 0.0299 402 169 462 224
person 0.0294 99 104 234 278
person 0.0275 381 171 495 357
person 0.0251 358 197 379 235
person 0.0185 413 214 454 285
person 0.0166 468 221 501 257
person 0.0149 164 111 232 276
person 0.0134 435 207 498 314
person 0.0129 417 205 446 236
person 0.0123 397 161 468 203
person 0.0117 346 230 469 299
person 0.0116 194 242 469 372
person 0.0115 397 165 439 269
person 0.0106 144 133 180 257
person 0.0077 406 177 454 211
person 0.0076 480 194 498 242
person 0.0067 143 125 184 190
person 0.0065 429 204 475 233
person 0.0065 465 217 501 287
person 0.0063 149 148 176 182
person 0.0061 88 131 199 229
person 0.0054 472 229 500 272
person 0.0051 474 155 500 281
person 0.0050 330 190 424 282
person 0.0044 240 183 321 279
person 0.0042 241 183 402 336
person 0.0041 404 155 447 177
person 0.0037 421 243 488 296
person 0.0036 237 194 267 274
person 0.0035 275 215 296 265
person 0.0035 384 229 439 286
person 0.0032 338 199 375 274
person 0.0031 448 247 499 300
person 0.0029 435 214 471 257
person 0.0028 155 109 244 205
person 0.0027 251 158 487 301
person 0.0026 419 237 446 279
person 0.0026 428 179 471 210
person 0.0025 455 238 489 272
person 0.0025 367 193 417 275
person 0.0022 399 201 423 235
person 0.0020 263 174 321 226
person 0.0020 397 161 442 181
person 0.0018 265 186 319 210
person 0.0017 358 205 378 258
person 0.0016 254 150 307 204
person 0.0014 258 245 410 305
person 0.0014 246 149 325 224
person 0.0014 439 122 498 268
person 0.0013 292 191 343 268
person 0.0013 224 325 242 372
person 0.0013 424 169 472 189
person 0.0012 432 235 465 278
person 0.0012 194 125 240 265
person 0.0012 375 235 415 286
person 0.0011 266 193 297 232
person 0.0010 481 84 500 271
person 0.0010 236 229 259 268
bicycle 0.0029 137 114 218 245
bicycle 0.0010 244 258 271 284
train 0.0013 81 142 258 296
boat 0.0496 213 285 332 324
boat 0.0247 81 142 258 296
boat 0.0128 99 258 258 295
boat 0.0118 236 229 259 268
boat 0.0088 88 268 247 309
boat 0.0078 0 116 424 403
boat 0.0039 173 263 267 280
boat 0.0033 143 235 362 299
boat 0.0030 0 253 344 364
boat 0.0022 131 181 285 275
boat 0.0020 228 274 484 350
boat 0.0016 137 114 218 245
boat 0.0015 199 250 239 268
boat 0.0015 61 183 352 330
boat 0.0013 172 253 231 268
boat 0.0013 247 262 464 319
boat 0.0011 135 265 231 283
boat 0.0010 124 147 369 295
bird 0.0244 422 213 477 285
bird 0.0158 448 247 499 300
bird 0.0119 452 212 499 289
bird 0.0104 375 235 415 286
bird 0.0080 419 237 446 279
bird 0.0062 432 235 465 278
bird 0.0062 384 229 439 286
bird 0.0044 472 229 500 272
bird 0.0042 421 243 488 296
bird 0.0038 432 256 478 285
bird 0.0036 455 238 489 272
bird 0.0031 456 213 490 254
bird 0.0030 353 220 397 283
bird 0.0026 415 199 453 275
bird 0.0025 470 254 500 291
bird 0.0023 468 221 501 257
bird 0.0015 236 221 259 261
bird 0.0014 348 266 401 285
bird 0.0014 418 210 444 252
bird 0.0014 398 238 433 275
bird 0.0012 405 229 499 309
bird 0.0012 435 214 471 257
bird 0.0010 346 230 469 299
bird 0.0010 383 259 496 344
cat 0.0018 410 210 494 301
sheep 0.0107 452 212 499 289
sheep 0.0092 472 229 500 272
sheep 0.0062 448 247 499 300
sheep 0.0056 410 210 494 301
sheep 0.0050 468 221 501 257
sheep 0.0040 455 238 489 272
sheep 0.0026 456 213 490 254
sheep 0.0018 421 243 488 296
sheep 0.0018 432 235 465 278
sheep 0.0013 432 256 478 285
sheep 0.0011 31 256 102 300
sheep 0.0010 419 201 479 274
sheep 0.0010 470 254 500 291
cow 0.0015 472 229 500 272
cow 0.0013 452 212 499 289
cow 0.0012 415 202 495 299
bottle 0.1355 236 229 259 268
bottle 0.0314 277 227 295 271
bottle 0.0209 237 194 267 274
bottle 0.0119 264 185 304 274
bottle 0.0102 282 213 300 264
bottle 0.0026 419 237 446 279
bottle 0.0016 303 235 329 269
bottle 0.0015 418 210 444 252
bottle 0.0014 402 247 429 288
bottle 0.0012 432 256 478 285
bottle 0.0012 432 235 465 278
bottle 0.0011 260 218 300 283
bottle 0.0010 234 197 258 239
bottle 0.0010 382 242 434 290
chair 0.0409 382 238 413 282
chair 0.0203 384 229 439 286
chair 0.0148 456 213 490 254
chair 0.0100 448 247 499 300
chair 0.0098 452 212 499 289
chair 0.0096 398 238 433 275
chair 0.0070 418 210 444 252
chair 0.0069 410 210 494 301
chair 0.0066 402 247 429 288
chair 0.0062 468 221 501 257
chair 0.0056 413 214 454 285
chair 0.0050 396 189 441 280
chair 0.0047 419 237 446 279
chair 0.0045 346 230 469 299
chair 0.0045 367 193 417 275
chair 0.0044 240 149 278 178
chair 0.0041 455 238 489 272
chair 0.0038 421 243 488 296
chair 0.0038 236 229 259 268
chair 0.0029 472 229 500 272
chair 0.0029 257 150 302 177
chair 0.0028 400 214 428 253
chair 0.0022 282 213 300 264
chair 0.0021 432 256 478 285
chair 0.0020 470 254 500 291
chair 0.0020 434 229 501 359
chair 0.0019 353 220 397 283
chair 0.0018 377 224 419 250
chair 0.0018 264 185 304 274
chair 0.0018 419 201 479 274
chair 0.0018 383 259 496 344
chair 0.0016 399 164 466 184
chair 0.0015 358 197 379 235
chair 0.0015 241 195 267 235
chair 0.0014 358 205 378 258
chair 0.0010 239 170 271 273
chair 0.0010 346 217 372 262
chair 0.0010 239 185 272 209
chair 0.0010 226 265 260 285
pottedplant 0.0074 237 194 267 274
pottedplant 0.0043 24 253 112 301
pottedplant 0.0033 236 229 259 268
pottedplant 0.0022 18 174 103 295
pottedplant 0.0015 264 185 304 274
pottedplant 0.0010 217 283 331 319
diningtable 0.0261 217 283 331 319
diningtable 0.0168 218 265 455 320
diningtable 0.0140 196 279 481 344
diningtable 0.0052 194 242 469 372
diningtable 0.0049 99 258 258 295
diningtable 0.0048 143 235 362 299
diningtable 0.0039 271 206 387 300
diningtable 0.0027 0 253 344 364
diningtable 0.0027 322 275 484 331
diningtable 0.0026 241 243 397 304
diningtable 0.0024 47 199 461 397
diningtable 0.0024 279 270 360 286
diningtable 0.0023 346 230 469 299
diningtable 0.0023 157 279 411 378
diningtable 0.0023 322 272 386 286
diningtable 0.0023 410 210 494 301
diningtable 0.0022 215 210 346 292
diningtable 0.0017 88 268 247 309
diningtable 0.0014 211 277 337 379
diningtable 0.0013 383 259 496 344
diningtable 0.0012 20 291 268 374
