person 0.8631 47 169 235 365
person 0.7838 269 57 453 252
person 0.6972 182 131 316 329
person 0.5667 151 63 268 171
person 0.5188 266 27 302 67
person 0.4426 380 39 443 97
person 0.3124 317 45 367 116
person 0.2938 359 45 447 118
person 0.1990 285 60 372 158
person 0.1765 314 52 408 154
person 0.1116 134 67 290 288
person 0.1031 346 51 464 157
person 0.0829 322 47 381 91
person 0.0772 232 66 369 282
person 0.0693 316 44 359 84
person 0.0624 0 274 64 378
person 0.0482 78 86 132 162
person 0.0440 263 68 342 173
person 0.0260 251 28 274 66
person 0.0189 323 87 431 152
person 0.0181 267 76 381 211
person 0.0159 298 87 430 199
person 0.0153 340 56 370 97
person 0.0148 477 79 499 165
person 0.0142 50 167 159 301
person 0.0138 -2 145 60 376
person 0.0103 49 89 220 288
person 0.0102 355 65 387 91
person 0.0100 316 118 429 242
person 0.0094 352 50 389 85
person 0.0094 394 65 436 94
person 0.0089 -3 281 130 370
person 0.0086 95 154 319 364
person 0.0084 3 67 344 383
person 0.0074 311 79 367 153
person 0.0066 321 56 361 96
person 0.0066 83 92 189 203
person 0.0066 481 112 499 167
person 0.0065 327 88 378 149
person 0.0063 0 145 21 321
person 0.0063 374 63 417 95
person 0.0062 345 90 481 186
person 0.0059 153 91 257 219
person 0.0058 69 189 185 333
person 0.0053 346 49 401 101
person 0.0051 120 100 231 207
person 0.0048 87 139 196 243
person 0.0047 407 66 446 97
person 0.0043 248 13 282 70
person 0.0042 382 29 491 122
person 0.0039 126 120 173 186
person 0.0039 14 130 194 325
person 0.0035 261 44 373 125
person 0.0033 67 97 141 216
person 0.0031 163 71 332 158
person 0.0031 292 70 347 131
person 0.0030 425 61 507 321
person 0.0028 358 66 428 138
person 0.0027 452 62 499 147
person 0.0025 306 47 335 73
person 0.0025 364 28 498 195
person 0.0025 474 160 500 229
person 0.0024 44 142 163 227
person 0.0024 387 38 414 60
person 0.0024 122 7 459 307
person 0.0022 478 8 499 158
person 0.0021 270 42 312 72
person 0.0021 237 49 340 108
person 0.0020 255 104 349 258
person 0.0019 0 85 26 275
person 0.0019 336 81 362 114
person 0.0019 379 42 415 85
person 0.0018 2 148 45 289
person 0.0018 0 247 18 380
person 0.0017 229 165 399 353
person 0.0017 305 92 501 339
person 0.0015 128 139 149 176
person 0.0014 425 211 500 325
person 0.0014 483 71 499 132
person 0.0014 108 248 224 364
person 0.0013 300 67 335 91
person 0.0012 476 157 500 316
person 0.0012 242 35 423 197
person 0.0011 4 157 92 297
person 0.0011 2 217 83 371
person 0.0011 252 -1 296 59
car 0.0022 131 2 183 18
car 0.0015 106 -1 187 21
boat 0.0010 107 68 467 385
dog 0.0050 0 241 61 375
dog 0.0023 -2 278 103 374
dog 0.0012 0 203 20 381
dog 0.0011 222 272 361 339
bottle 0.1958 424 152 443 196
bottle 0.0629 78 86 132 162
bottle 0.0287 459 128 479 165
bottle 0.0090 481 112 499 167
bottle 0.0079 435 147 454 194
bottle 0.0056 151 282 183 317
bottle 0.0051 51 156 74 197
bottle 0.0049 480 135 499 182
bottle 0.0038 68 264 107 328
bottle 0.0036 454 100 486 169
bottle 0.0026 8 139 52 168
bottle 0.0022 478 158 500 197
bottle 0.0020 338 107 373 140
bottle 0.0020 477 116 499 197
bottle 0.0019 263 257 294 294
bottle 0.0018 323 101 350 134
bottle 0.0017 421 148 456 199
bottle 0.0016 263 331 298 367
bottle 0.0015 447 154 499 203
bottle 0.0013 272 275 298 299
bottle 0.0013 110 3 187 32
bottle 0.0013 142 270 182 322
bottle 0.0013 324 122 348 156
bottle 0.0012 128 139 149 176
bottle 0.0012 411 210 501 328
bottle 0.0010 73 282 103 319
bottle 0.0010 15 161 45 193
bottle 0.0010 455 99 481 137
bottle 0.0010 133 292 163 323
chair 0.0669 414 212 501 329
chair 0.0391 0 182 56 358
chair 0.0309 134 67 290 288
chair 0.0270 355 65 387 91
chair 0.0254 185 144 304 296
chair 0.0187 123 161 216 275
chair 0.0143 0 176 20 369
chair 0.0139 0 274 64 378
chair 0.0125 477 79 499 165
chair 0.0101 481 112 499 167
chair 0.0098 336 81 362 114
chair 0.0095 133 175 187 257
chair 0.0083 2 148 45 289
chair 0.0081 341 89 408 108
chair 0.0071 126 129 236 226
chair 0.0062 454 89 497 158
chair 0.0062 153 65 261 210
chair 0.0061 10 134 50 154
chair 0.0059 340 56 370 97
chair 0.0058 0 136 23 296
chair 0.0052 75 152 129 203
chair 0.0049 177 158 221 230
chair 0.0047 122 112 208 202
chair 0.0047 352 50 389 85
chair 0.0043 184 171 211 209
chair 0.0043 0 249 14 300
chair 0.0043 407 66 446 97
chair 0.0039 165 173 201 263
chair 0.0039 454 89 494 116
chair 0.0038 62 167 259 371
chair 0.0035 87 153 124 177
chair 0.0034 0 223 13 290
chair 0.0030 126 120 173 186
chair 0.0029 28 165 63 195
chair 0.0029 0 73 25 247
chair 0.0028 232 66 369 282
chair 0.0025 125 188 209 340
chair 0.0024 390 103 485 190
chair 0.0024 340 98 417 146
chair 0.0023 346 51 464 157
chair 0.0022 135 210 180 294
chair 0.0022 455 99 481 137
chair 0.0022 83 92 189 203
chair 0.0022 69 189 185 333
chair 0.0020 5 135 58 187
chair 0.0020 338 120 375 148
chair 0.0018 190 150 366 361
chair 0.0018 335 49 378 87
chair 0.0018 153 149 251 281
chair 0.0017 198 74 324 160
chair 0.0017 8 139 52 168
chair 0.0016 51 156 74 197
chair 0.0016 13 177 80 326
chair 0.0016 4 152 23 194
chair 0.0016 128 139 149 176
chair 0.0016 394 65 436 94
chair 0.0015 2 140 22 182
chair 0.0015 326 92 482 184
chair 0.0015 156 152 217 206
chair 0.0015 404 142 495 241
chair 0.0014 130 212 158 251
chair 0.0014 305 86 491 266
chair 0.0013 128 231 385 369
chair 0.0013 143 166 176 187
chair 0.0013 87 139 196 243
chair 0.0013 15 161 45 193
chair 0.0013 483 71 499 132
chair 0.0012 338 107 373 140
chair 0.0012 0 136 94 261
chair 0.0010 327 88 378 149
chair 0.0010 184 146 222 164
chair 0.0010 -1 155 98 372
chair 0.0010 1 120 19 161
chair 0.0010 159 139 283 217
sofa 0.1014 305 86 491 266
sofa 0.0919 149 78 347 291
sofa 0.0916 107 26 478 347
sofa 0.0416 258 75 399 269
sofa 0.0320 198 74 324 160
sofa 0.0294 1 214 64 376
sofa 0.0187 146 58 269 236
sofa 0.0181 247 68 345 159
sofa 0.0165 6 174 410 360
sofa 0.0067 378 65 492 160
sofa 0.0067 -2 278 103 374
sofa 0.0060 390 103 485 190
sofa 0.0055 47 169 235 365
sofa 0.0052 0 176 20 369
sofa 0.0038 182 131 316 329
sofa 0.0037 413 195 501 328
sofa 0.0036 326 92 482 184
sofa 0.0028 454 89 497 158
sofa 0.0025 120 100 231 207
sofa 0.0022 425 61 507 321
sofa 0.0022 146 42 343 188
sofa 0.0019 0 136 23 296
sofa 0.0017 477 79 499 165
sofa 0.0017 171 95 311 186
sofa 0.0012 359 45 447 118
sofa 0.0012 174 224 389 371
sofa 0.0011 0 141 61 290
sofa 0.0011 309 130 419 251
sofa 0.0010 54 294 235 372
sofa 0.0010 159 139 283 217
sofa 0.0010 364 28 498 195
sofa 0.0010 404 142 495 241
sofa 0.0010 125 111 173 179
pottedplant 0.0013 459 128 479 165
diningtable 0.0353 14 130 194 325
diningtable 0.0298 8 151 88 283
diningtable 0.0184 112 152 210 248
diningtable 0.0125 405 148 501 244
diningtable 0.0123 44 142 163 227
diningtable 0.0111 72 102 272 351
diningtable 0.0083 49 89 220 288
diningtable 0.0072 77 162 186 286
diningtable 0.0067 305 92 501 339
diningtable 0.0055 0 124 109 330
diningtable 0.0044 18 194 77 277
diningtable 0.0042 3 67 344 383
diningtable 0.0041 405 134 499 327
diningtable 0.0038 390 103 485 190
diningtable 0.0034 126 129 236 226
diningtable 0.0029 133 175 187 257
diningtable 0.0023 3 142 92 207
diningtable 0.0023 143 166 176 187
diningtable 0.0021 326 92 482 184
diningtable 0.0020 323 87 431 152
diningtable 0.0015 2 148 45 289
diningtable 0.0013 352 52 504 248
diningtable 0.0012 0 274 64 378
diningtable 0.0011 0 136 23 296
diningtable 0.0010 5 135 58 187
diningtable 0.0010 30 182 91 252
tvmonitor 0.1220 0 11 21 147
tvmonitor 0.0059 108 -1 188 39
tvmonitor 0.0041 52 8 155 85
tvmonitor 0.0037 71 -1 194 58
tvmonitor 0.0035 0 136 23 296
tvmonitor 0.0025 481 112 499 167
tvmonitor 0.0020 0 67 14 135
tvmonitor 0.0015 0 34 21 237
tvmonitor 0.0011 28 165 63 195
