person 0.0259 326 79 352 120
person 0.0082 343 75 368 121
person 0.0057 153 144 279 229
person 0.0032 321 66 367 124
person 0.0024 340 68 366 106
person 0.0023 389 31 443 102
person 0.0021 325 67 356 105
person 0.0016 410 40 453 110
person 0.0015 117 140 359 225
person 0.0013 0 202 11 260
person 0.0012 68 137 280 325
person 0.0011 413 41 438 84
person 0.0010 -1 185 100 284
cat 0.0014 394 45 435 106
dog 0.0029 401 47 428 86
dog 0.0028 326 79 352 120
dog 0.0013 343 75 368 121
dog 0.0012 389 31 443 102
horse 0.0036 400 52 426 103
horse 0.0020 326 79 352 120
horse 0.0010 389 31 443 102
bottle 0.0030 0 202 11 260
bottle 0.0014 17 238 82 260
chair 0.1415 -4 173 183 357
chair 0.1304 -1 158 96 238
chair 0.0290 166 203 500 372
chair 0.0137 -2 152 89 193
chair 0.0111 55 145 228 357
chair 0.0103 85 155 199 283
chair 0.0045 2 228 99 281
chair 0.0032 78 142 183 223
chair 0.0027 475 185 499 363
chair 0.0025 87 243 182 363
chair 0.0019 4 149 84 169
chair 0.0017 52 141 297 232
chair 0.0017 153 144 279 229
chair 0.0016 4 236 173 315
chair 0.0014 95 210 188 303
chair 0.0014 -1 151 174 241
chair 0.0012 0 186 12 251
chair 0.0010 -6 175 126 263
sofa 0.6563 133 149 492 363
sofa 0.1389 68 137 280 325
sofa 0.0437 -4 147 200 308
sofa 0.0262 -3 151 93 206
sofa 0.0224 98 138 482 238
sofa 0.0143 -6 94 292 363
sofa 0.0052 52 141 297 232
sofa 0.0039 -1 179 101 269
sofa 0.0036 475 185 499 363
sofa 0.0031 -1 151 174 241
sofa 0.0022 78 142 183 223
sofa 0.0016 150 158 283 232
sofa 0.0013 85 155 199 283
diningtable 0.1189 -3 229 175 372
diningtable 0.0124 2 228 99 281
diningtable 0.0068 -14 223 188 291
tvmonitor 0.4647 -1 179 101 269
tvmonitor 0.0117 -3 231 102 280
tvmonitor 0.0029 0 186 12 251
tvmonitor 0.0028 0 157 13 277
tvmonitor 0.0017 -3 151 93 206
