person 0.0858 83 115 123 148
person 0.0428 299 0 371 46
person 0.0180 280 0 395 56
person 0.0149 125 56 155 80
person 0.0115 190 51 216 78
person 0.0083 99 110 142 135
person 0.0027 471 113 499 201
person 0.0026 474 142 500 182
person 0.0024 483 19 500 70
person 0.0024 149 54 183 80
person 0.0019 0 6 21 188
person 0.0019 161 53 201 79
person 0.0018 84 112 157 155
person 0.0017 118 52 145 83
person 0.0015 225 39 251 69
person 0.0015 82 0 121 84
person 0.0015 336 8 372 43
person 0.0014 345 0 405 49
person 0.0011 207 48 231 77
person 0.0011 75 96 176 171
car 0.2522 114 66 370 209
car 0.1474 52 106 360 288
car 0.0356 126 62 158 84
car 0.0199 76 96 182 149
car 0.0108 107 18 436 323
car 0.0094 117 121 246 209
car 0.0079 141 63 180 83
car 0.0070 73 70 194 137
car 0.0068 93 54 255 132
car 0.0062 158 64 199 84
car 0.0049 180 127 327 208
car 0.0043 115 64 149 84
car 0.0032 228 11 415 255
car 0.0031 467 180 501 214
car 0.0030 355 116 382 196
car 0.0028 83 115 123 148
car 0.0027 -1 305 34 329
car 0.0025 37 32 241 232
car 0.0023 161 53 201 79
car 0.0020 149 54 183 80
car 0.0019 54 15 298 160
car 0.0016 130 66 365 126
car 0.0012 94 89 255 168
aeroplane 0.0046 72 28 407 318
bus 0.0190 59 -1 293 122
bus 0.0022 107 3 248 91
train 0.0060 59 -1 293 122
train 0.0013 40 30 394 315
boat 0.0011 467 180 501 214
bird 0.0275 217 139 328 204
bird 0.0010 299 0 371 46
cat 0.0052 299 0 371 46
dog 0.0029 299 0 371 46
dog 0.0011 280 0 395 56
chair 0.0488 470 138 500 218
chair 0.0222 474 142 500 182
chair 0.0199 437 130 470 220
chair 0.0122 439 148 458 198
chair 0.0102 5 94 24 188
chair 0.0099 444 121 500 192
chair 0.0094 7 106 78 198
chair 0.0085 476 89 499 189
chair 0.0072 430 98 501 220
chair 0.0048 447 162 501 222
chair 0.0044 3 149 62 197
chair 0.0038 411 125 450 199
chair 0.0036 9 101 49 183
chair 0.0031 467 180 501 214
chair 0.0027 454 156 493 189
chair 0.0022 481 116 499 156
chair 0.0022 13 154 57 183
chair 0.0020 419 136 443 189
chair 0.0017 453 139 492 181
chair 0.0015 0 6 21 188
chair 0.0015 355 116 382 196
chair 0.0012 83 115 123 148
chair 0.0012 407 136 427 188
diningtable 0.0558 408 97 499 220
diningtable 0.0137 444 121 500 192
diningtable 0.0049 474 142 500 182
diningtable 0.0034 391 30 498 298
diningtable 0.0029 467 180 501 214
diningtable 0.0026 453 139 492 181
diningtable 0.0025 436 120 473 204
diningtable 0.0025 -18 250 226 329
diningtable 0.0020 454 156 493 189
diningtable 0.0019 481 116 499 156
diningtable 0.0016 27 70 392 317
diningtable 0.0016 471 113 499 201
diningtable 0.0013 411 125 450 199
tvmonitor 0.0077 410 2 500 81
tvmonitor 0.0011 0 6 21 188
