person 0.8281 304 97 491 336
person 0.0470 258 145 422 334
person 0.0142 242 139 270 205
person 0.0104 247 174 265 206
person 0.0104 294 227 413 328
person 0.0033 247 154 336 258
person 0.0029 325 236 491 330
person 0.0024 165 214 274 292
person 0.0023 102 216 335 332
person 0.0022 211 -5 514 342
person 0.0021 285 184 378 311
person 0.0019 195 125 287 204
person 0.0019 287 163 316 188
person 0.0018 220 136 263 207
person 0.0015 250 141 306 209
person 0.0014 278 149 363 271
person 0.0012 329 138 415 279
person 0.0010 304 138 331 177
person 0.0010 238 196 341 291
car 0.0015 165 214 274 292
car 0.0015 101 129 318 291
car 0.0014 153 128 269 206
car 0.0013 153 157 274 240
car 0.0012 140 175 356 323
aeroplane 0.0021 3 9 348 323
boat 0.0023 245 151 264 207
boat 0.0020 285 231 393 331
bird 0.0013 247 174 265 206
horse 0.0018 294 230 414 337
bottle 0.0015 386 5 415 67
chair 0.1792 325 236 491 330
chair 0.1560 55 244 154 327
chair 0.0295 297 229 418 332
chair 0.0117 398 227 498 326
chair 0.0079 348 288 407 333
chair 0.0049 390 250 423 329
chair 0.0037 329 282 488 328
chair 0.0033 360 96 499 330
chair 0.0025 351 244 407 330
chair 0.0017 452 230 499 313
chair 0.0011 478 226 499 322
sofa 0.0012 304 97 491 336
pottedplant 0.0020 6 1 170 327
diningtable 0.0014 325 236 491 330
diningtable 0.0010 329 282 488 328
tvmonitor 0.0033 55 245 152 328
tvmonitor 0.0031 360 96 499 330
