person 0.0016 464 212 501 233
bicycle 0.1757 192 57 414 332
bicycle 0.1262 49 36 290 190
bicycle 0.0425 45 25 455 285
bicycle 0.0231 40 50 221 151
bicycle 0.0064 140 53 274 154
bicycle 0.0053 105 62 400 231
bicycle 0.0027 29 -11 470 177
bicycle 0.0025 70 45 261 117
bicycle 0.0020 94 16 398 147
bicycle 0.0019 202 67 369 152
bicycle 0.0017 191 29 306 116
bicycle 0.0013 207 100 367 196
bicycle 0.0011 172 54 237 116
bicycle 0.0011 136 108 194 167
bicycle 0.0010 123 90 216 213
motorbike 0.0063 49 14 456 370
motorbike 0.0015 49 36 290 190
boat 0.0014 -8 4 430 379
bird 0.0042 260 98 283 135
bird 0.0018 227 118 264 148
bird 0.0013 256 95 298 150
bottle 0.0073 260 98 283 135
bottle 0.0040 318 141 353 171
bottle 0.0038 297 141 341 169
bottle 0.0030 256 95 298 150
bottle 0.0022 231 120 277 149
bottle 0.0020 304 159 334 195
bottle 0.0019 274 128 319 149
bottle 0.0019 273 143 326 171
bottle 0.0014 271 132 324 189
bottle 0.0013 293 131 342 154
bottle 0.0013 230 99 287 150
bottle 0.0011 294 144 342 216
bottle 0.0010 200 64 241 98
