person 0.0214 88 73 495 334
person 0.0031 173 253 300 331
person 0.0026 147 225 506 330
person 0.0019 178 245 403 313
person 0.0016 380 117 400 159
bicycle 0.0055 88 73 495 334
bicycle 0.0010 115 157 289 321
motorbike 0.0020 88 73 495 334
boat 0.0060 147 225 506 330
boat 0.0025 135 78 511 319
boat 0.0011 257 186 491 247
bird 0.7578 130 159 268 234
bird 0.0294 110 151 295 275
bird 0.0075 119 158 257 199
bird 0.0048 134 190 271 279
bird 0.0027 147 83 424 256
bird 0.0025 49 24 452 307
horse 0.0021 88 73 495 334
sheep 0.0013 147 225 506 330
chair 0.0020 245 281 503 332
chair 0.0011 147 225 506 330
sofa 0.0079 147 225 506 330
pottedplant 0.0094 147 225 506 330
pottedplant 0.0038 173 248 490 307
pottedplant 0.0012 88 73 495 334
