person 0.4153 450 10 500 111
person 0.2017 20 151 306 304
person 0.1569 249 7 406 305
person 0.0695 106 -5 468 374
person 0.0634 292 1 388 149
person 0.0485 47 208 284 296
person 0.0318 21 185 148 290
person 0.0230 -24 151 444 373
person 0.0169 307 -1 366 57
person 0.0168 0 0 92 117
person 0.0136 3 222 338 375
person 0.0124 80 201 140 268
person 0.0086 259 105 480 354
person 0.0064 275 -1 313 54
person 0.0059 119 1 153 37
person 0.0045 311 260 412 346
person 0.0028 66 190 353 326
person 0.0027 473 29 499 210
person 0.0025 440 24 504 174
person 0.0022 438 -29 499 90
person 0.0022 0 10 103 199
person 0.0021 305 18 493 287
person 0.0021 -7 28 361 352
person 0.0020 144 4 184 34
person 0.0019 443 -12 500 312
person 0.0018 2 283 143 371
person 0.0018 105 238 467 374
person 0.0018 55 201 189 280
person 0.0015 397 1 506 92
person 0.0013 -2 78 97 158
person 0.0013 312 271 495 362
person 0.0011 125 218 147 264
person 0.0011 233 0 328 74
person 0.0010 202 -2 400 154
person 0.0010 163 0 207 25
car 0.0033 106 -5 468 374
car 0.0014 44 -23 454 179
cat 0.3021 7 190 119 287
cat 0.2608 311 260 412 346
cat 0.1310 306 9 393 142
cat 0.0376 339 267 404 325
cat 0.0158 312 271 495 362
cat 0.0125 249 7 406 305
cat 0.0083 306 232 402 321
cat 0.0057 80 201 140 268
cat 0.0038 278 0 432 152
cat 0.0028 162 240 496 374
cat 0.0016 450 10 500 111
cat 0.0010 321 252 393 300
dog 0.8220 7 190 119 287
dog 0.0767 311 260 412 346
dog 0.0174 312 271 495 362
dog 0.0102 306 9 393 142
dog 0.0092 80 201 140 268
dog 0.0066 1 150 180 301
dog 0.0044 450 10 500 111
dog 0.0043 48 197 158 282
dog 0.0025 249 7 406 305
dog 0.0022 306 232 402 321
dog 0.0019 32 189 236 287
dog 0.0010 339 267 404 325
bottle 0.0281 450 10 500 111
bottle 0.0049 166 157 278 219
bottle 0.0026 128 236 148 264
bottle 0.0015 46 149 293 221
bottle 0.0014 453 77 477 111
bottle 0.0011 119 1 153 37
bottle 0.0011 49 194 292 282
bottle 0.0011 249 7 406 305
chair 0.1110 362 147 465 292
chair 0.0273 255 22 413 338
chair 0.0244 0 13 89 144
chair 0.0224 -2 78 97 158
chair 0.0211 350 154 481 233
chair 0.0201 0 11 47 102
chair 0.0188 165 159 282 222
chair 0.0156 408 189 503 322
chair 0.0150 308 160 500 367
chair 0.0123 153 286 318 372
chair 0.0090 43 2 452 369
chair 0.0058 3 285 165 370
chair 0.0047 320 83 486 289
chair 0.0046 0 11 26 188
chair 0.0038 283 140 449 247
chair 0.0036 0 32 51 165
chair 0.0031 306 9 393 142
chair 0.0030 0 106 106 184
chair 0.0020 450 -9 499 108
chair 0.0017 0 145 17 181
chair 0.0017 122 149 355 304
chair 0.0014 321 284 498 373
chair 0.0012 111 -1 386 145
chair 0.0012 46 149 293 221
chair 0.0011 10 141 169 209
chair 0.0011 1 150 180 301
chair 0.0010 -14 212 437 375
chair 0.0010 212 -4 307 64
chair 0.0010 13 118 320 253
chair 0.0010 219 -3 291 41
chair 0.0010 478 183 500 215
sofa 0.1029 20 151 306 304
sofa 0.0430 63 211 508 381
sofa 0.0324 43 2 452 369
sofa 0.0291 -2 78 97 158
sofa 0.0260 256 169 490 360
sofa 0.0211 4 285 156 371
sofa 0.0164 109 283 541 372
sofa 0.0162 3 222 338 375
sofa 0.0154 327 143 492 317
sofa 0.0137 0 96 352 357
sofa 0.0120 321 284 498 373
sofa 0.0117 -19 287 367 370
sofa 0.0101 111 -1 386 145
sofa 0.0085 255 22 413 338
sofa 0.0075 0 0 92 117
sofa 0.0074 -1 178 190 335
sofa 0.0064 0 10 103 199
sofa 0.0060 377 170 502 363
sofa 0.0057 153 286 318 372
sofa 0.0047 46 149 293 221
sofa 0.0041 350 154 481 233
sofa 0.0039 1 9 43 88
sofa 0.0034 206 77 511 371
sofa 0.0033 306 9 393 142
sofa 0.0030 165 159 282 222
sofa 0.0021 -4 71 284 240
sofa 0.0016 44 -23 454 179
sofa 0.0016 10 139 193 210
sofa 0.0014 0 106 106 184
sofa 0.0012 0 32 51 165
sofa 0.0012 283 140 449 247
sofa 0.0010 212 -4 307 64
sofa 0.0010 83 21 328 186
diningtable 0.0050 -2 78 97 158
diningtable 0.0024 109 283 541 372
diningtable 0.0015 111 -1 386 145
diningtable 0.0014 0 11 47 102
diningtable 0.0013 0 0 92 117
diningtable 0.0013 18 218 479 371
diningtable 0.0012 321 283 497 371
diningtable 0.0011 -5 284 148 371
tvmonitor 0.0024 100 -2 227 57
tvmonitor 0.0011 219 -3 291 41
tvmonitor 0.0011 77 -2 336 143
