person 0.0657 482 90 499 137
person 0.0176 67 -5 336 214
person 0.0109 325 50 350 83
person 0.0077 415 86 461 148
person 0.0055 365 36 389 78
person 0.0049 476 55 500 144
person 0.0031 481 80 500 195
person 0.0020 342 39 370 82
person 0.0017 441 81 469 121
person 0.0015 421 87 449 124
person 0.0011 360 84 385 153
bicycle 0.4572 27 18 391 352
bicycle 0.0651 52 138 235 371
bicycle 0.0221 61 -2 298 209
bicycle 0.0111 182 82 386 275
bicycle 0.0054 265 0 389 231
bicycle 0.0034 -1 121 114 314
bicycle 0.0021 67 132 138 304
bicycle 0.0020 152 -4 345 225
bicycle 0.0010 287 85 378 240
car 0.1517 286 9 398 110
car 0.0284 1 70 106 304
car 0.0126 -1 173 90 295
car 0.0045 308 45 332 90
car 0.0028 299 34 334 94
car 0.0024 243 1 353 95
car 0.0024 361 22 387 71
car 0.0021 397 26 426 48
car 0.0020 397 11 424 41
car 0.0020 382 26 409 51
car 0.0014 382 12 417 41
car 0.0011 288 1 341 16
motorbike 0.0024 32 -11 331 389
motorbike 0.0018 -2 187 76 307
bus 0.0074 290 13 396 100
train 0.0087 299 17 400 104
boat 0.0015 302 11 396 83
boat 0.0010 1 70 106 304
horse 0.0011 38 -18 379 327
bottle 0.0054 217 161 256 198
bottle 0.0034 215 151 266 209
bottle 0.0031 212 163 239 196
bottle 0.0021 189 153 221 196
bottle 0.0013 180 141 228 203
bottle 0.0011 251 157 276 199
bottle 0.0010 238 202 269 233
chair 0.0041 23 -12 336 323
chair 0.0040 476 55 500 144
chair 0.0025 360 84 385 153
chair 0.0019 482 90 499 137
chair 0.0017 61 -2 298 209
chair 0.0016 415 86 461 148
chair 0.0014 414 46 487 157
pottedplant 0.1156 1 70 106 304
pottedplant 0.0431 -1 177 71 295
pottedplant 0.0022 0 111 25 284
pottedplant 0.0022 0 74 64 212
pottedplant 0.0018 0 124 54 270
pottedplant 0.0016 17 150 114 287
