person 0.6931 0 0 133 374
person 0.0411 2 3 58 51
person 0.0042 0 72 22 321
person 0.0039 0 -13 57 382
person 0.0037 158 29 196 56
person 0.0031 4 -2 166 207
person 0.0029 -13 -8 291 380
person 0.0028 27 25 59 49
person 0.0020 57 38 140 181
person 0.0019 25 7 59 46
person 0.0017 125 31 160 59
person 0.0016 1 0 90 82
person 0.0015 1 5 25 35
car 0.0846 40 4 221 191
car 0.0399 145 71 497 382
car 0.0269 176 36 230 58
car 0.0232 63 1 203 66
car 0.0225 -1 2 138 218
car 0.0204 158 29 196 56
car 0.0193 145 20 255 72
car 0.0095 200 47 247 68
car 0.0072 -13 -8 291 380
car 0.0029 167 35 241 74
car 0.0028 57 38 140 181
car 0.0018 10 0 152 373
car 0.0013 186 37 248 62
car 0.0013 151 26 214 65
motorbike 0.0011 47 15 528 366
aeroplane 0.4654 26 2 471 377
aeroplane 0.0107 -35 16 461 207
aeroplane 0.0049 40 4 221 191
aeroplane 0.0036 -14 -12 295 323
aeroplane 0.0018 205 42 440 171
aeroplane 0.0015 217 69 493 373
aeroplane 0.0012 186 37 248 62
train 0.0135 47 15 528 366
train 0.0011 315 16 496 293
boat 0.0019 200 47 247 68
boat 0.0018 186 37 248 62
