person 0.0202 243 48 469 297
person 0.0023 253 157 459 260
person 0.0021 68 41 502 307
person 0.0018 30 41 256 303
bottle 0.0041 476 95 499 139
bottle 0.0018 446 79 497 143
bottle 0.0011 443 124 492 142
bottle 0.0011 475 80 498 125
chair 0.1406 14 36 420 306
chair 0.0177 244 158 475 300
chair 0.0122 56 44 271 294
chair 0.0043 30 165 261 301
chair 0.0031 401 131 497 265
chair 0.0027 86 41 411 203
chair 0.0018 8 12 117 314
chair 0.0010 216 47 451 294
sofa 0.4623 50 32 448 305
sofa 0.0248 30 41 256 303
sofa 0.0225 244 158 475 300
sofa 0.0181 24 156 483 324
sofa 0.0154 86 41 411 203
sofa 0.0024 -12 243 511 323
sofa 0.0019 51 167 286 303
sofa 0.0015 401 131 497 265
sofa 0.0015 189 66 409 266
sofa 0.0013 93 59 312 269
sofa 0.0011 137 139 455 280
pottedplant 0.0011 14 36 420 306
diningtable 0.0042 24 156 483 324
diningtable 0.0027 -8 295 412 329
diningtable 0.0018 -12 243 511 323
diningtable 0.0014 409 117 502 228
diningtable 0.0011 14 36 420 306
tvmonitor 0.0148 433 -3 499 22
tvmonitor 0.0027 472 163 498 258
tvmonitor 0.0018 50 32 448 305
tvmonitor 0.0014 449 77 499 137
tvmonitor 0.0010 452 152 497 243
