aeroplane 0.9928 189 148 254 201
aeroplane 0.9755 60 237 125 301
aeroplane 0.9699 25 49 94 107
aeroplane 0.9632 163 30 228 94
aeroplane 0.9563 47 148 110 211
aeroplane 0.9390 395 14 460 78
aeroplane 0.0168 397 13 502 96
aeroplane 0.0036 231 176 280 201
aeroplane 0.0032 473 65 499 90
aeroplane 0.0020 177 36 220 85
aeroplane 0.0018 222 155 283 202
aeroplane 0.0017 444 55 496 77
aeroplane 0.0017 438 39 500 85
aeroplane 0.0016 90 258 244 323
aeroplane 0.0012 432 43 468 70
aeroplane 0.0011 357 221 391 245
aeroplane 0.0011 377 221 409 246
aeroplane 0.0010 67 51 195 117
