person 0.0331 0 -4 49 344
person 0.0054 -1 -1 121 341
person 0.0029 0 88 28 342
person 0.0024 0 3 56 170
person 0.0023 0 71 23 245
person 0.0021 0 14 26 107
person 0.0015 0 -1 24 198
person 0.0013 1 91 47 227
car 0.0021 94 -9 478 341
car 0.0014 -25 153 442 317
cat 0.9268 -2 16 346 322
cat 0.0772 94 -9 478 341
cat 0.0028 -1 -1 121 341
cat 0.0024 0 -4 49 344
cat 0.0017 191 -1 384 323
dog 0.0023 0 -4 49 344
dog 0.0011 -3 13 296 323
cow 0.0010 0 -4 49 344
chair 0.0261 13 4 402 332
sofa 0.0151 44 -4 440 339
sofa 0.0023 60 154 510 320
diningtable 0.0022 94 -9 478 341
tvmonitor 0.0014 132 -3 497 337
