person 0.2559 179 19 249 130
person 0.2164 158 23 273 203
person 0.1869 211 184 315 312
person 0.0847 227 221 355 314
person 0.0684 191 85 398 314
person 0.0059 190 19 297 145
person 0.0054 126 185 156 229
person 0.0051 216 178 305 244
person 0.0050 123 172 151 206
person 0.0034 252 228 313 300
person 0.0031 7 152 46 268
person 0.0028 84 34 262 219
person 0.0027 104 63 314 272
person 0.0022 223 46 256 139
person 0.0021 170 97 195 124
person 0.0021 242 264 264 306
person 0.0021 205 220 288 317
person 0.0020 326 187 354 234
person 0.0019 0 143 20 277
person 0.0015 117 169 157 244
person 0.0015 231 259 287 319
person 0.0012 226 29 248 69
person 0.0012 292 196 340 231
person 0.0011 292 198 316 229
person 0.0011 319 183 357 268
person 0.0010 149 182 175 231
person 0.0010 0 178 15 239
person 0.0010 234 152 337 258
bicycle 0.0019 170 97 195 124
bicycle 0.0018 216 219 299 313
bicycle 0.0010 207 170 381 315
motorbike 0.0012 216 219 299 313
motorbike 0.0011 207 170 381 315
motorbike 0.0010 243 222 354 316
bird 0.0037 319 284 361 316
bird 0.0022 278 279 358 315
cat 0.0021 278 279 358 315
dog 0.0289 278 279 358 315
dog 0.0250 264 240 367 314
dog 0.0014 282 184 373 301
horse 0.6562 59 74 281 308
horse 0.3900 191 85 398 314
horse 0.0633 76 28 418 302
horse 0.0396 296 102 413 298
horse 0.0356 139 68 359 261
horse 0.0352 41 71 174 262
horse 0.0320 225 186 332 312
horse 0.0209 209 156 300 244
horse 0.0146 203 101 302 226
horse 0.0134 319 183 357 268
horse 0.0131 282 184 373 301
horse 0.0074 56 121 139 263
horse 0.0062 315 173 398 283
horse 0.0052 326 187 354 234
horse 0.0049 244 95 338 220
horse 0.0045 117 169 157 244
horse 0.0043 273 109 398 235
horse 0.0042 53 77 164 183
horse 0.0042 380 118 416 264
horse 0.0040 220 102 260 191
horse 0.0039 355 120 428 268
horse 0.0038 82 129 179 264
horse 0.0032 234 152 337 258
horse 0.0031 243 222 354 316
horse 0.0029 170 97 195 124
horse 0.0026 292 192 346 264
horse 0.0025 163 87 265 223
horse 0.0022 116 128 227 268
horse 0.0022 97 143 327 318
horse 0.0015 248 84 326 170
horse 0.0015 15 143 103 272
horse 0.0014 270 175 365 252
horse 0.0013 168 21 329 214
horse 0.0011 49 80 126 223
horse 0.0010 145 171 187 249
horse 0.0010 0 93 123 293
horse 0.0010 292 196 340 231
sheep 0.0016 264 240 367 314
cow 0.0016 319 183 357 268
chair 0.0068 220 244 262 318
chair 0.0044 227 221 355 314
chair 0.0022 231 259 287 319
chair 0.0014 242 264 264 306
chair 0.0010 252 228 313 300
