person 0.0097 476 235 498 265
person 0.0070 460 184 485 241
person 0.0061 454 242 491 266
person 0.0041 476 216 499 259
person 0.0031 395 245 438 264
person 0.0026 462 216 490 260
person 0.0018 458 176 474 220
person 0.0013 433 248 475 265
person 0.0012 78 139 101 170
person 0.0011 376 239 408 259
person 0.0011 413 221 442 255
car 0.0022 476 216 499 259
car 0.0016 433 248 475 265
car 0.0011 187 202 261 222
car 0.0011 203 187 273 206
aeroplane 0.0065 457 178 493 259
aeroplane 0.0046 432 174 502 262
aeroplane 0.0039 475 179 499 215
aeroplane 0.0036 458 176 474 220
aeroplane 0.0016 388 171 505 228
bus 0.0101 457 178 493 259
bus 0.0046 476 216 499 259
bus 0.0039 432 180 500 262
bus 0.0018 430 208 480 259
bus 0.0016 474 190 499 240
train 0.0025 432 180 500 262
train 0.0021 457 178 493 259
boat 0.2229 151 131 482 258
boat 0.2158 106 6 481 293
boat 0.1989 34 51 239 256
boat 0.1101 89 210 504 289
boat 0.0663 169 -3 309 233
boat 0.0646 24 176 480 274
boat 0.0507 27 -28 326 255
boat 0.0274 23 94 414 269
boat 0.0126 66 166 509 348
boat 0.0069 57 205 387 267
boat 0.0059 165 168 307 226
boat 0.0049 16 246 81 260
boat 0.0043 123 190 356 230
boat 0.0036 2 241 51 256
boat 0.0032 432 180 500 262
boat 0.0029 35 180 337 246
boat 0.0022 444 260 497 278
boat 0.0021 -1 186 37 248
boat 0.0021 7 224 39 251
boat 0.0020 267 163 522 284
boat 0.0019 141 190 490 245
boat 0.0014 384 234 499 276
boat 0.0012 187 202 261 222
boat 0.0011 272 141 451 218
boat 0.0010 433 248 475 265
boat 0.0010 300 229 498 281
