person 0.9793 191 24 325 244
person 0.3423 413 8 460 64
person 0.3049 452 10 497 67
person 0.1071 458 12 494 42
person 0.0795 417 7 460 38
person 0.0529 141 55 360 285
person 0.0286 470 30 501 60
person 0.0273 408 8 499 69
person 0.0160 290 3 347 48
person 0.0124 261 0 331 46
person 0.0119 265 -2 319 13
person 0.0097 345 12 478 66
person 0.0092 363 12 430 33
person 0.0083 309 1 354 14
person 0.0062 187 2 224 32
person 0.0059 383 18 448 63
person 0.0058 471 41 500 68
person 0.0047 321 3 383 50
person 0.0043 449 30 499 80
person 0.0041 196 7 239 39
person 0.0037 267 8 385 44
person 0.0035 242 -2 266 42
person 0.0033 337 5 414 48
person 0.0030 334 9 382 32
person 0.0030 355 29 430 55
person 0.0028 307 6 358 33
person 0.0028 282 4 321 42
person 0.0028 301 4 446 50
person 0.0027 376 1 488 53
person 0.0023 186 -1 248 44
person 0.0023 339 12 407 34
person 0.0021 327 0 377 15
person 0.0019 467 0 500 59
person 0.0018 259 0 296 35
person 0.0011 239 -1 283 49
person 0.0011 296 17 337 49
person 0.0010 432 40 461 67
bicycle 0.9731 149 108 361 290
bicycle 0.0019 8 99 415 297
car 0.0015 470 30 501 60
car 0.0013 187 2 224 32
car 0.0010 471 41 500 68
bottle 0.0075 248 175 271 221
bottle 0.0024 271 194 297 241
bottle 0.0022 249 191 273 242
bottle 0.0017 232 169 258 214
bottle 0.0017 215 76 233 123
bottle 0.0015 232 156 256 198
bottle 0.0014 455 19 496 57
bottle 0.0012 240 158 276 238
chair 0.0054 340 12 457 65
chair 0.0044 450 43 499 67
chair 0.0032 115 15 176 66
chair 0.0032 455 19 496 57
chair 0.0024 470 30 501 60
chair 0.0018 394 8 493 70
chair 0.0017 259 0 306 15
chair 0.0015 449 30 499 80
chair 0.0014 187 2 224 32
chair 0.0014 347 31 410 54
chair 0.0013 141 55 360 285
chair 0.0013 299 4 368 48
diningtable 0.0029 304 12 436 61
tvmonitor 0.0076 343 5 462 49
tvmonitor 0.0043 1 1 107 52
tvmonitor 0.0012 2 16 85 60
tvmonitor 0.0012 -11 -3 182 60
tvmonitor 0.0011 391 2 491 52
