person 0.8182 109 72 227 341
person 0.0513 126 90 214 230
person 0.0346 140 67 169 97
person 0.0138 131 81 158 113
person 0.0080 110 166 204 321
person 0.0060 123 72 167 124
person 0.0047 122 88 166 156
person 0.0040 155 159 236 312
person 0.0039 66 96 199 318
person 0.0031 142 69 184 91
person 0.0027 303 162 317 302
person 0.0026 125 48 178 74
person 0.0019 125 81 209 167
person 0.0018 304 240 316 298
person 0.0017 128 59 173 107
person 0.0015 224 53 250 87
person 0.0013 129 109 161 137
car 0.1002 189 52 252 89
car 0.0621 125 48 178 74
car 0.0388 191 64 229 87
car 0.0383 142 69 184 91
car 0.0360 140 67 169 97
car 0.0348 130 45 195 88
car 0.0311 109 70 149 92
car 0.0256 76 52 118 79
car 0.0169 75 67 119 90
car 0.0162 57 70 94 90
car 0.0138 242 71 273 95
car 0.0110 229 61 254 95
car 0.0087 116 55 153 76
car 0.0080 36 76 80 98
car 0.0056 133 41 251 91
car 0.0045 224 53 250 87
car 0.0044 58 52 96 79
car 0.0041 176 61 274 113
car 0.0041 89 76 138 98
car 0.0028 7 71 37 103
car 0.0027 249 71 303 96
car 0.0027 64 40 121 81
car 0.0026 43 82 78 113
car 0.0026 154 72 215 91
car 0.0023 169 48 198 84
car 0.0021 169 37 288 93
car 0.0017 57 82 89 119
car 0.0017 22 80 52 111
car 0.0016 225 64 311 129
car 0.0016 128 59 173 107
car 0.0015 17 73 55 103
car 0.0015 120 43 182 63
car 0.0012 29 77 88 119
car 0.0012 244 51 277 77
car 0.0011 215 54 261 101
car 0.0011 131 81 158 113
car 0.0010 39 31 85 59
bus 0.0014 214 190 307 295
boat 0.0033 36 21 87 71
boat 0.0015 36 76 80 98
boat 0.0013 0 6 96 98
boat 0.0012 24 15 134 85
dog 0.0033 126 90 214 230
dog 0.0019 121 151 183 200
dog 0.0013 145 146 193 200
horse 0.8412 85 161 247 451
horse 0.0016 163 174 241 323
chair 0.0100 109 70 149 92
chair 0.0059 87 87 134 109
chair 0.0034 131 81 158 113
chair 0.0032 140 67 169 97
chair 0.0028 121 82 150 113
chair 0.0021 113 109 153 133
chair 0.0020 142 69 184 91
chair 0.0016 82 76 140 120
chair 0.0012 89 76 138 98
chair 0.0012 191 64 229 87
chair 0.0011 129 109 161 137
chair 0.0011 91 107 132 127
chair 0.0010 233 248 261 287
pottedplant 0.0014 227 75 311 185
