person 0.0016 -6 -6 358 377
person 0.0010 0 2 119 131
car 0.0079 -6 -6 358 377
car 0.0033 5 236 284 369
car 0.0014 95 59 468 388
motorbike 0.0018 -6 -6 358 377
motorbike 0.0010 29 175 301 354
bird 0.5200 165 114 345 191
bird 0.1930 149 76 361 220
bird 0.1358 0 2 119 131
bird 0.0534 273 86 363 190
bird 0.0255 318 83 367 155
bird 0.0066 6 -7 404 383
bird 0.0055 157 107 341 336
bird 0.0053 228 82 356 166
bird 0.0050 57 56 121 101
bird 0.0030 55 56 122 80
bird 0.0025 57 37 120 89
bird 0.0021 50 6 154 118
bird 0.0015 0 33 21 122
bird 0.0010 13 103 337 273
cat 0.0107 0 2 119 131
cat 0.0028 29 175 301 354
dog 0.0146 0 2 119 131
dog 0.0011 0 33 21 122
bottle 0.0071 318 83 367 155
bottle 0.0014 149 76 361 220
bottle 0.0012 319 84 366 115
bottle 0.0012 1 0 130 143
pottedplant 0.0023 -6 -6 358 377
diningtable 0.0024 95 59 468 388
