person 0.9048 22 27 41 92
person 0.0775 225 128 279 199
person 0.0256 84 72 264 222
person 0.0149 107 82 216 205
person 0.0144 350 68 427 214
person 0.0105 160 82 206 106
person 0.0094 158 137 268 229
person 0.0057 90 -8 486 235
person 0.0037 3 40 19 82
person 0.0037 71 34 345 201
person 0.0032 13 5 50 37
person 0.0032 204 135 284 225
person 0.0031 31 36 49 87
person 0.0018 254 6 295 27
person 0.0014 214 21 444 210
person 0.0013 158 77 211 120
person 0.0012 368 42 430 90
person 0.0012 183 81 212 108
person 0.0011 158 83 183 111
person 0.0011 6 19 22 68
person 0.0010 -2 9 22 115
person 0.0010 372 8 458 29
car 0.0098 243 6 283 27
car 0.0047 196 8 244 27
car 0.0046 13 5 50 37
car 0.0014 232 3 430 52
car 0.0013 294 6 338 36
car 0.0012 9 1 255 51
aeroplane 0.0122 302 18 443 216
aeroplane 0.0051 90 -8 486 235
aeroplane 0.0017 340 41 420 201
boat 0.0499 107 82 216 205
boat 0.0408 396 11 470 33
boat 0.0172 84 72 264 222
boat 0.0096 462 7 486 34
boat 0.0043 356 8 474 36
boat 0.0039 404 23 466 51
boat 0.0026 225 128 279 199
boat 0.0012 302 18 443 216
bird 0.0220 160 82 206 106
bird 0.0099 302 18 443 216
bird 0.0093 340 41 420 201
bird 0.0045 225 128 279 199
bird 0.0028 183 81 212 108
bird 0.0016 138 31 446 201
bird 0.0014 158 77 211 120
dog 0.0016 225 128 279 199
chair 0.0073 372 8 458 29
chair 0.0030 404 23 466 51
chair 0.0019 462 7 486 34
chair 0.0013 395 10 473 44
diningtable 0.0011 372 8 458 29
