person 0.0839 472 331 500 373
person 0.0608 450 316 499 372
person 0.0287 471 320 497 351
person 0.0286 313 352 347 375
person 0.0149 222 190 298 236
person 0.0098 263 205 296 237
person 0.0078 472 350 499 375
person 0.0036 381 358 441 376
person 0.0029 394 297 501 373
person 0.0016 53 224 87 243
person 0.0015 220 204 256 237
person 0.0013 391 340 429 367
bicycle 0.0085 381 358 441 376
bicycle 0.0014 408 354 458 373
car 0.0123 381 358 441 376
car 0.0034 408 354 458 373
car 0.0031 294 319 352 375
car 0.0024 313 352 347 375
car 0.0014 394 297 501 373
car 0.0010 356 362 400 377
motorbike 0.0017 381 358 441 376
aeroplane 0.0177 212 166 310 236
aeroplane 0.0108 77 42 498 327
aeroplane 0.0032 156 75 421 226
aeroplane 0.0028 216 101 359 170
aeroplane 0.0015 50 117 366 246
bus 0.0081 294 319 352 375
bus 0.0054 394 297 501 373
bus 0.0034 450 316 499 372
train 0.0021 406 292 500 373
train 0.0011 294 319 352 375
boat 0.0149 77 42 498 327
boat 0.0010 -7 211 433 379
chair 0.0069 6 321 132 378
chair 0.0016 67 321 134 371
diningtable 0.0012 24 213 476 376
