person 0.9593 213 119 289 361
person 0.9138 80 181 157 319
person 0.7276 218 227 379 495
person 0.6077 1 193 159 479
person 0.4666 114 184 191 311
person 0.2999 0 177 150 336
person 0.2110 145 185 193 253
person 0.0663 83 178 144 257
person 0.0528 128 164 150 197
person 0.0418 109 333 169 489
person 0.0389 0 173 80 313
person 0.0299 119 167 153 231
person 0.0257 1 197 34 278
person 0.0138 205 295 333 502
person 0.0124 15 167 107 265
person 0.0123 303 126 330 159
person 0.0117 227 106 375 402
person 0.0112 44 169 84 198
person 0.0097 8 239 129 353
person 0.0077 324 222 362 257
person 0.0073 6 414 122 497
person 0.0061 3 199 31 241
person 0.0057 150 213 195 310
person 0.0057 65 189 102 286
person 0.0055 81 214 128 303
person 0.0053 216 288 306 431
person 0.0050 327 220 366 295
person 0.0045 214 196 233 236
person 0.0044 38 170 88 235
person 0.0039 216 170 244 303
person 0.0039 -1 201 41 350
person 0.0037 85 195 209 467
person 0.0036 92 175 181 267
person 0.0036 202 192 237 282
person 0.0035 109 230 199 331
person 0.0031 101 181 134 225
person 0.0028 133 180 212 271
person 0.0026 159 187 189 226
person 0.0025 136 148 391 502
person 0.0023 201 416 267 487
person 0.0023 -5 222 92 499
person 0.0022 285 215 372 294
person 0.0020 169 241 195 275
person 0.0020 71 340 160 474
person 0.0020 279 221 309 249
person 0.0020 0 207 18 344
person 0.0019 293 221 320 254
person 0.0019 85 185 118 224
person 0.0018 17 228 76 287
person 0.0018 213 441 267 500
person 0.0017 59 165 94 245
person 0.0017 211 111 250 173
person 0.0016 273 217 318 274
person 0.0016 259 231 361 338
person 0.0014 0 209 18 266
person 0.0013 5 213 29 265
person 0.0012 140 243 189 319
person 0.0011 302 170 324 198
person 0.0011 -1 272 46 352
person 0.0010 4 195 35 217
person 0.0010 203 331 277 495
person 0.0010 68 177 89 221
person 0.0010 0 261 79 380
bicycle 0.0064 3 305 150 501
bicycle 0.0042 17 400 70 452
bicycle 0.0027 9 387 114 477
motorbike 0.0013 2 230 161 494
cat 0.0034 0 168 85 273
dog 0.0074 0 168 85 273
dog 0.0018 1 197 34 278
horse 0.0028 3 305 150 501
bottle 0.0325 182 245 198 300
bottle 0.0218 162 274 187 319
bottle 0.0078 158 257 193 326
bottle 0.0067 167 257 190 306
bottle 0.0046 143 276 164 324
bottle 0.0028 169 241 195 275
bottle 0.0023 187 276 202 327
bottle 0.0022 180 255 206 335
bottle 0.0017 219 196 237 238
bottle 0.0016 189 290 210 334
bottle 0.0011 139 260 178 334
bottle 0.0010 166 299 193 328
chair 0.3880 3 305 150 501
chair 0.1497 5 429 135 501
chair 0.0801 228 442 277 499
chair 0.0531 202 335 305 497
chair 0.0460 323 222 354 248
chair 0.0366 181 242 199 288
chair 0.0328 233 447 369 498
chair 0.0300 169 241 195 275
chair 0.0265 80 229 160 324
chair 0.0241 157 246 195 321
chair 0.0231 198 288 229 375
chair 0.0196 218 227 379 495
chair 0.0187 235 479 283 500
chair 0.0151 201 408 272 496
chair 0.0147 81 214 128 303
chair 0.0140 123 236 202 323
chair 0.0135 119 259 160 333
chair 0.0121 85 240 115 269
chair 0.0118 89 231 119 257
chair 0.0111 1 443 71 499
chair 0.0108 276 244 303 277
chair 0.0096 20 279 135 361
chair 0.0096 325 219 366 273
chair 0.0094 139 245 173 267
chair 0.0091 118 237 157 253
chair 0.0086 311 224 352 290
chair 0.0076 116 271 135 316
chair 0.0065 124 244 158 266
chair 0.0062 133 258 222 397
chair 0.0061 97 260 141 332
chair 0.0060 211 356 376 501
chair 0.0059 198 288 221 340
chair 0.0053 86 260 118 293
chair 0.0052 219 306 298 402
chair 0.0050 92 230 145 254
chair 0.0046 15 306 123 434
chair 0.0046 213 433 322 501
chair 0.0045 138 186 191 322
chair 0.0041 129 271 155 324
chair 0.0040 72 237 97 276
chair 0.0037 9 387 114 477
chair 0.0035 148 255 174 297
chair 0.0034 301 236 332 280
chair 0.0033 241 483 338 500
chair 0.0032 8 190 191 486
chair 0.0031 214 312 231 364
chair 0.0030 316 237 342 285
chair 0.0028 17 194 149 325
chair 0.0026 293 221 320 254
chair 0.0025 175 437 285 500
chair 0.0025 233 446 263 488
chair 0.0025 110 323 171 476
chair 0.0024 72 224 97 260
chair 0.0022 1 201 23 243
chair 0.0021 63 224 106 294
chair 0.0021 0 329 88 464
chair 0.0021 214 196 233 236
chair 0.0021 139 260 178 334
chair 0.0020 -3 430 63 481
chair 0.0020 279 221 309 249
chair 0.0020 123 256 149 295
chair 0.0019 199 182 232 335
chair 0.0019 245 303 293 373
chair 0.0019 5 342 68 399
chair 0.0019 4 195 35 217
chair 0.0019 131 294 154 336
chair 0.0018 159 230 187 259
chair 0.0018 71 256 165 371
chair 0.0017 44 169 84 198
chair 0.0017 106 261 135 301
chair 0.0017 7 481 73 500
chair 0.0017 333 229 375 319
chair 0.0016 90 250 181 341
chair 0.0016 285 215 372 294
chair 0.0015 -1 270 9 336
chair 0.0015 3 476 46 498
chair 0.0015 179 231 209 293
chair 0.0015 259 231 361 338
chair 0.0015 137 327 217 476
chair 0.0015 142 231 180 256
chair 0.0014 0 209 18 266
chair 0.0014 93 244 143 265
chair 0.0013 123 264 242 479
chair 0.0013 111 196 161 314
chair 0.0013 123 205 146 240
chair 0.0012 -5 222 92 499
chair 0.0012 1 197 34 278
chair 0.0012 189 290 210 334
chair 0.0012 71 267 100 296
chair 0.0011 133 333 171 386
chair 0.0011 1 405 85 495
sofa 0.2587 218 227 379 495
sofa 0.0900 205 295 333 502
sofa 0.0888 2 230 161 494
sofa 0.0237 0 177 150 336
sofa 0.0116 204 366 300 501
sofa 0.0086 134 180 192 306
sofa 0.0059 80 229 160 324
sofa 0.0050 213 441 267 500
sofa 0.0049 18 274 125 363
sofa 0.0043 216 288 306 431
sofa 0.0042 109 230 199 331
sofa 0.0037 6 414 122 497
sofa 0.0035 290 229 377 341
sofa 0.0026 201 416 267 487
sofa 0.0026 68 183 147 329
sofa 0.0025 118 237 157 253
sofa 0.0023 94 177 174 331
sofa 0.0021 226 385 377 501
sofa 0.0017 20 230 140 324
sofa 0.0017 0 168 85 273
sofa 0.0017 327 220 366 295
sofa 0.0015 324 222 362 257
sofa 0.0015 112 333 172 479
sofa 0.0015 233 447 369 498
sofa 0.0015 333 229 375 319
sofa 0.0013 311 224 352 290
sofa 0.0012 245 303 293 373
sofa 0.0012 248 258 350 388
sofa 0.0012 124 244 158 266
sofa 0.0011 48 267 159 376
sofa 0.0011 9 337 121 473
sofa 0.0011 80 241 128 314
sofa 0.0010 195 318 287 471
sofa 0.0010 137 327 217 476
sofa 0.0010 0 209 75 359
sofa 0.0010 235 479 283 500
pottedplant 0.0451 293 231 335 285
pottedplant 0.0082 279 221 309 249
pottedplant 0.0075 293 221 320 254
pottedplant 0.0071 273 217 318 274
pottedplant 0.0064 276 244 303 277
pottedplant 0.0027 270 220 358 294
diningtable 0.0203 133 258 222 397
diningtable 0.0184 130 246 215 338
diningtable 0.0168 118 237 157 253
diningtable 0.0139 139 245 173 267
diningtable 0.0130 92 230 145 254
diningtable 0.0076 124 244 158 266
diningtable 0.0063 259 231 361 338
diningtable 0.0057 142 231 180 256
diningtable 0.0053 201 416 267 487
diningtable 0.0037 213 441 267 500
diningtable 0.0032 181 242 199 288
diningtable 0.0028 93 244 143 265
diningtable 0.0028 123 264 242 479
diningtable 0.0023 169 241 195 275
diningtable 0.0022 157 246 195 321
diningtable 0.0020 293 221 320 254
diningtable 0.0019 235 479 283 500
diningtable 0.0016 214 196 233 236
diningtable 0.0014 293 231 335 285
diningtable 0.0013 166 299 193 328
diningtable 0.0012 85 195 209 467
diningtable 0.0011 6 414 122 497
diningtable 0.0010 151 283 198 336
diningtable 0.0010 89 231 119 257
