person 0.1216 83 148 162 269
person 0.1060 103 160 151 222
person 0.0543 422 270 455 303
person 0.0432 416 267 456 323
person 0.0348 95 127 180 220
person 0.0322 421 267 485 325
person 0.0267 459 263 493 293
person 0.0250 424 291 503 332
person 0.0109 473 260 498 294
person 0.0108 72 156 143 308
person 0.0107 76 160 131 222
person 0.0101 112 159 142 195
person 0.0095 74 156 206 325
person 0.0086 115 151 159 212
person 0.0064 452 278 496 305
person 0.0064 422 280 470 307
person 0.0054 424 259 466 293
person 0.0052 413 249 458 301
person 0.0049 91 160 118 188
person 0.0047 414 293 437 330
person 0.0042 124 158 153 201
person 0.0038 445 253 501 298
person 0.0037 473 257 499 331
person 0.0031 401 275 423 318
person 0.0031 407 284 430 330
person 0.0029 119 101 210 218
person 0.0024 407 238 504 316
person 0.0024 298 247 503 328
person 0.0023 118 160 211 262
person 0.0020 114 168 146 214
person 0.0020 470 241 500 303
person 0.0020 396 264 434 330
person 0.0018 288 258 426 332
person 0.0017 333 9 365 33
person 0.0011 67 139 146 210
person 0.0011 39 103 162 317
person 0.0010 65 44 216 294
person 0.0010 103 127 148 191
car 0.0378 288 258 426 332
car 0.0267 419 288 499 332
car 0.0025 82 263 121 296
car 0.0021 412 251 499 330
car 0.0021 79 267 104 303
car 0.0015 78 257 194 324
car 0.0014 422 270 455 303
car 0.0012 436 316 499 333
car 0.0011 416 267 456 323
car 0.0010 298 247 503 328
train 0.2878 99 -4 489 330
train 0.0044 219 12 435 256
train 0.0018 185 12 330 306
bird 0.0012 225 27 245 62
chair 0.1154 424 291 503 332
chair 0.0112 437 263 499 327
chair 0.0085 473 260 498 294
chair 0.0075 459 263 493 293
chair 0.0069 288 258 426 332
chair 0.0066 422 270 455 303
chair 0.0061 452 278 496 305
chair 0.0054 422 280 470 307
chair 0.0028 407 284 430 330
chair 0.0026 445 253 501 298
chair 0.0023 436 316 499 333
chair 0.0019 416 267 456 323
chair 0.0018 450 219 500 290
chair 0.0017 414 293 437 330
chair 0.0016 473 257 499 331
chair 0.0015 203 225 283 325
chair 0.0013 474 215 500 294
chair 0.0010 424 259 466 293
chair 0.0010 476 287 499 332
sofa 0.0053 424 291 503 332
sofa 0.0047 412 251 499 330
sofa 0.0020 288 258 426 332
sofa 0.0012 298 247 503 328
sofa 0.0012 473 260 498 294
diningtable 0.0064 428 293 502 324
diningtable 0.0020 452 278 496 305
