person 0.0016 308 111 320 211
bottle 0.0151 308 102 320 126
bottle 0.0077 37 156 55 179
bottle 0.0028 310 109 319 142
bottle 0.0014 37 163 65 179
chair 0.9843 191 88 242 147
chair 0.1703 127 78 187 129
chair 0.1467 131 79 173 116
chair 0.0944 39 91 188 209
chair 0.0227 199 89 239 119
chair 0.0085 131 82 149 112
chair 0.0054 162 149 310 243
chair 0.0038 154 104 180 116
chair 0.0028 308 113 320 189
chair 0.0025 291 128 316 145
chair 0.0023 257 116 320 157
chair 0.0020 136 103 173 115
chair 0.0018 285 124 320 151
chair 0.0016 307 130 320 245
chair 0.0015 280 150 320 239
chair 0.0014 309 122 320 150
chair 0.0014 193 118 239 150
chair 0.0013 312 154 320 193
chair 0.0013 85 89 190 145
chair 0.0013 133 98 178 128
chair 0.0013 104 75 169 124
chair 0.0011 235 158 295 238
chair 0.0011 306 102 319 151
sofa 0.5889 39 91 188 209
sofa 0.0276 193 88 242 149
sofa 0.0075 162 149 310 243
sofa 0.0027 123 84 190 140
sofa 0.0015 61 109 152 181
sofa 0.0014 26 130 188 245
sofa 0.0010 131 79 173 116
pottedplant 0.0048 308 102 320 126
diningtable 0.0206 162 149 310 243
diningtable 0.0025 257 116 320 157
diningtable 0.0017 28 141 143 239
diningtable 0.0012 136 103 173 115
diningtable 0.0010 254 132 319 208
tvmonitor 0.8775 262 88 296 121
tvmonitor 0.0331 132 81 147 106
tvmonitor 0.0126 259 87 315 140
tvmonitor 0.0017 308 102 320 126
tvmonitor 0.0012 291 128 316 145
tvmonitor 0.0010 199 89 239 119
