person 0.5471 405 252 426 295
person 0.2537 141 248 154 283
person 0.0150 78 247 100 270
person 0.0114 89 248 108 270
person 0.0022 398 241 429 272
person 0.0016 95 252 114 279
person 0.0015 397 229 435 294
bicycle 0.0016 141 248 154 283
car 0.0039 41 247 82 265
car 0.0037 454 239 494 253
car 0.0035 30 241 71 261
car 0.0033 78 247 100 270
car 0.0022 21 127 486 311
car 0.0019 6 242 43 262
car 0.0014 89 248 108 270
aeroplane 0.0972 2 95 430 290
aeroplane 0.0440 449 232 497 253
aeroplane 0.0143 420 231 488 254
aeroplane 0.0120 431 239 473 254
aeroplane 0.0075 477 223 498 254
aeroplane 0.0061 410 239 451 255
aeroplane 0.0051 400 211 496 261
aeroplane 0.0032 442 211 501 258
aeroplane 0.0021 154 154 476 282
aeroplane 0.0017 390 223 494 293
aeroplane 0.0010 484 192 500 242
aeroplane 0.0010 477 236 498 264
bus 0.0022 77 142 297 213
bus 0.0012 65 78 511 301
train 0.0224 21 127 486 311
train 0.0017 50 15 527 294
boat 0.0973 2 95 430 290
boat 0.0272 449 232 497 253
boat 0.0120 405 252 426 295
boat 0.0067 154 154 476 282
boat 0.0062 477 223 498 254
boat 0.0046 420 231 488 254
boat 0.0036 410 239 451 255
boat 0.0030 431 239 473 254
boat 0.0017 32 133 329 253
boat 0.0012 484 192 500 242
boat 0.0011 442 211 501 258
bird 0.0033 405 252 426 295
chair 0.0036 405 252 426 295
