person 0.4248 481 162 499 199
person 0.1500 421 163 442 235
person 0.1177 45 160 63 200
person 0.0849 425 161 443 196
person 0.0550 448 159 469 195
person 0.0127 380 153 398 190
person 0.0099 325 155 348 189
person 0.0079 450 143 497 200
person 0.0072 403 162 424 195
person 0.0060 402 167 420 227
person 0.0056 480 157 500 238
person 0.0047 401 158 432 235
person 0.0044 25 156 44 199
person 0.0038 480 139 499 181
person 0.0032 17 134 32 184
person 0.0030 453 141 479 180
person 0.0022 455 178 499 296
person 0.0018 79 157 102 187
person 0.0017 477 124 500 201
person 0.0014 477 194 499 243
person 0.0013 341 156 367 191
person 0.0013 452 175 482 198
bicycle 0.0026 45 160 63 200
bicycle 0.0011 455 197 498 314
car 0.3111 455 197 498 314
car 0.0572 82 163 135 193
car 0.0097 79 157 102 187
car 0.0088 49 160 68 193
car 0.0082 104 179 137 195
car 0.0079 138 167 160 191
car 0.0052 44 149 66 173
car 0.0045 482 281 500 332
car 0.0036 475 239 500 335
car 0.0025 89 177 126 198
car 0.0020 95 152 142 196
car 0.0010 48 146 75 172
motorbike 0.0025 452 213 500 329
motorbike 0.0011 45 160 63 200
bus 0.8644 174 125 389 232
bus 0.7340 375 51 500 264
bus 0.1375 79 152 141 192
bus 0.1321 98 164 142 195
bus 0.0274 314 124 385 223
bus 0.0246 152 151 175 195
bus 0.0207 161 142 207 201
bus 0.0206 101 150 140 173
bus 0.0124 436 81 501 319
bus 0.0082 138 167 160 191
bus 0.0081 48 146 75 172
bus 0.0064 34 150 141 198
bus 0.0061 76 146 102 182
bus 0.0053 158 135 272 217
bus 0.0035 380 153 398 190
bus 0.0033 44 149 66 173
bus 0.0028 450 143 497 200
bus 0.0024 49 160 68 193
bus 0.0024 385 143 484 251
bus 0.0023 212 144 260 213
bus 0.0021 165 151 193 198
bus 0.0018 139 126 191 193
bus 0.0014 325 155 348 189
bus 0.0014 341 156 367 191
train 0.0077 98 164 142 195
train 0.0069 79 152 141 192
train 0.0018 34 150 141 198
train 0.0017 101 150 140 173
train 0.0010 436 81 501 319
chair 0.0014 455 197 498 314
sofa 0.0028 455 197 498 314
pottedplant 0.0046 455 197 498 314
