person 0.7970 209 91 281 211
person 0.0128 162 105 354 254
person 0.0060 214 91 273 158
person 0.0033 168 128 263 220
person 0.0033 204 124 316 229
person 0.0010 224 140 283 210
dog 0.0161 165 137 247 212
dog 0.0045 164 141 205 207
dog 0.0029 272 146 350 238
dog 0.0027 168 125 348 264
dog 0.0010 168 145 190 203
horse 0.9729 168 125 348 264
horse 0.0238 168 128 263 220
horse 0.0125 272 146 350 238
horse 0.0111 205 87 289 222
horse 0.0039 164 141 205 207
horse 0.0023 232 109 347 234
horse 0.0022 188 153 300 262
sheep 0.0011 167 137 233 208
cow 0.0074 167 137 233 208
cow 0.0023 168 125 348 264
pottedplant 0.0024 381 199 494 294
