person 0.0077 13 -14 335 397
person 0.0052 328 227 357 270
person 0.0049 485 259 499 317
person 0.0042 119 3 227 54
person 0.0019 398 231 426 272
person 0.0018 482 189 500 326
person 0.0013 152 296 175 322
car 0.0112 75 302 210 370
car 0.0016 59 226 231 375
car 0.0011 86 309 335 373
bird 0.0034 119 3 227 54
bird 0.0032 485 259 499 317
cat 0.0406 485 259 499 317
cat 0.0012 483 256 499 365
dog 0.0186 485 259 499 317
dog 0.0017 60 247 97 306
horse 0.0011 485 259 499 317
bottle 0.0019 328 227 357 270
chair 0.1844 485 259 499 317
chair 0.1799 284 248 345 334
chair 0.1406 307 230 430 319
chair 0.0728 399 279 429 313
chair 0.0248 269 285 322 335
chair 0.0161 396 224 429 316
chair 0.0153 204 234 309 353
chair 0.0126 261 255 306 334
chair 0.0126 60 247 97 306
chair 0.0103 483 256 499 365
chair 0.0100 291 253 330 281
chair 0.0084 360 237 392 266
chair 0.0081 279 248 329 303
chair 0.0080 286 230 378 320
chair 0.0065 341 274 408 317
chair 0.0047 332 303 493 371
chair 0.0044 310 260 353 325
chair 0.0041 307 230 499 374
chair 0.0038 76 265 210 367
chair 0.0034 328 227 357 270
chair 0.0031 282 249 323 271
chair 0.0030 318 230 357 318
chair 0.0030 312 270 477 342
chair 0.0028 360 242 427 308
chair 0.0022 153 229 348 373
chair 0.0021 318 279 351 310
chair 0.0021 344 269 405 284
chair 0.0020 394 295 428 313
chair 0.0019 324 228 378 274
chair 0.0019 333 267 388 282
chair 0.0018 244 226 330 323
chair 0.0018 98 245 124 272
chair 0.0015 486 278 499 334
chair 0.0015 271 265 362 348
chair 0.0015 267 297 298 335
chair 0.0012 304 293 327 335
chair 0.0011 414 268 434 311
chair 0.0011 482 189 500 326
chair 0.0011 272 257 296 295
chair 0.0010 342 223 433 296
sofa 0.2947 329 308 497 372
sofa 0.0236 485 259 499 317
sofa 0.0232 307 230 499 374
sofa 0.0143 483 256 499 365
sofa 0.0118 291 225 431 324
sofa 0.0025 312 270 477 342
sofa 0.0017 365 273 512 349
sofa 0.0011 121 294 532 380
sofa 0.0011 60 247 97 306
pottedplant 0.0469 485 259 499 317
pottedplant 0.0139 209 241 305 358
pottedplant 0.0050 38 -20 376 403
pottedplant 0.0044 360 237 392 266
pottedplant 0.0027 75 56 269 377
pottedplant 0.0024 483 256 499 365
pottedplant 0.0018 95 163 313 367
pottedplant 0.0017 59 226 231 375
pottedplant 0.0017 153 229 348 373
pottedplant 0.0014 261 255 306 334
pottedplant 0.0013 482 189 500 326
pottedplant 0.0012 328 227 357 270
pottedplant 0.0012 377 239 411 270
diningtable 0.1296 332 303 493 371
diningtable 0.0900 309 225 432 321
diningtable 0.0188 344 269 405 284
diningtable 0.0070 366 268 417 283
diningtable 0.0069 333 267 388 282
diningtable 0.0051 74 288 430 375
diningtable 0.0042 485 259 499 317
diningtable 0.0040 312 270 477 342
diningtable 0.0035 307 230 499 374
diningtable 0.0031 483 256 499 365
diningtable 0.0026 124 310 372 373
diningtable 0.0022 276 251 398 332
diningtable 0.0022 341 274 408 317
diningtable 0.0017 43 205 448 393
diningtable 0.0016 284 248 345 334
diningtable 0.0011 399 279 429 313
diningtable 0.0010 348 249 409 305
tvmonitor 0.0011 360 237 392 266
