person 0.9608 64 76 149 216
person 0.9592 38 33 111 155
person 0.6594 117 102 201 222
person 0.5974 115 43 153 86
person 0.1314 159 71 182 93
person 0.0999 117 39 188 201
person 0.0940 139 76 176 117
person 0.0821 159 71 182 115
person 0.0629 127 70 177 154
person 0.0372 100 53 159 122
person 0.0180 120 70 150 121
person 0.0150 97 73 149 157
person 0.0141 49 9 259 223
person 0.0130 121 13 227 217
person 0.0115 117 44 176 99
person 0.0114 134 42 156 81
person 0.0099 146 76 169 94
person 0.0095 89 46 167 199
person 0.0082 293 32 307 163
person 0.0077 123 96 179 185
person 0.0062 279 -3 308 232
person 0.0053 86 60 138 126
person 0.0053 37 36 112 97
person 0.0048 142 86 202 147
person 0.0048 149 56 198 125
person 0.0046 53 37 157 157
person 0.0046 103 73 120 91
person 0.0045 165 83 181 112
person 0.0037 90 89 115 130
person 0.0036 147 114 210 213
person 0.0034 293 96 307 169
person 0.0029 172 -3 264 148
person 0.0026 122 84 151 182
person 0.0024 147 108 200 164
person 0.0023 81 39 134 94
person 0.0022 121 73 149 97
person 0.0022 37 47 97 120
person 0.0020 169 103 199 137
person 0.0020 169 61 192 111
person 0.0018 147 113 170 158
person 0.0015 135 85 167 127
person 0.0014 112 62 136 82
person 0.0013 131 62 168 112
person 0.0011 138 42 154 60
person 0.0011 92 99 109 123
person 0.0011 175 103 196 123
person 0.0010 124 47 149 74
person 0.0010 220 87 234 111
person 0.0010 95 57 124 92
bicycle 0.0015 124 107 218 222
bicycle 0.0010 147 -20 291 249
boat 0.0030 49 9 259 223
boat 0.0017 124 107 218 222
boat 0.0013 172 -3 264 148
bird 0.0021 293 96 307 169
dog 0.0126 108 43 153 92
dog 0.0024 36 39 95 96
dog 0.0019 124 107 218 222
dog 0.0016 38 33 111 155
dog 0.0014 293 96 307 169
dog 0.0011 117 44 176 99
horse 0.0067 293 96 307 169
horse 0.0017 41 32 114 191
horse 0.0012 295 114 307 148
sheep 0.0074 293 96 307 169
sheep 0.0021 295 114 307 148
cow 0.0116 293 96 307 169
cow 0.0028 295 114 307 148
chair 0.0020 124 107 218 222
