person 0.9755 260 54 486 325
person 0.8990 1 66 251 316
person 0.1320 0 95 26 332
person 0.0376 0 104 18 211
person 0.0196 477 115 500 316
person 0.0147 393 317 428 334
person 0.0132 0 90 15 150
person 0.0123 0 79 51 331
person 0.0095 473 86 500 231
person 0.0084 252 76 298 126
person 0.0080 167 49 201 116
person 0.0071 476 221 500 322
person 0.0050 0 53 17 154
person 0.0036 441 88 501 326
person 0.0031 211 92 263 142
person 0.0030 480 193 499 235
person 0.0029 72 0 431 335
person 0.0029 472 28 500 173
person 0.0026 210 42 233 117
person 0.0024 476 84 499 117
person 0.0023 29 58 243 190
person 0.0023 442 62 500 221
person 0.0022 252 77 340 168
person 0.0021 238 71 329 122
person 0.0020 454 245 498 332
person 0.0014 5 100 41 246
person 0.0012 150 110 191 165
person 0.0012 17 104 41 197
person 0.0011 -2 51 111 298
person 0.0011 70 56 184 130
person 0.0010 -1 162 14 226
person 0.0010 23 150 41 190
train 0.0023 -17 41 280 307
train 0.0016 233 31 498 322
bottle 0.6251 210 42 233 117
bottle 0.5391 19 93 38 186
bottle 0.4748 38 100 62 183
bottle 0.2982 50 98 79 176
bottle 0.2808 166 63 200 138
bottle 0.1590 19 96 35 152
bottle 0.0943 58 106 78 161
bottle 0.0604 184 63 212 137
bottle 0.0585 171 57 198 103
bottle 0.0503 166 95 190 136
bottle 0.0244 38 99 55 145
bottle 0.0223 54 97 73 148
bottle 0.0217 22 135 41 185
bottle 0.0179 184 58 205 105
bottle 0.0177 197 96 217 134
bottle 0.0160 62 136 83 175
bottle 0.0158 0 108 14 165
bottle 0.0140 0 104 18 211
bottle 0.0083 175 50 198 80
bottle 0.0074 211 92 263 142
bottle 0.0067 204 96 229 136
bottle 0.0030 5 100 41 246
bottle 0.0030 0 75 18 161
bottle 0.0027 209 76 231 119
bottle 0.0022 155 74 173 125
bottle 0.0019 151 78 187 161
bottle 0.0018 156 57 176 104
bottle 0.0016 69 145 92 172
bottle 0.0014 155 64 264 134
bottle 0.0013 159 99 183 134
bottle 0.0012 0 99 22 289
chair 0.3247 473 86 500 231
chair 0.3114 442 99 501 225
chair 0.2938 210 133 273 268
chair 0.2529 252 76 298 126
chair 0.0852 258 78 331 122
chair 0.0629 257 111 296 203
chair 0.0408 260 54 486 325
chair 0.0371 252 77 340 168
chair 0.0344 272 84 326 113
chair 0.0324 439 127 479 216
chair 0.0270 219 97 259 137
chair 0.0266 230 251 277 329
chair 0.0238 163 138 243 288
chair 0.0216 204 96 229 136
chair 0.0203 258 103 339 222
chair 0.0151 152 136 209 166
chair 0.0140 197 96 217 134
chair 0.0136 477 115 500 316
chair 0.0133 476 221 500 322
chair 0.0124 241 129 275 226
chair 0.0124 234 88 258 115
chair 0.0123 293 90 333 114
chair 0.0090 480 193 499 235
chair 0.0090 18 130 249 194
chair 0.0088 0 95 26 332
chair 0.0087 150 147 215 196
chair 0.0072 239 83 275 119
chair 0.0066 220 120 261 142
chair 0.0060 169 73 195 122
chair 0.0060 441 119 498 308
chair 0.0058 1 66 251 316
chair 0.0056 236 121 275 145
chair 0.0055 256 130 292 262
chair 0.0052 289 95 342 176
chair 0.0046 442 128 472 182
chair 0.0044 154 121 186 162
chair 0.0044 0 104 18 211
chair 0.0044 476 84 499 117
chair 0.0044 166 95 190 136
chair 0.0039 404 121 462 184
chair 0.0038 187 72 206 130
chair 0.0037 410 87 498 188
chair 0.0037 474 94 500 137
chair 0.0035 454 245 498 332
chair 0.0035 219 188 268 283
chair 0.0034 221 90 292 140
chair 0.0034 482 236 499 304
chair 0.0033 0 108 14 165
chair 0.0033 213 231 289 323
chair 0.0030 454 292 495 333
chair 0.0029 486 167 500 231
chair 0.0028 403 82 499 321
chair 0.0026 179 141 296 327
chair 0.0025 404 146 462 201
chair 0.0025 174 83 324 155
chair 0.0024 178 137 217 165
chair 0.0023 409 147 446 176
chair 0.0022 171 57 198 103
chair 0.0021 236 98 276 133
chair 0.0021 481 286 499 333
chair 0.0020 173 150 225 239
chair 0.0020 417 138 494 264
chair 0.0020 216 131 269 194
chair 0.0019 0 196 21 343
chair 0.0018 478 229 500 280
chair 0.0017 477 106 500 164
chair 0.0017 264 121 293 155
chair 0.0017 393 101 479 212
chair 0.0017 0 199 12 264
chair 0.0016 413 158 454 188
chair 0.0015 232 90 368 316
chair 0.0015 262 130 465 209
chair 0.0015 257 254 293 329
chair 0.0014 213 96 302 215
chair 0.0014 472 28 500 173
chair 0.0014 488 258 500 326
chair 0.0014 163 74 201 154
chair 0.0013 225 232 263 264
chair 0.0013 161 121 270 226
chair 0.0013 242 233 334 325
chair 0.0013 5 102 83 219
chair 0.0013 84 159 268 329
chair 0.0012 33 88 241 161
chair 0.0012 0 75 18 161
chair 0.0012 483 116 499 192
chair 0.0012 200 90 253 142
chair 0.0012 258 96 292 125
chair 0.0012 422 89 485 146
chair 0.0011 245 137 325 264
chair 0.0011 477 214 500 251
chair 0.0011 304 161 491 333
chair 0.0011 237 167 418 331
chair 0.0011 433 103 479 175
chair 0.0010 221 171 293 337
chair 0.0010 225 139 263 170
chair 0.0010 232 105 289 168
chair 0.0010 23 150 41 190
chair 0.0010 0 136 53 326
sofa 0.0112 -5 63 220 319
sofa 0.0066 236 48 498 330
sofa 0.0047 476 221 500 322
sofa 0.0031 46 83 461 330
sofa 0.0024 18 130 249 194
sofa 0.0019 0 92 19 258
sofa 0.0017 304 161 491 333
sofa 0.0013 442 99 501 225
sofa 0.0013 0 120 24 345
sofa 0.0012 473 86 500 231
diningtable 0.3364 138 95 288 154
diningtable 0.0526 161 121 270 226
diningtable 0.0491 91 84 257 160
diningtable 0.0384 476 221 500 322
diningtable 0.0349 155 111 209 167
diningtable 0.0191 17 50 243 308
diningtable 0.0174 202 68 303 126
diningtable 0.0170 155 64 264 134
diningtable 0.0152 211 92 263 142
diningtable 0.0130 258 78 331 122
diningtable 0.0128 221 90 292 140
diningtable 0.0125 477 214 500 251
diningtable 0.0113 18 130 249 194
diningtable 0.0112 252 76 298 126
diningtable 0.0108 293 90 333 114
diningtable 0.0103 252 77 340 168
diningtable 0.0095 173 106 223 165
diningtable 0.0093 272 84 326 113
diningtable 0.0085 0 92 19 258
diningtable 0.0074 135 104 235 170
diningtable 0.0068 141 70 279 267
diningtable 0.0067 60 58 281 197
diningtable 0.0065 157 125 199 160
diningtable 0.0057 183 125 218 156
diningtable 0.0057 166 127 227 181
diningtable 0.0049 50 99 230 175
diningtable 0.0048 473 86 500 231
diningtable 0.0046 478 229 500 280
diningtable 0.0043 236 98 276 133
diningtable 0.0041 163 74 201 154
diningtable 0.0041 455 210 499 335
diningtable 0.0039 150 147 215 196
diningtable 0.0038 156 49 334 205
diningtable 0.0037 234 88 258 115
diningtable 0.0031 178 137 217 165
diningtable 0.0029 477 115 500 316
diningtable 0.0026 191 99 285 216
diningtable 0.0023 200 94 315 177
diningtable 0.0023 166 95 190 136
diningtable 0.0021 188 122 255 146
diningtable 0.0021 482 236 499 304
diningtable 0.0021 480 193 499 235
diningtable 0.0020 188 106 257 164
diningtable 0.0016 135 135 235 217
diningtable 0.0016 46 83 461 330
diningtable 0.0016 239 83 275 119
diningtable 0.0015 187 72 206 130
diningtable 0.0014 474 94 500 137
diningtable 0.0013 0 120 24 345
diningtable 0.0013 197 96 217 134
diningtable 0.0012 142 52 226 147
diningtable 0.0012 410 87 498 188
diningtable 0.0012 10 75 195 164
diningtable 0.0011 442 99 501 225
diningtable 0.0011 441 139 499 326
diningtable 0.0011 5 102 83 219
diningtable 0.0011 153 139 188 164
diningtable 0.0011 0 138 16 207
diningtable 0.0010 204 96 229 136
tvmonitor 0.0037 -8 59 267 323
tvmonitor 0.0033 233 31 498 322
tvmonitor 0.0012 -9 128 209 203
