person 0.0018 473 26 500 51
person 0.0011 157 67 194 101
bird 0.9693 317 24 397 233
bird 0.0660 320 39 395 149
bird 0.0124 324 104 390 157
bird 0.0062 350 36 391 104
bird 0.0023 157 67 194 101
bird 0.0019 322 106 388 221
bird 0.0011 473 26 500 51
bird 0.0011 472 31 500 65
cat 0.0033 80 49 194 222
dog 0.9887 80 49 194 222
dog 0.7981 321 36 396 225
dog 0.0051 157 67 194 101
dog 0.0029 324 104 390 157
dog 0.0016 332 152 386 215
dog 0.0011 472 31 500 65
horse 0.0010 472 31 500 65
sheep 0.0346 472 31 500 65
sheep 0.0270 473 26 500 51
sheep 0.0237 442 27 489 50
sheep 0.0105 449 31 492 61
sheep 0.0067 473 54 500 82
sheep 0.0058 420 64 469 92
sheep 0.0034 438 26 501 70
sheep 0.0021 316 35 400 215
sheep 0.0020 438 31 478 57
cow 0.0037 420 64 469 92
cow 0.0029 316 35 400 215
cow 0.0028 472 31 500 65
cow 0.0028 473 26 500 51
cow 0.0022 473 54 500 82
cow 0.0016 442 27 475 49
