person 0.9196 339 7 450 271
person 0.9023 3 -1 132 289
person 0.6413 170 46 221 111
person 0.2099 0 21 26 292
person 0.2023 226 42 302 123
person 0.1305 334 7 374 150
person 0.0654 248 286 396 374
person 0.0590 417 17 482 276
person 0.0574 107 50 145 224
person 0.0511 161 44 244 164
person 0.0480 0 36 25 125
person 0.0357 -2 6 40 351
person 0.0231 198 45 240 110
person 0.0225 0 135 20 337
person 0.0212 168 56 196 105
person 0.0209 286 77 311 119
person 0.0152 215 41 265 113
person 0.0149 157 51 348 261
person 0.0144 134 80 157 114
person 0.0136 447 0 498 305
person 0.0128 252 37 303 100
person 0.0119 473 23 500 296
person 0.0117 133 75 161 102
person 0.0094 1 37 22 79
person 0.0091 104 58 142 152
person 0.0082 190 41 293 159
person 0.0070 274 71 312 128
person 0.0066 89 35 185 262
person 0.0062 249 67 308 128
person 0.0057 174 43 266 120
person 0.0054 144 85 168 113
person 0.0053 163 50 211 145
person 0.0039 332 16 403 193
person 0.0038 118 62 160 220
person 0.0036 210 35 366 200
person 0.0036 210 43 237 84
person 0.0036 429 22 471 70
person 0.0035 3 76 24 123
person 0.0033 121 46 237 255
person 0.0032 131 91 214 211
person 0.0031 143 41 228 126
person 0.0027 209 57 236 104
person 0.0025 152 84 208 157
person 0.0025 3 111 40 289
person 0.0024 184 46 217 82
person 0.0023 265 69 299 103
person 0.0023 4 51 36 187
person 0.0023 328 56 358 143
person 0.0018 335 58 377 221
person 0.0018 0 208 17 368
person 0.0017 0 40 52 243
person 0.0017 1 86 18 146
person 0.0015 2 34 41 133
person 0.0015 284 71 305 103
person 0.0013 0 106 16 173
person 0.0013 53 43 140 163
person 0.0013 166 93 201 112
person 0.0013 344 21 440 142
person 0.0012 125 56 167 111
person 0.0012 155 88 253 195
person 0.0012 261 15 392 221
person 0.0012 485 42 499 89
person 0.0011 285 39 363 175
bicycle 0.0027 108 64 169 237
bird 0.0045 247 292 402 370
cat 0.1090 248 286 396 374
dog 0.2676 248 286 396 374
horse 0.0010 248 286 396 374
sheep 0.0010 248 286 396 374
cow 0.0021 248 286 396 374
bottle 0.8277 68 262 106 332
bottle 0.0421 144 85 168 113
bottle 0.0405 134 80 157 114
bottle 0.0262 101 251 164 368
bottle 0.0107 74 262 97 292
bottle 0.0053 133 75 161 102
bottle 0.0041 81 246 121 330
bottle 0.0040 317 279 421 323
bottle 0.0024 105 256 151 326
bottle 0.0021 190 210 285 301
bottle 0.0020 52 248 147 353
bottle 0.0020 84 246 131 295
bottle 0.0017 185 316 212 345
bottle 0.0015 344 291 410 318
bottle 0.0012 254 287 410 375
chair 0.0800 0 195 16 349
chair 0.0599 156 101 354 275
chair 0.0197 415 75 452 242
chair 0.0185 417 17 482 276
chair 0.0152 121 151 161 244
chair 0.0150 109 160 147 239
chair 0.0132 107 70 148 243
chair 0.0112 0 114 23 322
chair 0.0085 124 117 222 245
chair 0.0051 147 220 177 247
chair 0.0049 409 121 462 270
chair 0.0048 110 121 175 245
chair 0.0040 111 167 135 215
chair 0.0040 0 207 11 295
chair 0.0037 7 133 38 302
chair 0.0035 119 82 159 236
chair 0.0034 164 187 319 285
chair 0.0033 313 126 405 241
chair 0.0030 472 212 499 295
chair 0.0024 122 181 224 266
chair 0.0024 142 121 184 234
chair 0.0020 169 233 193 266
chair 0.0018 125 141 155 175
chair 0.0017 0 167 16 226
chair 0.0017 450 220 495 285
chair 0.0016 162 213 207 265
chair 0.0016 118 140 144 170
chair 0.0016 453 240 480 275
chair 0.0015 414 153 485 282
chair 0.0015 302 283 420 316
chair 0.0015 222 63 250 100
chair 0.0014 431 52 469 182
chair 0.0013 436 168 476 256
chair 0.0013 414 68 447 169
chair 0.0013 431 202 478 272
chair 0.0013 133 136 424 305
chair 0.0013 134 80 157 114
chair 0.0013 0 36 25 125
chair 0.0012 0 32 42 282
chair 0.0012 335 59 459 293
chair 0.0011 331 155 384 233
chair 0.0011 0 186 14 248
chair 0.0011 451 58 495 296
chair 0.0011 190 174 379 268
chair 0.0011 139 209 193 260
chair 0.0011 95 181 181 266
chair 0.0010 133 75 161 102
chair 0.0010 0 22 26 221
chair 0.0010 173 207 278 303
chair 0.0010 476 259 500 291
chair 0.0010 355 109 434 265
chair 0.0010 408 287 500 372
chair 0.0010 144 179 186 247
chair 0.0010 338 193 366 241
sofa 0.0126 0 195 16 349
sofa 0.0033 0 114 23 322
sofa 0.0017 133 136 424 305
sofa 0.0012 472 212 499 295
sofa 0.0010 45 149 455 386
pottedplant 0.3706 156 101 354 275
pottedplant 0.0727 417 17 482 276
pottedplant 0.0375 133 136 424 305
pottedplant 0.0118 234 92 404 278
pottedplant 0.0114 411 125 454 266
pottedplant 0.0040 339 7 450 271
pottedplant 0.0039 287 115 379 243
pottedplant 0.0039 12 95 416 348
pottedplant 0.0029 164 187 319 285
pottedplant 0.0027 188 206 290 302
pottedplant 0.0025 485 42 499 89
pottedplant 0.0024 134 80 157 114
pottedplant 0.0020 154 34 484 332
pottedplant 0.0020 481 21 500 146
pottedplant 0.0016 414 153 485 282
pottedplant 0.0014 447 0 498 305
pottedplant 0.0014 162 213 207 265
pottedplant 0.0013 296 74 440 286
pottedplant 0.0012 433 146 474 247
pottedplant 0.0011 133 75 161 102
pottedplant 0.0010 392 110 500 324
diningtable 0.2676 -3 240 350 372
diningtable 0.2329 137 106 193 127
diningtable 0.1172 61 212 507 382
diningtable 0.0404 75 271 201 378
diningtable 0.0383 68 101 441 339
diningtable 0.0303 114 292 254 365
diningtable 0.0262 180 250 477 376
diningtable 0.0203 139 97 196 145
diningtable 0.0166 300 295 510 372
diningtable 0.0163 66 245 207 297
diningtable 0.0149 126 89 201 228
diningtable 0.0102 408 287 500 372
diningtable 0.0095 146 131 362 304
diningtable 0.0086 166 93 201 112
diningtable 0.0079 144 85 168 113
diningtable 0.0074 17 194 259 349
diningtable 0.0074 138 102 191 180
diningtable 0.0069 145 51 224 175
diningtable 0.0066 109 186 392 332
diningtable 0.0061 101 251 164 368
diningtable 0.0058 0 195 16 349
diningtable 0.0042 108 64 169 237
diningtable 0.0039 264 242 404 285
diningtable 0.0032 317 279 421 323
diningtable 0.0030 113 326 324 371
diningtable 0.0030 140 122 186 148
diningtable 0.0018 -4 216 143 381
diningtable 0.0017 133 77 189 125
diningtable 0.0016 379 317 495 376
diningtable 0.0015 155 104 255 214
diningtable 0.0014 134 80 157 114
diningtable 0.0014 249 272 417 339
diningtable 0.0014 53 43 140 163
diningtable 0.0013 152 84 208 157
diningtable 0.0012 -13 145 302 385
diningtable 0.0012 129 295 379 372
diningtable 0.0012 52 248 147 353
diningtable 0.0012 25 292 164 373
diningtable 0.0011 10 4 149 284
diningtable 0.0011 177 93 222 115
diningtable 0.0010 137 115 230 240
tvmonitor 0.0012 106 49 143 186
