person 0.0010 457 146 494 169
aeroplane 0.0019 457 146 494 169
boat 0.9463 23 85 106 199
boat 0.5991 171 151 233 175
boat 0.4095 457 146 494 169
boat 0.1591 26 178 103 197
boat 0.0994 176 147 203 174
boat 0.0219 194 159 235 175
boat 0.0202 454 110 497 170
boat 0.0185 176 106 230 175
boat 0.0175 63 80 105 200
boat 0.0125 132 123 237 180
boat 0.0076 6 10 118 215
boat 0.0056 46 100 222 189
boat 0.0053 29 169 78 190
boat 0.0041 22 144 104 203
boat 0.0037 125 149 238 195
boat 0.0031 170 156 210 177
boat 0.0028 174 123 199 160
boat 0.0020 187 122 216 161
boat 0.0018 150 141 179 173
boat 0.0016 162 131 214 177
boat 0.0015 395 122 501 175
boat 0.0015 6 80 255 212
boat 0.0013 204 121 232 161
boat 0.0012 184 131 241 176
boat 0.0012 168 107 205 173
boat 0.0011 61 179 105 196
boat 0.0010 240 143 275 170
