person 0.8630 105 30 397 320
person 0.4177 435 8 498 175
person 0.0311 107 26 234 308
person 0.0142 68 23 206 251
person 0.0094 479 -16 499 141
person 0.0093 440 -2 498 49
person 0.0043 196 0 518 334
person 0.0036 117 110 197 246
person 0.0029 151 6 352 168
person 0.0027 107 162 256 333
person 0.0021 484 10 499 71
person 0.0021 439 3 499 332
person 0.0019 319 24 496 318
person 0.0019 257 2 334 164
person 0.0018 483 -3 499 45
person 0.0018 0 26 116 234
person 0.0016 409 -1 497 124
person 0.0015 205 9 370 241
person 0.0014 5 7 284 322
person 0.0014 116 142 161 247
person 0.0010 481 21 500 207
cat 0.0230 431 112 499 164
cat 0.0102 432 18 499 175
cat 0.0046 440 -2 498 49
cat 0.0038 383 23 498 321
cat 0.0029 439 3 499 332
cat 0.0028 482 71 499 204
cat 0.0014 324 55 390 104
dog 0.0220 435 8 498 175
dog 0.0035 319 24 496 318
dog 0.0022 431 112 499 164
bottle 0.0026 232 297 254 329
bottle 0.0012 171 292 204 327
bottle 0.0011 169 286 238 332
chair 0.2996 1 -1 118 194
chair 0.0624 314 54 403 179
chair 0.0400 68 23 206 251
chair 0.0288 0 6 103 117
chair 0.0233 26 -4 160 98
chair 0.0175 37 -4 154 53
chair 0.0174 0 80 97 232
chair 0.0125 16 28 168 236
chair 0.0076 105 90 187 253
chair 0.0072 -1 67 116 333
chair 0.0071 56 27 382 322
chair 0.0067 0 -9 21 130
chair 0.0066 232 0 418 188
chair 0.0063 -2 15 68 154
chair 0.0059 107 26 234 308
chair 0.0051 107 162 256 333
chair 0.0035 151 6 352 168
chair 0.0035 39 22 148 144
chair 0.0032 116 142 161 247
chair 0.0029 73 0 129 54
chair 0.0027 -2 22 71 305
chair 0.0027 60 91 100 224
chair 0.0026 51 53 135 206
chair 0.0024 155 139 180 173
chair 0.0019 0 -8 53 89
chair 0.0016 137 139 284 213
chair 0.0015 82 33 192 139
chair 0.0015 0 40 20 195
chair 0.0013 0 58 15 107
chair 0.0011 1 71 54 164
chair 0.0011 103 0 150 52
chair 0.0011 324 34 414 135
chair 0.0011 -2 0 267 119
chair 0.0011 314 -4 487 186
chair 0.0010 49 -2 95 54
chair 0.0010 136 137 188 213
sofa 0.0157 100 40 392 342
sofa 0.0048 84 22 253 249
sofa 0.0046 319 24 496 318
sofa 0.0033 151 6 352 168
sofa 0.0029 321 52 400 186
sofa 0.0018 240 17 398 321
sofa 0.0016 0 30 111 295
sofa 0.0010 140 159 345 335
diningtable 0.0349 0 30 111 295
diningtable 0.0220 327 76 495 332
diningtable 0.0031 16 28 168 236
diningtable 0.0017 0 80 97 232
diningtable 0.0017 56 27 382 322
diningtable 0.0014 -2 22 104 144
diningtable 0.0011 84 22 253 249
