person 0.2035 139 89 161 140
person 0.0766 144 88 169 120
person 0.0173 301 90 341 159
person 0.0168 227 96 290 147
person 0.0164 141 85 173 147
person 0.0145 280 35 307 66
person 0.0081 380 92 437 147
person 0.0074 213 91 268 143
person 0.0045 240 104 281 137
person 0.0033 385 69 418 91
person 0.0033 355 81 442 153
person 0.0024 321 99 349 142
person 0.0023 263 104 294 143
person 0.0022 221 90 253 118
person 0.0021 202 87 242 117
person 0.0020 221 97 258 135
person 0.0019 135 118 161 150
person 0.0019 147 79 283 143
person 0.0017 312 72 362 138
person 0.0015 337 57 370 151
person 0.0015 230 69 399 165
person 0.0013 380 72 438 129
person 0.0011 344 96 367 138
person 0.0011 179 86 224 113
person 0.0010 236 92 283 115
car 0.8593 -25 60 446 321
car 0.0117 302 61 498 245
car 0.0099 19 123 311 317
car 0.0054 179 76 468 284
car 0.0049 171 70 408 149
car 0.0026 218 61 372 104
car 0.0021 32 68 323 251
car 0.0012 281 96 380 207
motorbike 0.0010 0 41 353 340
aeroplane 0.0040 45 90 520 298
aeroplane 0.0034 0 41 353 340
train 0.0066 0 41 353 340
bottle 0.0020 385 69 418 91
bottle 0.0011 380 92 437 147
bottle 0.0010 418 81 441 115
chair 0.0027 302 61 498 245
chair 0.0020 386 69 427 93
chair 0.0011 380 72 438 129
