person 0.1784 317 196 331 242
person 0.1609 262 207 296 231
person 0.0808 281 202 301 234
person 0.0397 320 214 345 245
person 0.0275 422 224 448 253
person 0.0225 446 227 468 256
person 0.0154 395 225 424 252
person 0.0121 1 127 30 155
person 0.0114 241 146 284 169
person 0.0104 225 201 246 229
person 0.0059 0 100 22 139
person 0.0057 38 138 66 167
person 0.0054 391 211 411 250
person 0.0050 251 209 279 229
person 0.0032 386 203 408 244
person 0.0029 9 95 42 117
person 0.0029 33 129 69 161
person 0.0022 316 76 332 127
person 0.0021 362 147 400 177
person 0.0020 5 105 53 127
person 0.0017 -1 106 30 169
person 0.0013 441 206 463 238
person 0.0012 46 142 75 166
person 0.0012 19 112 71 129
person 0.0010 0 139 27 176
bicycle 0.0398 262 207 296 231
bicycle 0.0104 251 209 279 229
bicycle 0.0043 225 201 246 229
bicycle 0.0035 281 202 301 234
bicycle 0.0021 320 214 345 245
bicycle 0.0018 422 224 448 253
bicycle 0.0018 5 105 53 127
bicycle 0.0018 149 107 186 130
bicycle 0.0017 318 202 339 240
bicycle 0.0013 9 95 42 117
bicycle 0.0012 104 126 142 148
bicycle 0.0011 6 126 38 156
bicycle 0.0011 413 237 449 257
bicycle 0.0011 105 111 152 128
bicycle 0.0010 185 38 214 117
car 0.0082 251 209 279 229
car 0.0057 103 92 146 110
car 0.0047 225 201 246 229
car 0.0044 160 167 194 186
car 0.0038 105 111 152 128
car 0.0037 404 128 455 146
car 0.0022 384 125 449 142
car 0.0019 406 147 455 176
car 0.0018 84 90 121 109
car 0.0015 456 147 494 170
car 0.0013 116 106 169 125
car 0.0013 262 207 296 231
car 0.0010 5 105 53 127
car 0.0010 454 123 482 151
car 0.0010 315 100 333 130
car 0.0010 42 86 87 106
motorbike 0.0857 262 207 296 231
motorbike 0.0140 251 209 279 229
motorbike 0.0075 225 201 246 229
motorbike 0.0022 281 202 301 234
motorbike 0.0017 5 105 53 127
motorbike 0.0012 422 224 448 253
train 0.7178 5 133 246 260
train 0.0305 -14 71 432 304
train 0.0136 30 114 161 182
train 0.0120 0 108 99 183
train 0.0058 91 123 418 263
train 0.0025 0 153 60 198
train 0.0024 36 148 245 217
train 0.0019 128 114 223 189
train 0.0018 463 160 500 263
train 0.0015 107 154 233 240
train 0.0014 16 125 234 196
boat 0.0085 404 128 455 146
boat 0.0049 375 124 491 188
boat 0.0045 384 125 449 142
boat 0.0039 454 123 482 151
boat 0.0037 367 100 494 285
boat 0.0033 406 147 455 176
boat 0.0031 379 146 480 242
boat 0.0027 398 133 464 179
boat 0.0024 456 147 494 170
boat 0.0023 449 109 498 168
boat 0.0023 434 109 479 170
boat 0.0023 316 76 332 127
boat 0.0018 458 169 499 264
boat 0.0017 436 119 479 149
boat 0.0014 220 114 409 259
boat 0.0011 277 60 377 152
boat 0.0010 453 131 498 186
boat 0.0010 422 224 448 253
bird 0.0278 316 76 332 127
bird 0.0032 300 70 335 130
bird 0.0015 277 60 377 152
bird 0.0011 252 146 296 170
horse 0.0012 262 207 296 231
chair 0.0139 140 107 188 165
chair 0.0076 251 209 279 229
chair 0.0036 422 224 448 253
chair 0.0033 446 227 468 256
chair 0.0032 149 107 186 130
chair 0.0031 320 214 345 245
chair 0.0025 33 129 69 161
chair 0.0024 454 123 482 151
chair 0.0021 328 224 378 246
chair 0.0019 318 202 339 240
chair 0.0017 1 127 30 155
chair 0.0017 413 237 449 257
chair 0.0017 262 207 296 231
chair 0.0017 395 225 424 252
chair 0.0015 225 201 246 229
chair 0.0014 281 202 301 234
chair 0.0011 449 109 498 168
chair 0.0010 185 38 214 117
pottedplant 0.0410 446 227 468 256
pottedplant 0.0122 395 225 424 252
pottedplant 0.0120 391 211 411 250
pottedplant 0.0087 422 224 448 253
pottedplant 0.0043 262 207 296 231
pottedplant 0.0025 386 203 408 244
pottedplant 0.0025 272 71 334 130
pottedplant 0.0018 394 208 460 253
pottedplant 0.0018 441 206 463 238
pottedplant 0.0014 381 170 477 262
pottedplant 0.0011 277 60 377 152
diningtable 0.0012 328 224 378 246
