person 0.7506 308 36 498 254
person 0.7005 102 37 237 221
person 0.6938 208 48 355 224
person 0.5435 7 61 130 192
person 0.3346 429 63 479 120
person 0.0535 434 52 501 142
person 0.0386 63 53 139 175
person 0.0259 279 55 320 137
person 0.0134 418 78 437 115
person 0.0099 440 58 501 288
person 0.0098 209 87 449 262
person 0.0092 111 42 141 109
person 0.0069 435 63 466 93
person 0.0061 458 243 498 276
person 0.0042 3 92 28 133
person 0.0039 476 94 499 283
person 0.0039 0 79 30 147
person 0.0037 85 46 133 107
person 0.0026 462 220 502 277
person 0.0025 395 238 504 278
person 0.0024 113 40 135 79
person 0.0023 454 69 494 114
person 0.0023 418 59 459 122
person 0.0019 0 76 22 115
person 0.0018 217 211 392 279
person 0.0017 93 66 488 279
person 0.0015 94 51 121 97
person 0.0015 452 121 499 208
person 0.0013 470 60 499 130
person 0.0012 0 136 19 168
person 0.0012 90 45 183 173
person 0.0011 386 180 498 265
person 0.0011 117 39 157 109
person 0.0011 448 80 499 189
person 0.0010 399 114 500 263
person 0.0010 236 35 410 199
bottle 0.0296 117 44 136 101
bottle 0.0180 228 213 410 279
bottle 0.0135 0 148 22 186
bottle 0.0112 1 212 23 248
bottle 0.0071 0 136 19 168
bottle 0.0066 55 225 113 281
bottle 0.0035 113 40 135 79
bottle 0.0033 7 212 46 243
bottle 0.0025 7 90 34 129
bottle 0.0021 124 176 167 250
bottle 0.0018 0 203 57 251
bottle 0.0015 0 135 28 201
bottle 0.0014 0 192 26 221
bottle 0.0012 33 170 59 197
bottle 0.0011 4 231 47 257
bottle 0.0011 0 188 27 263
bottle 0.0011 284 235 340 259
bottle 0.0010 86 198 134 257
chair 0.0992 431 62 498 121
chair 0.0360 193 51 234 81
chair 0.0114 109 114 138 151
chair 0.0093 172 136 193 172
chair 0.0088 444 98 499 270
chair 0.0065 474 65 499 114
chair 0.0062 12 57 124 172
chair 0.0062 452 121 499 208
chair 0.0053 307 115 337 140
chair 0.0051 324 111 348 142
chair 0.0049 418 78 437 115
chair 0.0042 105 114 142 183
chair 0.0035 454 69 494 114
chair 0.0031 437 71 501 209
chair 0.0029 432 3 499 133
chair 0.0028 280 40 363 148
chair 0.0027 286 36 333 79
chair 0.0026 62 112 84 142
chair 0.0024 219 9 271 55
chair 0.0024 464 242 501 276
chair 0.0024 111 42 141 109
chair 0.0024 3 92 28 133
chair 0.0023 291 76 340 138
chair 0.0023 74 113 97 152
chair 0.0022 476 94 499 283
chair 0.0020 28 87 139 204
chair 0.0019 161 57 252 203
chair 0.0019 435 66 466 115
chair 0.0018 472 59 500 95
chair 0.0018 73 95 135 160
chair 0.0016 66 111 101 186
chair 0.0016 435 63 466 93
chair 0.0016 0 86 27 171
chair 0.0014 113 99 144 125
chair 0.0014 450 61 494 92
chair 0.0013 0 92 47 160
chair 0.0013 206 52 318 141
chair 0.0013 298 51 499 282
chair 0.0013 399 118 499 232
chair 0.0012 80 110 129 189
chair 0.0011 22 252 65 280
chair 0.0011 113 48 215 201
chair 0.0010 91 112 119 154
chair 0.0010 -1 252 55 278
sofa 0.0126 431 62 498 121
sofa 0.0035 437 71 501 209
sofa 0.0018 444 98 499 270
sofa 0.0014 236 70 495 271
sofa 0.0013 0 83 425 271
sofa 0.0011 452 121 499 208
diningtable 0.3123 -12 188 440 275
diningtable 0.0917 90 215 417 280
diningtable 0.0293 -5 166 211 276
diningtable 0.0261 227 210 496 278
diningtable 0.0173 -1 182 104 266
diningtable 0.0092 27 210 144 278
diningtable 0.0083 75 188 260 268
diningtable 0.0074 102 200 342 261
diningtable 0.0068 57 193 194 259
diningtable 0.0060 0 83 425 271
diningtable 0.0048 46 211 235 278
diningtable 0.0046 110 223 249 275
diningtable 0.0043 22 181 191 241
diningtable 0.0038 170 238 398 281
diningtable 0.0034 393 223 500 276
diningtable 0.0032 -1 151 103 212
diningtable 0.0022 264 236 485 285
diningtable 0.0021 187 163 462 284
diningtable 0.0017 437 71 501 209
diningtable 0.0016 24 142 164 215
diningtable 0.0013 166 211 232 252
diningtable 0.0013 0 159 63 274
diningtable 0.0013 386 180 498 265
diningtable 0.0010 252 205 451 256
diningtable 0.0010 110 251 225 281
tvmonitor 0.0161 281 36 328 78
tvmonitor 0.0030 279 55 320 137
tvmonitor 0.0026 219 9 271 55
