person 0.8434 353 3 504 376
person 0.0055 151 -1 505 376
person 0.0053 469 59 499 98
person 0.0046 465 49 490 85
person 0.0018 479 45 500 271
person 0.0017 270 33 467 345
person 0.0013 414 38 499 162
person 0.0013 322 240 497 370
person 0.0012 401 5 493 128
person 0.0011 457 37 497 93
horse 0.4547 25 131 342 375
horse 0.0153 104 100 459 372
horse 0.0083 160 235 486 368
horse 0.0021 165 161 397 358
horse 0.0011 345 226 372 254
bottle 0.0010 345 226 372 254
chair 0.0125 342 255 480 368
chair 0.0010 477 285 499 373
sofa 0.0186 322 240 497 370
