person 0.0405 352 6 396 77
person 0.0379 387 12 496 112
person 0.0331 471 1 500 41
person 0.0284 331 2 380 76
person 0.0212 374 1 496 66
person 0.0164 294 1 428 71
person 0.0147 449 0 499 51
person 0.0146 261 2 373 79
person 0.0087 -31 -22 464 394
person 0.0075 475 0 499 124
person 0.0075 436 9 499 127
person 0.0069 362 8 414 68
person 0.0067 383 8 495 211
person 0.0062 380 21 409 53
person 0.0058 43 2 83 123
person 0.0049 348 1 405 47
person 0.0037 306 5 361 76
person 0.0036 311 2 496 298
person 0.0036 475 26 499 64
person 0.0036 428 12 474 39
person 0.0036 360 2 397 36
person 0.0035 363 16 456 109
person 0.0034 482 41 500 85
person 0.0029 235 223 256 273
person 0.0028 428 25 465 52
person 0.0023 373 6 406 43
person 0.0021 309 28 413 112
person 0.0020 16 1 93 143
person 0.0017 362 23 390 67
person 0.0017 181 225 222 282
person 0.0015 241 8 482 142
person 0.0015 423 21 479 66
person 0.0014 484 51 500 107
person 0.0013 476 37 500 201
person 0.0012 207 29 441 196
person 0.0012 176 235 225 308
person 0.0011 203 222 242 282
person 0.0010 64 2 99 120
bicycle 0.0190 154 293 271 374
bicycle 0.0092 187 296 318 373
bicycle 0.0060 374 1 499 294
bicycle 0.0058 0 219 179 375
bicycle 0.0058 39 231 308 371
bicycle 0.0038 167 279 233 338
bicycle 0.0031 195 325 254 374
bicycle 0.0024 103 307 243 376
bicycle 0.0021 110 257 245 363
bicycle 0.0017 440 27 499 190
bicycle 0.0016 162 246 244 347
bicycle 0.0014 229 260 333 368
bicycle 0.0011 204 334 241 371
bicycle 0.0011 102 273 390 378
bicycle 0.0011 3 286 131 374
bicycle 0.0010 172 294 229 367
bicycle 0.0010 476 37 500 201
bicycle 0.0010 158 293 208 369
car 0.0119 64 -9 502 326
car 0.0038 374 1 496 66
car 0.0029 263 2 381 74
car 0.0013 188 41 295 126
car 0.0011 387 12 496 112
motorbike 0.7174 -14 -9 517 388
motorbike 0.0124 152 58 484 370
motorbike 0.0053 374 1 499 294
motorbike 0.0051 -16 134 439 366
motorbike 0.0039 387 12 496 112
motorbike 0.0023 434 35 501 204
motorbike 0.0020 374 1 496 66
motorbike 0.0019 363 0 417 49
motorbike 0.0018 263 2 381 74
motorbike 0.0016 0 159 187 372
motorbike 0.0015 477 28 500 172
motorbike 0.0013 294 1 428 71
motorbike 0.0013 156 266 256 355
motorbike 0.0011 39 231 308 371
motorbike 0.0010 195 325 254 374
aeroplane 0.0095 -31 -22 464 394
aeroplane 0.0011 263 2 381 74
bus 0.0014 -10 -20 439 336
train 0.0040 64 -9 502 326
boat 0.0038 36 -10 527 392
cat 0.0010 194 36 291 131
bottle 0.0301 352 6 396 77
bottle 0.0163 360 36 390 77
bottle 0.0152 257 0 297 61
bottle 0.0049 380 21 409 53
bottle 0.0033 331 2 380 76
bottle 0.0030 373 6 406 43
bottle 0.0023 263 2 381 74
bottle 0.0019 360 2 397 36
bottle 0.0016 362 8 414 68
bottle 0.0012 194 36 291 131
chair 0.0084 263 2 381 74
chair 0.0021 374 1 496 66
chair 0.0010 257 0 297 61
diningtable 0.0012 374 1 496 66
tvmonitor 0.0011 263 2 381 74
