person 0.0720 440 2 499 67
person 0.0064 338 0 379 19
person 0.0057 142 3 187 27
person 0.0039 437 -1 500 161
person 0.0027 442 -29 500 284
person 0.0025 467 -2 500 119
person 0.0020 475 -9 499 205
person 0.0013 381 12 502 318
person 0.0011 350 -1 397 19
car 0.0085 350 -1 397 19
car 0.0060 338 0 379 19
car 0.0058 360 0 426 18
car 0.0055 396 0 436 18
car 0.0033 440 2 499 67
car 0.0021 346 -5 450 28
bird 0.0354 227 96 394 236
bird 0.0039 440 2 499 67
bird 0.0023 351 120 387 139
cat 0.0178 227 96 394 236
dog 0.8335 223 99 376 234
dog 0.0021 440 2 499 67
horse 0.0010 438 2 500 115
sheep 0.0134 223 99 376 234
sheep 0.0035 440 2 499 67
cow 0.0010 440 2 499 67
