person 0.6461 98 92 237 316
person 0.0375 301 269 315 315
person 0.0153 97 267 129 341
person 0.0152 121 96 202 230
person 0.0096 151 131 237 281
person 0.0092 281 258 317 353
person 0.0092 299 268 316 346
person 0.0019 249 254 315 363
person 0.0017 94 118 161 269
person 0.0013 287 262 316 308
person 0.0011 98 155 153 231
car 0.0058 21 318 57 339
car 0.0036 2 315 42 336
car 0.0034 -4 440 317 480
car 0.0020 60 318 96 338
car 0.0018 40 314 73 341
car 0.0017 -21 458 245 480
car 0.0016 16 365 294 480
car 0.0014 2 446 172 478
horse 0.7835 84 158 248 464
horse 0.5071 249 286 311 418
horse 0.3134 251 306 315 373
horse 0.0423 249 254 315 363
horse 0.0181 281 258 317 353
horse 0.0105 169 253 291 452
horse 0.0061 190 282 271 425
horse 0.0052 222 306 306 448
horse 0.0036 221 256 251 355
horse 0.0029 282 323 315 355
horse 0.0023 160 165 239 304
horse 0.0023 249 305 270 348
horse 0.0022 243 310 278 407
horse 0.0022 239 197 317 432
horse 0.0020 91 164 141 337
horse 0.0019 301 271 315 325
horse 0.0017 221 267 306 381
horse 0.0017 247 363 314 390
horse 0.0013 244 287 274 357
horse 0.0010 220 309 257 440
cow 0.0147 84 158 248 464
cow 0.0123 241 303 310 450
chair 0.0023 -4 457 159 479
chair 0.0010 -4 440 317 480
pottedplant 0.0050 276 195 316 338
diningtable 0.0019 -4 440 317 480
