person 0.0233 234 88 258 111
person 0.0043 198 102 241 128
person 0.0033 0 93 15 136
person 0.0032 269 91 293 116
person 0.0030 160 59 190 87
person 0.0027 226 96 265 131
person 0.0019 258 93 286 131
person 0.0019 189 87 224 120
person 0.0010 228 92 280 118
person 0.0010 279 89 316 122
bicycle 0.0022 226 96 265 131
car 0.2208 280 42 383 123
car 0.2017 -2 70 90 206
car 0.0916 46 62 294 219
car 0.0431 16 74 182 262
car 0.0250 148 79 275 162
car 0.0214 237 101 281 128
car 0.0164 257 39 473 232
car 0.0091 190 82 281 143
car 0.0080 166 66 320 133
car 0.0073 226 96 265 131
car 0.0048 234 88 258 111
car 0.0045 99 69 268 137
car 0.0042 240 126 275 153
car 0.0040 81 95 289 180
car 0.0033 284 97 321 127
car 0.0029 232 105 281 170
car 0.0029 40 79 137 179
car 0.0024 228 92 280 118
car 0.0024 105 30 390 144
car 0.0023 48 99 159 237
car 0.0022 198 102 241 128
car 0.0019 71 82 194 169
car 0.0019 -1 22 282 161
car 0.0017 193 92 281 186
car 0.0017 136 57 350 214
car 0.0016 258 93 286 131
car 0.0014 152 113 271 225
car 0.0014 213 125 269 148
car 0.0011 304 47 375 70
motorbike 0.8810 245 38 468 282
motorbike 0.3412 43 64 298 260
motorbike 0.0437 16 74 182 262
motorbike 0.0401 152 113 271 225
motorbike 0.0140 392 66 489 181
motorbike 0.0138 232 131 283 189
motorbike 0.0073 0 64 415 324
motorbike 0.0061 191 135 284 244
motorbike 0.0057 367 41 500 209
motorbike 0.0043 159 76 324 248
motorbike 0.0042 216 49 376 270
motorbike 0.0040 148 79 275 162
motorbike 0.0035 236 104 325 242
motorbike 0.0029 432 127 484 181
motorbike 0.0024 209 110 300 207
motorbike 0.0021 241 137 283 170
motorbike 0.0019 191 166 254 230
motorbike 0.0014 76 118 175 221
motorbike 0.0011 28 133 149 258
motorbike 0.0011 69 137 194 256
motorbike 0.0010 72 65 281 132
motorbike 0.0010 88 114 285 197
bus 0.0099 -2 70 90 206
bus 0.0030 279 45 382 126
chair 0.0019 46 62 294 219
tvmonitor 0.0014 477 60 499 94
tvmonitor 0.0010 425 32 464 51
