person 0.8623 166 198 187 266
person 0.3291 -5 25 56 405
person 0.0413 143 200 164 228
person 0.0313 243 199 260 242
person 0.0308 0 171 21 383
person 0.0278 230 200 248 238
person 0.0259 238 161 270 239
person 0.0160 1 139 33 340
person 0.0137 0 17 21 345
person 0.0087 1 160 20 283
person 0.0080 208 183 230 228
person 0.0070 241 162 269 190
person 0.0041 226 183 247 230
person 0.0033 319 187 342 221
person 0.0029 202 226 228 255
person 0.0025 -6 484 69 499
person 0.0023 265 198 285 244
person 0.0020 -1 224 19 442
person 0.0019 2 74 132 430
person 0.0017 161 194 189 219
person 0.0015 280 194 304 241
person 0.0011 -2 146 67 496
person 0.0011 242 178 264 230
bicycle 0.0234 167 198 187 266
bicycle 0.0032 166 248 193 268
car 0.0944 339 193 376 219
car 0.0371 -2 482 77 499
car 0.0193 336 202 375 228
car 0.0035 -10 476 131 499
car 0.0019 60 195 91 212
car 0.0015 334 192 374 243
motorbike 0.0055 167 198 187 266
train 0.0022 208 183 230 228
train 0.0012 204 176 237 236
train 0.0011 160 113 379 321
bird 0.0014 194 94 223 113
horse 0.0011 0 171 21 383
horse 0.0010 167 198 187 266
bottle 0.0092 -6 484 69 499
chair 0.0109 -2 482 77 499
