person 0.0032 301 194 341 230
person 0.0032 356 144 388 174
person 0.0029 479 131 500 218
person 0.0018 320 138 342 174
person 0.0017 48 143 86 174
person 0.0017 1 139 26 175
person 0.0014 228 186 246 237
person 0.0014 285 134 311 179
person 0.0013 302 215 339 237
person 0.0012 481 131 500 177
person 0.0012 13 94 485 310
person 0.0011 171 133 195 181
car 0.0113 301 194 341 230
car 0.0037 481 131 500 177
car 0.0032 479 131 500 218
car 0.0029 321 129 505 228
car 0.0025 233 126 334 250
car 0.0018 446 133 498 221
car 0.0012 447 128 498 144
car 0.0011 302 215 339 237
bus 0.8078 321 129 505 228
bus 0.6645 10 112 249 263
bus 0.2448 224 123 342 235
bus 0.0279 -14 106 429 301
bus 0.0101 123 115 379 239
bus 0.0079 317 147 438 235
bus 0.0070 297 158 343 230
bus 0.0067 253 144 375 236
bus 0.0021 243 140 281 239
bus 0.0019 259 141 288 236
bus 0.0017 330 126 432 195
bus 0.0014 201 126 445 249
bus 0.0013 294 128 340 187
bus 0.0011 446 133 498 221
bus 0.0011 479 131 500 218
bus 0.0010 285 134 311 179
train 0.0047 -14 106 429 301
train 0.0034 10 112 249 263
train 0.0029 231 133 344 243
train 0.0013 324 127 501 245
chair 0.0036 301 194 341 230
chair 0.0021 302 215 339 237
chair 0.0021 174 192 236 233
