person 0.3388 0 113 18 392
person 0.0786 0 119 12 312
person 0.0119 0 150 8 237
person 0.0113 0 61 15 259
person 0.0076 262 145 292 177
person 0.0048 -1 80 39 389
person 0.0048 0 197 10 271
person 0.0043 358 143 390 176
person 0.0034 257 162 299 184
person 0.0024 247 145 275 176
person 0.0022 340 146 378 179
person 0.0022 298 127 332 149
person 0.0021 0 132 10 192
person 0.0019 274 133 321 182
person 0.0016 358 129 391 154
person 0.0014 291 131 341 181
person 0.0011 283 126 316 148
person 0.0011 338 127 380 150
car 0.8835 135 103 458 366
car 0.0067 135 126 215 230
car 0.0028 145 173 207 229
car 0.0025 152 166 205 189
car 0.0023 388 101 505 359
motorbike 0.0010 135 126 455 374
dog 0.0015 0 111 16 360
horse 0.0029 0 144 9 219
horse 0.0021 0 107 12 256
horse 0.0013 0 113 18 392
sheep 0.0052 0 144 9 219
sheep 0.0040 0 107 12 256
cow 0.0089 0 144 9 219
cow 0.0062 0 107 12 256
cow 0.0010 0 111 16 360
