person 0.2369 171 108 221 170
person 0.2209 152 110 244 188
person 0.0234 130 137 167 173
person 0.0212 192 101 300 194
person 0.0200 124 137 167 214
person 0.0162 166 110 212 205
person 0.0105 100 68 475 394
person 0.0077 -8 19 136 268
person 0.0073 182 108 218 141
person 0.0047 179 116 215 159
person 0.0046 178 134 211 227
person 0.0036 27 28 228 268
person 0.0035 0 202 19 342
person 0.0034 142 79 355 220
person 0.0033 218 68 440 228
person 0.0031 275 121 444 327
person 0.0030 353 108 462 208
person 0.0025 375 124 442 276
person 0.0020 162 122 236 237
person 0.0019 0 155 26 286
person 0.0018 288 96 436 209
person 0.0017 54 132 154 325
person 0.0013 218 119 290 267
person 0.0013 375 105 511 283
person 0.0012 144 114 260 323
person 0.0012 77 130 165 256
person 0.0012 84 147 141 313
person 0.0012 71 66 280 239
person 0.0011 18 158 83 312
person 0.0011 -21 72 304 383
person 0.0010 1 136 102 238
person 0.0010 168 124 204 156
person 0.0010 189 100 309 285
bottle 0.9627 375 134 440 307
bottle 0.9434 32 170 77 303
bottle 0.9305 311 122 355 322
bottle 0.9033 438 154 495 312
bottle 0.8596 176 149 217 317
bottle 0.8003 342 146 373 288
bottle 0.7854 140 159 175 300
bottle 0.7839 275 142 309 287
bottle 0.7774 12 174 39 295
bottle 0.7524 240 134 285 301
bottle 0.5844 0 186 20 328
bottle 0.5214 90 145 137 318
bottle 0.2943 214 164 240 297
bottle 0.2894 178 134 211 227
bottle 0.1064 13 164 32 219
bottle 0.0944 247 126 275 199
bottle 0.0870 274 149 297 199
bottle 0.0633 301 118 327 318
bottle 0.0309 352 144 459 367
bottle 0.0308 212 135 256 265
bottle 0.0284 339 150 368 239
bottle 0.0280 0 155 26 286
bottle 0.0258 2 170 18 220
bottle 0.0243 0 210 16 264
bottle 0.0220 69 165 98 299
bottle 0.0218 151 160 171 205
bottle 0.0213 276 145 306 215
bottle 0.0204 214 150 256 209
bottle 0.0187 340 153 360 196
bottle 0.0180 0 237 14 310
bottle 0.0177 232 160 428 372
bottle 0.0167 41 170 68 218
bottle 0.0147 215 172 236 222
bottle 0.0138 393 131 427 220
bottle 0.0131 399 130 420 185
bottle 0.0131 0 188 16 240
bottle 0.0127 145 158 174 244
bottle 0.0108 18 191 41 237
bottle 0.0105 35 164 219 368
bottle 0.0102 39 166 81 238
bottle 0.0100 172 167 191 223
bottle 0.0091 281 146 299 184
bottle 0.0082 15 208 37 266
bottle 0.0081 166 110 212 205
bottle 0.0080 314 134 346 216
bottle 0.0079 319 133 340 187
bottle 0.0070 185 139 207 179
bottle 0.0069 446 168 469 217
bottle 0.0068 374 141 411 296
bottle 0.0065 1 263 17 324
bottle 0.0063 218 119 290 267
bottle 0.0063 478 157 501 308
bottle 0.0063 364 182 389 284
bottle 0.0059 306 133 332 214
bottle 0.0057 186 144 209 205
bottle 0.0053 445 161 486 238
bottle 0.0053 311 144 391 300
bottle 0.0049 249 126 271 163
bottle 0.0044 457 134 482 176
bottle 0.0040 310 151 330 203
bottle 0.0038 35 193 70 233
bottle 0.0037 416 158 445 308
bottle 0.0036 95 141 130 215
bottle 0.0035 76 210 99 296
bottle 0.0033 218 228 240 311
bottle 0.0033 148 140 172 180
bottle 0.0033 54 132 154 325
bottle 0.0031 487 246 500 305
bottle 0.0030 419 177 443 220
bottle 0.0028 170 163 334 367
bottle 0.0027 79 251 97 294
bottle 0.0026 453 160 478 202
bottle 0.0026 5 201 35 338
bottle 0.0025 126 146 165 249
bottle 0.0023 155 118 240 239
bottle 0.0023 267 129 325 274
bottle 0.0023 192 101 300 194
bottle 0.0022 190 141 251 298
bottle 0.0022 314 132 331 187
bottle 0.0021 41 228 80 307
bottle 0.0021 232 179 293 331
bottle 0.0021 346 165 367 220
bottle 0.0019 170 134 197 178
bottle 0.0019 379 159 515 356
bottle 0.0019 397 150 421 199
bottle 0.0019 260 122 298 195
bottle 0.0018 452 126 492 190
bottle 0.0017 94 230 139 312
bottle 0.0015 215 126 261 191
bottle 0.0013 189 100 309 285
bottle 0.0011 77 234 97 282
bottle 0.0011 412 139 451 221
bottle 0.0011 171 108 221 170
bottle 0.0011 400 129 422 159
bottle 0.0011 177 200 214 230
bottle 0.0011 1 152 59 313
bottle 0.0010 437 206 477 302
bottle 0.0010 142 109 230 192
bottle 0.0010 137 207 161 295
chair 0.0179 130 137 167 173
chair 0.0078 124 137 167 214
chair 0.0069 217 152 254 192
chair 0.0065 419 177 443 220
chair 0.0043 390 130 511 239
chair 0.0037 148 140 172 180
chair 0.0034 360 180 390 215
chair 0.0032 433 128 503 269
chair 0.0030 166 110 212 205
chair 0.0026 152 110 244 188
chair 0.0022 452 126 492 190
chair 0.0022 72 193 99 243
chair 0.0021 472 137 501 298
chair 0.0021 367 192 389 239
chair 0.0014 449 140 488 218
chair 0.0014 274 149 297 199
chair 0.0013 172 132 204 223
chair 0.0013 213 162 242 194
chair 0.0012 357 157 396 240
chair 0.0011 215 172 236 222
chair 0.0010 133 173 160 214
chair 0.0010 482 192 499 240
diningtable 0.1254 101 157 469 360
diningtable 0.0676 -20 220 444 374
diningtable 0.0423 158 241 486 364
diningtable 0.0206 35 164 219 368
diningtable 0.0192 5 71 410 390
diningtable 0.0173 352 144 459 367
diningtable 0.0154 141 34 514 416
diningtable 0.0073 34 278 393 376
diningtable 0.0037 303 219 504 367
diningtable 0.0032 170 163 334 367
