person 0.0014 330 0 372 24
person 0.0013 -1 231 212 370
car 0.0025 330 0 372 24
car 0.0024 328 12 459 43
car 0.0015 350 20 439 38
boat 0.0016 52 143 521 365
bird 0.2115 329 3 369 30
bird 0.0226 205 57 237 78
bird 0.0167 178 91 200 116
bird 0.0160 194 66 235 95
bird 0.0150 178 83 221 114
bird 0.0111 238 31 274 49
bird 0.0095 293 48 337 74
bird 0.0080 285 51 387 73
bird 0.0055 4 126 84 147
bird 0.0038 180 65 233 110
bird 0.0033 217 12 261 31
bird 0.0026 323 58 384 76
bird 0.0026 315 1 369 19
bird 0.0018 325 69 362 89
bird 0.0017 350 20 439 38
bird 0.0015 333 9 457 44
bird 0.0011 159 128 200 157
cat 0.0194 193 127 463 320
cat 0.0016 291 225 491 356
dog 0.4356 193 127 463 320
dog 0.1025 81 94 488 358
dog 0.0612 240 201 501 342
dog 0.0017 333 9 457 44
dog 0.0015 298 104 505 337
dog 0.0015 103 178 388 336
dog 0.0012 213 138 373 228
dog 0.0010 224 152 347 287
sheep 0.7061 75 139 208 212
sheep 0.2809 329 3 369 30
sheep 0.2301 333 9 457 44
sheep 0.1665 193 127 463 320
sheep 0.1649 -1 231 212 370
sheep 0.1459 194 66 235 95
sheep 0.1381 37 166 307 358
sheep 0.1373 178 70 232 119
sheep 0.1160 354 94 402 119
sheep 0.1046 178 83 221 114
sheep 0.0942 103 124 218 193
sheep 0.0883 9 97 415 364
sheep 0.0880 323 76 493 237
sheep 0.0812 -3 119 198 173
sheep 0.0799 240 201 501 342
sheep 0.0779 4 126 84 147
sheep 0.0693 351 103 392 122
sheep 0.0443 350 20 439 38
sheep 0.0416 1 257 91 353
sheep 0.0416 187 62 241 107
sheep 0.0312 205 57 237 78
sheep 0.0297 178 91 200 116
sheep 0.0288 98 159 220 230
sheep 0.0269 193 128 305 182
sheep 0.0264 3 119 101 169
sheep 0.0252 157 117 268 184
sheep 0.0249 134 122 200 163
sheep 0.0249 238 31 274 49
sheep 0.0203 308 129 369 154
sheep 0.0195 76 161 128 188
sheep 0.0185 220 128 432 238
sheep 0.0185 218 125 371 178
sheep 0.0151 228 116 292 137
sheep 0.0138 199 78 383 135
sheep 0.0134 230 121 288 145
sheep 0.0131 240 120 393 158
sheep 0.0123 286 47 390 91
sheep 0.0118 147 243 514 362
sheep 0.0113 355 68 396 92
sheep 0.0110 326 33 475 93
sheep 0.0110 381 100 494 212
sheep 0.0094 103 178 388 336
sheep 0.0086 184 52 297 109
sheep 0.0082 111 319 227 370
sheep 0.0082 285 51 387 73
sheep 0.0080 159 128 200 157
sheep 0.0080 3 137 202 328
sheep 0.0078 329 83 475 140
sheep 0.0078 303 15 454 61
sheep 0.0073 205 134 299 230
sheep 0.0072 326 65 373 89
sheep 0.0071 339 26 445 47
sheep 0.0070 311 115 479 204
sheep 0.0064 2 133 99 232
sheep 0.0062 293 48 337 74
sheep 0.0059 346 83 406 123
sheep 0.0058 180 108 298 171
sheep 0.0058 323 58 384 76
sheep 0.0057 136 86 266 153
sheep 0.0057 168 95 308 148
sheep 0.0056 231 90 402 150
sheep 0.0056 191 85 239 114
sheep 0.0052 138 294 381 369
sheep 0.0048 166 64 277 130
sheep 0.0048 270 256 481 342
sheep 0.0048 2 158 110 291
sheep 0.0044 75 170 111 197
sheep 0.0043 298 104 505 337
sheep 0.0041 202 138 234 216
sheep 0.0039 280 116 431 165
sheep 0.0039 385 81 497 147
sheep 0.0039 34 217 155 311
sheep 0.0038 281 127 353 149
sheep 0.0038 254 9 400 61
sheep 0.0038 147 131 285 222
sheep 0.0037 45 177 208 257
sheep 0.0032 45 125 89 143
sheep 0.0031 482 89 500 229
sheep 0.0031 96 151 157 173
sheep 0.0029 224 105 294 144
sheep 0.0028 22 187 159 276
sheep 0.0027 60 120 274 246
sheep 0.0027 301 158 451 232
sheep 0.0026 307 92 435 147
sheep 0.0026 193 115 250 168
sheep 0.0025 203 123 241 153
sheep 0.0024 297 197 441 254
sheep 0.0024 218 65 257 94
sheep 0.0023 117 251 229 358
sheep 0.0022 241 119 307 159
sheep 0.0021 121 107 242 174
sheep 0.0021 168 103 201 129
sheep 0.0020 320 100 356 128
sheep 0.0020 181 125 214 159
sheep 0.0020 182 149 228 215
sheep 0.0019 325 91 384 117
sheep 0.0019 152 209 280 318
sheep 0.0019 111 144 174 170
sheep 0.0019 76 154 133 176
sheep 0.0019 343 94 408 141
cow 0.0136 329 3 369 30
cow 0.0118 240 201 501 342
cow 0.0078 12 146 411 370
cow 0.0051 1 257 91 353
cow 0.0037 333 9 457 44
cow 0.0026 -1 231 212 370
cow 0.0019 4 126 84 147
cow 0.0014 193 127 463 320
cow 0.0013 350 20 439 38
sofa 0.0074 81 94 488 358
diningtable 0.0011 81 94 488 358
