person 0.6946 51 185 293 364
person 0.0490 117 249 301 354
person 0.0375 -2 174 135 370
person 0.0297 -18 210 442 387
person 0.0199 -11 222 217 375
person 0.0180 142 171 174 190
person 0.0166 0 185 59 341
person 0.0139 -1 255 110 363
person 0.0115 0 298 135 372
person 0.0101 -6 178 104 277
person 0.0088 -7 166 275 310
person 0.0080 128 231 284 315
person 0.0072 66 292 357 371
person 0.0070 33 288 230 373
person 0.0064 0 251 53 365
person 0.0034 165 225 212 253
person 0.0032 0 172 29 260
person 0.0029 7 100 413 362
person 0.0023 166 266 210 327
person 0.0021 167 278 228 348
person 0.0018 -1 214 31 295
person 0.0018 137 323 195 374
person 0.0015 0 219 28 257
person 0.0015 0 325 105 374
person 0.0014 193 332 250 374
person 0.0012 61 160 438 278
person 0.0010 212 199 265 244
bicycle 0.0485 -18 210 442 387
bicycle 0.0071 73 235 339 373
bicycle 0.0033 -11 222 217 375
bicycle 0.0020 205 320 378 374
bicycle 0.0016 122 304 358 358
bicycle 0.0015 61 284 270 372
bicycle 0.0013 -4 292 188 373
motorbike 0.0035 -11 222 217 375
motorbike 0.0030 -4 292 188 373
motorbike 0.0013 80 277 249 358
motorbike 0.0010 -18 210 442 387
aeroplane 0.0038 12 18 486 288
aeroplane 0.0026 142 171 174 190
boat 0.1803 131 119 504 254
boat 0.0129 7 164 416 371
boat 0.0112 67 97 511 348
boat 0.0100 62 284 421 377
boat 0.0049 129 183 450 259
boat 0.0031 454 130 490 152
boat 0.0026 205 320 378 374
boat 0.0013 157 180 488 341
bird 0.0103 142 171 174 190
bird 0.0041 2 173 86 291
bird 0.0012 0 185 59 341
cat 0.0017 2 173 86 291
dog 0.0051 0 247 67 372
dog 0.0043 0 185 59 341
dog 0.0025 2 173 86 291
dog 0.0019 -1 179 62 257
dog 0.0010 -3 216 143 373
horse 0.0197 23 181 251 363
horse 0.0142 -18 210 442 387
horse 0.0097 -2 174 135 370
horse 0.0039 -6 178 104 277
horse 0.0038 0 185 59 341
horse 0.0038 -1 255 110 363
horse 0.0017 0 172 29 260
horse 0.0017 0 251 53 365
horse 0.0013 -6 162 104 233
horse 0.0012 -1 179 62 257
sheep 0.0127 2 173 86 291
sheep 0.0108 1 198 63 352
sheep 0.0078 0 248 52 339
sheep 0.0053 0 219 28 257
sheep 0.0033 -1 179 62 257
sheep 0.0025 -1 213 55 289
sheep 0.0024 0 172 29 260
sheep 0.0017 0 231 28 355
sheep 0.0015 0 120 27 236
sheep 0.0013 0 132 64 186
sheep 0.0011 0 175 25 214
sheep 0.0011 0 138 21 179
sheep 0.0010 0 160 22 193
cow 0.0108 2 173 86 291
cow 0.0053 0 185 59 341
cow 0.0048 0 172 29 260
cow 0.0047 -1 179 62 257
cow 0.0043 -6 162 104 233
cow 0.0036 0 219 28 257
cow 0.0025 -1 214 31 295
cow 0.0021 -2 174 135 370
cow 0.0015 0 247 67 372
cow 0.0013 0 175 25 214
cow 0.0012 0 197 23 239
cow 0.0011 -4 108 118 277
chair 0.0045 -4 292 188 373
chair 0.0041 -11 222 217 375
chair 0.0013 -1 255 110 363
chair 0.0010 205 320 378 374
