person 0.1011 208 223 262 271
person 0.0399 113 220 158 274
person 0.0242 64 335 93 360
person 0.0086 102 199 266 278
person 0.0080 215 245 260 273
person 0.0068 196 240 227 272
person 0.0061 192 230 249 277
person 0.0056 162 222 222 271
person 0.0051 172 239 214 270
person 0.0047 121 234 193 278
person 0.0031 102 227 142 261
person 0.0029 46 336 81 359
person 0.0026 197 225 236 262
person 0.0021 138 243 172 273
person 0.0021 41 325 72 359
person 0.0020 236 228 265 259
person 0.0016 94 226 231 282
person 0.0012 33 247 59 277
car 0.9303 14 181 361 465
car 0.0068 302 249 339 277
car 0.0044 33 247 59 277
car 0.0028 102 199 266 278
car 0.0016 -3 16 378 418
car 0.0015 75 193 298 246
car 0.0010 214 196 331 279
boat 0.0014 -3 16 378 418
