person 0.2262 256 135 276 173
person 0.2179 126 123 161 187
person 0.2047 180 129 216 165
person 0.0454 132 122 157 154
person 0.0448 204 132 225 174
person 0.0350 91 181 108 223
person 0.0349 253 151 274 199
person 0.0310 172 130 202 167
person 0.0165 277 164 303 209
person 0.0136 177 129 223 220
person 0.0062 226 163 251 216
person 0.0054 128 154 157 192
person 0.0050 172 130 203 217
person 0.0042 176 144 197 192
person 0.0041 201 132 228 214
person 0.0037 146 131 172 172
person 0.0035 208 148 229 193
person 0.0035 67 61 435 335
person 0.0027 227 139 255 174
person 0.0025 464 178 481 210
person 0.0019 47 182 378 313
person 0.0019 83 183 103 223
person 0.0016 186 150 216 192
person 0.0016 125 157 169 223
person 0.0015 138 130 177 218
person 0.0012 153 152 174 192
person 0.0011 362 169 380 197
car 0.0128 14 219 408 318
car 0.0063 56 153 520 320
car 0.0012 26 61 395 339
dog 0.0122 277 164 303 209
dog 0.0020 91 176 108 218
dog 0.0013 226 163 251 216
dog 0.0012 125 157 169 223
horse 0.6868 125 157 169 223
horse 0.5321 178 151 222 222
horse 0.1906 252 162 278 208
horse 0.1625 273 163 299 211
horse 0.0661 226 163 251 216
horse 0.0298 172 130 202 167
horse 0.0237 151 167 174 216
horse 0.0221 180 129 216 165
horse 0.0191 172 130 203 217
horse 0.0171 138 130 177 218
horse 0.0107 201 132 228 214
horse 0.0089 256 135 276 173
horse 0.0085 128 154 157 192
horse 0.0062 208 148 229 193
horse 0.0056 204 132 225 174
horse 0.0048 176 144 197 192
horse 0.0041 168 125 232 222
horse 0.0040 228 160 254 190
horse 0.0040 222 136 255 217
horse 0.0036 112 120 181 223
horse 0.0034 133 187 162 221
horse 0.0032 153 152 174 192
horse 0.0031 91 181 108 223
horse 0.0030 177 166 199 215
horse 0.0023 186 150 216 192
horse 0.0023 131 125 157 170
horse 0.0021 204 162 226 213
horse 0.0020 261 139 295 211
horse 0.0012 112 158 146 223
horse 0.0012 122 170 141 219
horse 0.0010 227 139 255 174
sheep 0.1446 277 164 303 209
sheep 0.0792 252 162 278 208
sheep 0.0298 226 163 251 216
sheep 0.0026 256 135 276 173
sheep 0.0017 178 151 222 222
sheep 0.0015 208 148 229 193
sheep 0.0011 125 157 169 223
cow 0.7727 226 163 251 216
cow 0.5273 178 151 222 222
cow 0.3416 273 163 299 211
cow 0.2573 252 162 278 208
cow 0.0908 125 157 169 223
cow 0.0175 204 162 226 213
cow 0.0077 208 148 229 193
cow 0.0071 198 157 238 218
cow 0.0054 228 160 254 190
cow 0.0046 151 167 174 216
cow 0.0043 177 166 199 215
cow 0.0031 180 129 216 165
cow 0.0023 186 150 216 192
cow 0.0014 133 187 162 221
cow 0.0013 222 136 255 217
cow 0.0013 91 181 108 223
cow 0.0012 189 191 215 220
cow 0.0011 172 130 203 217
cow 0.0011 256 135 276 173
cow 0.0010 172 130 202 167
tvmonitor 0.0011 385 92 435 138
