person 0.8255 470 147 487 207
person 0.7911 0 175 33 252
person 0.1283 0 176 25 215
person 0.0426 -1 192 29 236
person 0.0123 459 142 489 170
person 0.0106 72 147 96 175
person 0.0102 15 188 35 244
person 0.0091 0 165 24 196
person 0.0089 475 138 497 176
person 0.0040 440 145 470 169
person 0.0037 9 179 33 216
person 0.0029 0 208 26 255
person 0.0020 165 149 197 180
person 0.0016 68 159 97 183
person 0.0015 418 146 445 170
person 0.0015 3 255 204 366
person 0.0014 53 151 91 174
person 0.0014 484 175 502 208
person 0.0010 468 131 501 194
bicycle 0.0013 0 208 26 255
bicycle 0.0010 459 142 489 170
car 0.0528 459 142 489 170
car 0.0342 167 121 327 266
car 0.0327 477 125 500 155
car 0.0256 440 145 470 169
car 0.0230 418 146 445 170
car 0.0229 450 125 487 158
car 0.0065 5 241 206 373
car 0.0063 0 175 33 252
car 0.0056 449 131 498 181
car 0.0048 475 138 497 176
car 0.0038 165 149 197 180
car 0.0025 153 161 183 182
car 0.0023 -1 192 29 236
car 0.0020 124 165 168 180
car 0.0019 441 125 468 162
car 0.0018 0 176 25 215
car 0.0018 181 170 296 261
car 0.0014 17 104 49 127
car 0.0014 465 146 490 208
car 0.0012 0 208 26 255
car 0.0011 23 108 63 128
car 0.0011 402 142 430 174
motorbike 0.0029 0 175 33 252
motorbike 0.0019 168 167 277 266
bus 0.0126 477 125 500 155
bus 0.0103 450 125 487 158
bus 0.0037 440 124 501 165
bus 0.0036 459 142 489 170
bus 0.0024 441 125 468 162
bus 0.0014 5 241 206 373
bus 0.0011 167 121 327 266
boat 0.0050 5 241 206 373
horse 0.0029 0 175 33 252
chair 0.0114 0 208 26 255
chair 0.0060 -1 192 29 236
chair 0.0041 0 175 33 252
chair 0.0014 165 149 197 180
chair 0.0010 6 153 39 174
pottedplant 0.0213 294 88 457 358
pottedplant 0.0203 315 108 424 192
pottedplant 0.0085 277 224 469 376
pottedplant 0.0060 305 127 432 228
pottedplant 0.0031 45 167 90 185
pottedplant 0.0024 416 155 444 190
pottedplant 0.0022 285 61 447 244
pottedplant 0.0013 206 107 448 273
pottedplant 0.0011 153 161 183 182
pottedplant 0.0011 388 141 442 213
pottedplant 0.0010 158 146 182 178
diningtable 0.0018 -1 192 29 236
diningtable 0.0013 5 241 206 373
tvmonitor 0.2446 5 241 206 373
