person 0.7706 17 0 62 81
person 0.0162 461 44 503 68
person 0.0157 4 4 65 133
person 0.0036 305 37 324 82
person 0.0031 39 15 62 66
person 0.0031 0 23 22 105
person 0.0026 445 25 501 69
person 0.0024 17 40 42 83
person 0.0023 32 6 62 45
person 0.0023 396 44 499 166
person 0.0020 159 28 205 86
person 0.0020 290 43 316 82
person 0.0018 132 32 184 84
person 0.0015 -24 7 449 349
person 0.0015 14 22 42 58
person 0.0013 97 19 151 78
person 0.0013 393 47 431 71
person 0.0013 166 45 197 80
person 0.0012 67 29 99 64
person 0.0012 17 8 47 44
person 0.0011 142 45 177 77
person 0.0010 52 28 80 62
bicycle 0.0011 52 28 80 62
car 0.5427 49 20 529 344
car 0.4426 391 55 499 167
car 0.0565 451 43 503 70
car 0.0156 397 36 504 88
car 0.0123 -1 7 369 234
car 0.0107 6 43 194 248
car 0.0098 4 48 94 184
car 0.0092 382 58 499 306
car 0.0086 315 43 499 183
car 0.0084 467 36 501 64
car 0.0064 349 86 400 105
car 0.0050 309 77 431 142
car 0.0034 417 51 490 70
car 0.0032 445 25 501 69
car 0.0026 393 47 431 71
car 0.0026 315 73 354 92
car 0.0023 304 33 411 100
car 0.0023 396 116 503 191
car 0.0023 402 19 501 72
car 0.0021 266 22 387 99
car 0.0020 2 88 20 187
car 0.0019 94 13 160 29
car 0.0018 7 0 56 156
car 0.0017 441 119 499 262
car 0.0016 0 33 20 126
car 0.0016 62 13 197 69
car 0.0015 6 54 40 190
car 0.0014 52 28 80 62
car 0.0013 54 24 111 73
car 0.0012 405 53 459 67
car 0.0011 323 83 392 106
car 0.0010 7 15 80 120
car 0.0010 67 29 99 64
car 0.0010 396 128 497 247
motorbike 0.0214 29 12 482 348
aeroplane 0.0018 49 20 529 344
bus 0.0588 -24 7 449 349
bus 0.0012 382 57 496 174
train 0.0221 49 20 529 344
chair 0.1222 391 55 499 167
chair 0.0106 461 44 503 68
chair 0.0014 17 40 42 83
sofa 0.0101 391 55 499 167
pottedplant 0.0013 308 23 327 75
diningtable 0.0014 396 44 499 166
diningtable 0.0013 451 43 503 70
