person 0.2747 329 289 342 371
person 0.1848 300 352 326 390
person 0.0279 4 272 22 309
person 0.0134 299 322 325 353
person 0.0083 88 348 119 432
person 0.0073 323 337 337 372
person 0.0067 105 347 136 435
person 0.0057 294 330 329 386
person 0.0039 297 298 330 376
person 0.0037 294 349 332 404
person 0.0033 295 350 316 392
person 0.0023 126 346 160 437
person 0.0023 293 334 314 382
person 0.0016 292 319 316 350
person 0.0015 308 297 325 343
person 0.0015 328 281 344 322
person 0.0014 94 362 113 425
bicycle 0.0115 4 272 22 309
bicycle 0.0035 304 343 330 381
bicycle 0.0025 323 337 337 372
bicycle 0.0023 0 318 26 358
bicycle 0.0022 1 302 23 339
car 0.0156 4 268 21 303
car 0.0013 304 343 330 381
car 0.0011 1 302 23 339
car 0.0010 0 236 21 285
car 0.0010 323 337 337 372
motorbike 0.0063 4 272 22 309
motorbike 0.0030 304 343 330 381
motorbike 0.0013 10 167 330 480
bus 0.0021 -3 12 348 408
bus 0.0019 10 167 330 480
bus 0.0014 0 236 21 285
train 0.1156 -3 12 348 408
train 0.0449 10 167 330 480
train 0.0019 82 23 322 236
train 0.0016 48 336 294 464
boat 0.0014 3 5 341 350
dog 0.0011 300 352 326 390
chair 0.0313 253 349 337 430
chair 0.0076 293 366 342 424
chair 0.0044 300 352 326 390
chair 0.0033 293 382 339 408
chair 0.0032 292 399 342 423
chair 0.0030 254 342 300 422
chair 0.0018 314 404 344 426
chair 0.0015 295 350 316 392
chair 0.0012 265 385 336 436
diningtable 0.0012 293 382 339 408
tvmonitor 0.0041 10 167 330 480
tvmonitor 0.0016 254 342 300 422
