person 0.4890 94 -1 483 426
person 0.1522 21 245 230 403
person 0.0931 129 289 221 410
person 0.0554 5 -3 349 348
person 0.0087 5 254 202 336
person 0.0030 0 153 360 407
person 0.0027 365 403 432 418
person 0.0025 83 276 260 416
person 0.0022 164 363 229 414
person 0.0015 107 295 386 409
person 0.0015 28 35 469 241
bicycle 0.0061 183 251 479 412
bicycle 0.0022 107 295 386 409
bicycle 0.0010 137 321 217 415
motorbike 0.0049 -11 -30 436 446
chair 0.0378 308 249 487 410
chair 0.0111 365 319 497 387
chair 0.0107 380 274 499 368
chair 0.0101 311 285 394 412
chair 0.0030 354 290 392 345
chair 0.0022 322 323 508 417
diningtable 0.0024 316 282 495 415
