person 0.4496 383 -17 500 387
person 0.0530 53 -13 522 395
person 0.0168 283 -31 501 410
person 0.0138 381 7 491 143
person 0.0125 308 102 329 131
person 0.0064 398 4 493 71
person 0.0053 363 120 394 152
person 0.0048 476 118 500 351
person 0.0047 479 0 498 43
person 0.0031 398 6 432 76
person 0.0023 485 13 500 66
person 0.0020 478 1 499 129
person 0.0017 410 2 465 47
person 0.0013 0 59 17 107
person 0.0010 342 7 494 224
person 0.0010 0 119 23 356
bicycle 0.0071 0 59 17 107
bicycle 0.0017 0 22 19 109
bicycle 0.0015 464 294 502 373
car 0.0140 363 120 394 152
car 0.0017 308 102 329 131
car 0.0010 1 111 104 349
motorbike 0.0045 467 317 501 376
motorbike 0.0016 0 59 17 107
bus 0.0023 53 -13 522 395
cat 0.0021 92 22 194 105
dog 0.0036 85 25 193 107
dog 0.0011 50 5 456 380
horse 0.7052 51 52 450 388
horse 0.0257 288 154 505 370
horse 0.0069 85 25 193 107
horse 0.0067 205 -28 508 407
horse 0.0018 63 24 135 117
horse 0.0015 284 294 448 373
horse 0.0015 121 61 382 302
horse 0.0013 119 166 370 362
cow 0.0039 53 -13 522 395
bottle 0.0031 467 317 501 376
bottle 0.0015 363 120 394 152
chair 0.0156 1 111 104 349
chair 0.0024 382 75 408 118
chair 0.0014 6 295 107 371
chair 0.0011 1 66 56 395
chair 0.0011 398 6 432 76
chair 0.0010 383 -17 500 387
tvmonitor 0.0029 398 6 432 76
