person 0.8812 177 107 249 223
person 0.7301 240 132 308 254
person 0.5043 221 106 268 210
person 0.0771 231 106 271 173
person 0.0639 200 112 275 237
person 0.0358 242 103 271 142
person 0.0295 251 138 298 214
person 0.0251 268 106 294 142
person 0.0248 209 103 232 137
person 0.0211 268 116 292 156
person 0.0149 260 105 301 174
person 0.0129 231 108 260 140
person 0.0097 236 149 289 232
person 0.0074 184 107 231 182
person 0.0072 173 108 316 257
person 0.0058 241 108 319 210
person 0.0054 259 87 298 152
person 0.0052 262 76 293 99
person 0.0026 278 117 309 202
person 0.0023 264 79 298 112
person 0.0020 203 119 233 154
person 0.0020 283 152 299 208
person 0.0015 187 135 211 181
person 0.0014 274 146 308 243
person 0.0013 218 100 296 187
person 0.0011 246 142 270 183
person 0.0010 281 115 303 164
motorbike 0.0114 225 136 304 252
motorbike 0.0035 192 153 293 233
motorbike 0.0031 255 176 303 253
motorbike 0.0027 191 183 310 249
motorbike 0.0011 231 182 292 244
chair 0.0030 268 116 292 156
chair 0.0025 194 158 246 226
