person 0.1319 484 213 499 256
person 0.0065 189 208 212 246
person 0.0041 207 213 243 250
person 0.0025 122 104 176 123
person 0.0022 175 208 198 244
person 0.0022 479 198 498 240
person 0.0013 224 213 251 248
person 0.0012 0 223 21 252
person 0.0011 92 199 123 237
person 0.0010 336 230 372 254
car 0.0065 368 228 410 248
car 0.0059 0 223 21 252
car 0.0045 335 235 368 253
car 0.0023 419 225 454 248
car 0.0020 64 241 114 254
car 0.0020 390 225 434 248
car 0.0013 322 230 357 254
aeroplane 0.6566 -35 60 454 269
aeroplane 0.4218 290 73 425 131
aeroplane 0.2863 300 27 482 162
aeroplane 0.1669 123 12 507 253
aeroplane 0.0262 246 44 495 215
aeroplane 0.0175 448 188 498 247
aeroplane 0.0120 332 183 492 251
aeroplane 0.0069 393 188 503 246
aeroplane 0.0052 458 199 492 233
aeroplane 0.0047 436 170 500 217
aeroplane 0.0043 13 95 348 242
aeroplane 0.0034 479 198 498 240
aeroplane 0.0034 195 214 457 257
aeroplane 0.0026 473 177 499 253
aeroplane 0.0023 439 179 504 203
aeroplane 0.0023 392 165 506 222
aeroplane 0.0023 311 214 478 250
aeroplane 0.0022 34 155 156 249
aeroplane 0.0018 57 175 198 255
aeroplane 0.0018 97 178 139 247
aeroplane 0.0018 379 135 498 204
aeroplane 0.0017 0 223 21 252
aeroplane 0.0014 424 178 483 201
aeroplane 0.0013 356 63 506 248
aeroplane 0.0010 484 213 499 256
bus 0.0042 0 223 21 252
bus 0.0015 448 188 498 247
bus 0.0012 458 199 492 233
