person 0.0136 152 128 174 155
person 0.0108 256 114 287 152
person 0.0064 164 120 187 153
person 0.0019 74 144 433 242
person 0.0019 297 124 335 152
person 0.0010 55 332 435 372
car 0.0392 78 335 401 374
car 0.0081 29 299 458 373
cat 0.0050 353 180 382 212
cat 0.0010 456 141 500 211
dog 0.0016 353 180 382 212
dog 0.0012 152 128 174 155
bottle 0.1865 456 141 500 211
bottle 0.0301 483 144 501 208
bottle 0.0155 480 182 501 219
bottle 0.0103 152 128 174 155
bottle 0.0102 471 133 500 254
bottle 0.0046 0 241 12 311
bottle 0.0033 479 193 499 229
bottle 0.0031 164 120 187 153
bottle 0.0022 446 111 501 247
bottle 0.0014 0 193 16 319
chair 0.0769 456 214 499 367
chair 0.0280 0 224 15 319
chair 0.0264 55 332 435 372
chair 0.0263 472 219 499 334
chair 0.0169 164 120 187 153
chair 0.0161 184 125 218 152
chair 0.0134 413 209 496 373
chair 0.0053 152 128 174 155
chair 0.0043 0 247 25 375
chair 0.0040 365 178 501 365
chair 0.0039 221 174 492 359
chair 0.0038 297 124 335 152
chair 0.0028 25 144 250 333
chair 0.0028 452 107 499 215
chair 0.0028 57 151 195 243
chair 0.0026 447 292 500 367
chair 0.0024 -1 296 53 370
chair 0.0024 0 155 18 320
chair 0.0022 93 144 342 230
chair 0.0022 388 303 502 372
chair 0.0021 480 243 499 301
chair 0.0020 0 218 49 366
chair 0.0020 448 149 501 307
chair 0.0019 474 146 500 291
chair 0.0018 482 212 500 255
chair 0.0018 390 130 500 228
chair 0.0017 0 221 11 291
chair 0.0017 90 154 129 173
chair 0.0015 472 292 498 338
chair 0.0013 1 166 430 353
chair 0.0012 478 266 499 317
chair 0.0012 354 190 465 254
chair 0.0010 0 292 20 329
chair 0.0010 -1 322 199 375
sofa 0.9410 30 184 463 347
sofa 0.1227 74 144 433 242
sofa 0.0535 12 147 340 317
sofa 0.0502 221 174 492 359
sofa 0.0108 475 153 499 321
sofa 0.0053 365 178 501 365
sofa 0.0051 81 246 486 360
sofa 0.0049 354 190 465 254
sofa 0.0044 87 156 490 295
sofa 0.0035 445 187 500 354
sofa 0.0033 390 130 500 228
sofa 0.0025 95 92 408 226
sofa 0.0018 140 148 379 219
sofa 0.0018 0 224 15 319
sofa 0.0016 15 215 261 369
sofa 0.0011 470 217 499 366
sofa 0.0011 0 155 18 320
sofa 0.0010 57 151 195 243
pottedplant 0.0144 479 193 499 229
pottedplant 0.0131 474 146 500 291
pottedplant 0.0082 152 128 174 155
pottedplant 0.0019 452 107 499 215
pottedplant 0.0014 480 182 501 219
pottedplant 0.0011 0 193 16 319
pottedplant 0.0011 164 120 187 153
diningtable 0.0063 32 334 222 373
diningtable 0.0037 0 224 15 319
diningtable 0.0035 55 332 435 372
diningtable 0.0030 470 217 499 366
diningtable 0.0019 0 155 18 320
tvmonitor 0.0574 450 87 499 145
tvmonitor 0.0348 184 125 218 152
tvmonitor 0.0183 222 114 246 152
tvmonitor 0.0119 255 106 290 149
tvmonitor 0.0066 297 124 335 152
tvmonitor 0.0015 472 219 499 334
tvmonitor 0.0010 164 120 187 153
