person 0.0290 481 51 499 109
person 0.0287 225 131 249 176
person 0.0253 213 137 238 175
person 0.0106 345 58 364 100
person 0.0016 210 127 247 184
person 0.0015 0 222 11 285
person 0.0013 483 72 500 124
person 0.0012 3 198 60 306
person 0.0011 439 80 459 117
person 0.0010 144 264 260 369
bird 0.0014 481 51 499 109
bird 0.0010 345 58 364 100
bottle 0.0971 482 325 500 374
bottle 0.0493 451 319 480 349
bottle 0.0164 475 271 499 359
bottle 0.0153 441 321 489 374
bottle 0.0136 400 339 435 374
bottle 0.0097 479 290 499 340
bottle 0.0048 278 61 293 103
bottle 0.0034 443 316 469 349
bottle 0.0027 226 126 249 166
bottle 0.0017 433 340 479 370
bottle 0.0016 351 325 409 367
bottle 0.0011 213 137 238 175
bottle 0.0010 396 284 425 309
bottle 0.0010 392 294 446 336
chair 0.9235 4 203 63 300
chair 0.2666 160 257 263 356
chair 0.2147 130 291 237 374
chair 0.0370 90 218 122 289
chair 0.0128 147 294 221 338
chair 0.0089 94 247 117 289
chair 0.0071 224 317 258 376
chair 0.0065 27 201 58 238
chair 0.0048 187 256 259 328
chair 0.0041 0 247 16 299
chair 0.0039 125 317 163 373
chair 0.0029 249 244 340 371
chair 0.0029 285 298 389 372
chair 0.0028 123 241 278 376
chair 0.0028 117 231 146 316
chair 0.0022 189 286 319 374
chair 0.0022 0 222 11 285
chair 0.0021 96 214 118 260
chair 0.0021 274 236 364 301
chair 0.0019 94 152 128 281
chair 0.0016 482 325 500 374
chair 0.0013 -1 169 17 310
chair 0.0011 303 292 423 333
chair 0.0011 304 246 360 294
sofa 0.0318 160 257 263 356
sofa 0.0226 130 291 237 374
sofa 0.0092 3 198 60 306
sofa 0.0016 249 244 340 371
sofa 0.0010 123 241 278 376
sofa 0.0010 0 292 133 375
sofa 0.0010 224 317 258 376
pottedplant 0.1362 120 163 159 195
pottedplant 0.0299 99 135 125 156
pottedplant 0.0239 376 10 498 361
pottedplant 0.0088 99 135 125 180
pottedplant 0.0078 211 24 258 98
pottedplant 0.0077 116 160 140 193
pottedplant 0.0062 475 271 499 359
pottedplant 0.0061 98 161 140 232
pottedplant 0.0059 268 21 364 106
pottedplant 0.0056 278 61 293 103
pottedplant 0.0055 119 162 162 230
pottedplant 0.0045 130 93 157 175
pottedplant 0.0035 385 273 495 342
pottedplant 0.0031 105 185 135 217
pottedplant 0.0030 199 26 287 107
pottedplant 0.0030 123 179 160 203
pottedplant 0.0026 384 228 500 319
pottedplant 0.0025 98 155 122 188
pottedplant 0.0025 100 146 147 209
pottedplant 0.0016 124 102 160 213
pottedplant 0.0014 93 190 124 283
pottedplant 0.0012 223 89 246 118
pottedplant 0.0010 0 108 14 281
pottedplant 0.0010 129 150 155 179
pottedplant 0.0010 134 76 154 115
pottedplant 0.0010 473 272 498 306
diningtable 0.0882 301 309 495 373
diningtable 0.0129 0 292 133 375
diningtable 0.0100 3 198 60 306
diningtable 0.0074 292 319 418 374
diningtable 0.0027 303 292 423 333
diningtable 0.0018 259 279 493 384
diningtable 0.0016 320 289 466 344
diningtable 0.0014 -1 228 17 306
diningtable 0.0013 -1 242 62 298
diningtable 0.0013 0 219 17 255
diningtable 0.0010 0 222 11 285
tvmonitor 0.0128 268 21 364 106
tvmonitor 0.0056 27 201 58 238
tvmonitor 0.0013 160 257 263 356
