person 0.9840 391 60 503 277
person 0.9462 84 247 197 329
person 0.7739 185 103 244 219
person 0.3962 116 179 199 260
person 0.2920 -1 176 93 308
person 0.1711 196 225 327 327
person 0.1568 186 215 261 329
person 0.0601 193 116 316 231
person 0.0346 97 191 193 315
person 0.0264 139 242 194 307
person 0.0170 471 251 500 331
person 0.0166 235 95 256 133
person 0.0143 193 155 366 329
person 0.0133 486 129 500 300
person 0.0128 132 244 224 330
person 0.0122 -2 163 73 262
person 0.0119 -2 187 50 247
person 0.0113 191 99 237 170
person 0.0110 477 173 500 329
person 0.0084 0 112 26 199
person 0.0067 0 228 24 314
person 0.0055 0 221 197 333
person 0.0054 233 89 258 119
person 0.0052 484 53 500 108
person 0.0050 324 264 475 331
person 0.0050 0 113 19 165
person 0.0049 336 114 492 299
person 0.0048 0 136 34 214
person 0.0044 206 170 322 248
person 0.0039 375 53 413 94
person 0.0039 76 259 107 283
person 0.0038 486 71 500 123
person 0.0038 12 266 44 305
person 0.0036 160 180 195 249
person 0.0036 160 151 277 236
person 0.0034 -4 50 117 292
person 0.0034 125 167 191 215
person 0.0032 0 134 18 178
person 0.0030 78 183 180 276
person 0.0030 0 260 53 323
person 0.0030 220 103 264 169
person 0.0030 155 288 181 329
person 0.0030 9 254 117 328
person 0.0029 488 87 500 143
person 0.0028 209 95 233 136
person 0.0026 176 110 200 203
person 0.0025 242 231 380 325
person 0.0023 0 263 20 312
person 0.0023 209 216 260 294
person 0.0023 487 40 500 87
person 0.0022 482 65 500 252
person 0.0022 11 175 34 209
person 0.0021 421 86 446 120
person 0.0021 182 111 196 162
person 0.0020 490 169 500 249
person 0.0020 0 190 31 274
person 0.0019 89 267 160 326
person 0.0019 210 216 241 249
person 0.0019 -3 122 71 233
person 0.0018 482 51 501 145
person 0.0017 198 220 451 326
person 0.0017 185 101 207 139
person 0.0016 209 87 228 119
person 0.0016 436 80 457 116
person 0.0016 132 117 210 213
person 0.0016 185 113 206 160
person 0.0016 116 245 180 296
person 0.0016 196 248 246 323
person 0.0015 195 97 294 180
person 0.0015 488 139 499 217
person 0.0014 321 219 506 332
person 0.0014 205 137 268 208
person 0.0014 0 160 25 193
person 0.0013 0 287 30 330
person 0.0012 204 193 319 278
person 0.0012 167 138 197 208
person 0.0011 15 259 79 318
person 0.0011 443 280 499 332
person 0.0011 240 101 265 127
person 0.0010 111 196 153 270
person 0.0010 109 209 314 336
person 0.0010 83 173 249 331
person 0.0010 8 279 175 334
person 0.0010 23 191 169 285
person 0.0010 34 239 185 312
person 0.0010 202 182 246 243
person 0.0010 201 212 249 259
bicycle 0.0028 192 277 216 307
car 0.0010 421 86 446 120
cat 0.0026 76 259 107 283
cat 0.0023 227 137 260 170
dog 0.0047 76 259 107 283
dog 0.0018 143 149 176 172
dog 0.0017 471 251 500 331
dog 0.0011 227 137 260 170
bottle 0.0239 477 173 500 329
bottle 0.0041 471 251 500 331
bottle 0.0037 192 277 216 307
bottle 0.0032 155 288 181 329
bottle 0.0029 479 252 500 297
bottle 0.0016 421 86 446 120
bottle 0.0015 484 222 499 284
bottle 0.0015 11 175 34 209
bottle 0.0013 490 169 500 249
bottle 0.0013 12 266 44 305
bottle 0.0010 399 212 421 257
bottle 0.0010 381 217 411 254
chair 0.8128 335 261 492 332
chair 0.6967 217 228 358 330
chair 0.4518 120 173 164 206
chair 0.3454 -1 176 93 308
chair 0.2249 250 282 312 330
chair 0.1125 341 200 455 275
chair 0.0942 64 171 113 221
chair 0.0798 0 218 66 332
chair 0.0692 190 99 238 220
chair 0.0666 -2 285 50 334
chair 0.0614 0 260 53 323
chair 0.0532 328 167 501 330
chair 0.0495 0 282 106 332
chair 0.0489 361 222 429 273
chair 0.0450 384 64 503 321
chair 0.0407 0 228 24 314
chair 0.0407 348 235 480 314
chair 0.0386 346 195 403 240
chair 0.0377 168 169 188 208
chair 0.0315 227 137 260 170
chair 0.0299 0 263 20 312
chair 0.0297 15 259 79 318
chair 0.0278 204 110 346 244
chair 0.0251 377 214 494 286
chair 0.0204 11 257 156 328
chair 0.0187 347 152 431 269
chair 0.0176 124 149 189 206
chair 0.0165 182 111 196 162
chair 0.0156 266 242 477 329
chair 0.0130 12 232 83 305
chair 0.0103 -2 187 50 247
chair 0.0096 128 186 194 253
chair 0.0095 -5 154 102 243
chair 0.0092 12 266 44 305
chair 0.0089 0 136 34 214
chair 0.0088 176 110 200 203
chair 0.0085 354 139 407 209
chair 0.0080 0 160 25 193
chair 0.0074 47 283 114 331
chair 0.0074 167 138 197 208
chair 0.0073 133 179 184 212
chair 0.0071 139 195 163 226
chair 0.0070 0 112 26 199
chair 0.0068 318 139 351 218
chair 0.0068 70 194 111 224
chair 0.0064 88 284 116 326
chair 0.0058 193 155 366 329
chair 0.0057 0 178 28 206
chair 0.0054 400 233 425 264
chair 0.0054 93 276 161 330
chair 0.0053 116 178 170 260
chair 0.0052 215 134 265 186
chair 0.0047 401 129 495 269
chair 0.0047 78 250 185 329
chair 0.0045 39 298 100 329
chair 0.0044 114 263 145 289
chair 0.0044 184 127 205 183
chair 0.0042 391 200 427 264
chair 0.0042 -3 122 71 233
chair 0.0041 235 95 256 133
chair 0.0040 194 165 217 219
chair 0.0040 443 280 499 332
chair 0.0039 143 149 176 172
chair 0.0039 185 113 206 160
chair 0.0036 102 182 191 284
chair 0.0036 109 165 148 197
chair 0.0033 305 253 358 329
chair 0.0030 199 162 247 225
chair 0.0029 140 153 183 187
chair 0.0029 155 288 181 329
chair 0.0029 251 111 297 128
chair 0.0028 0 231 22 275
chair 0.0028 67 165 103 187
chair 0.0028 200 277 315 332
chair 0.0028 446 178 501 326
chair 0.0028 240 101 265 127
chair 0.0026 209 139 240 169
chair 0.0025 11 175 34 209
chair 0.0025 136 231 193 282
chair 0.0024 189 157 212 194
chair 0.0023 267 123 470 299
chair 0.0023 317 144 347 181
chair 0.0022 165 159 195 225
chair 0.0022 477 173 500 329
chair 0.0022 415 95 445 130
chair 0.0022 325 146 350 195
chair 0.0022 70 295 108 328
chair 0.0022 399 212 421 257
chair 0.0021 196 234 288 339
chair 0.0021 366 235 421 265
chair 0.0021 0 190 31 274
chair 0.0020 296 122 340 146
chair 0.0020 209 303 237 323
chair 0.0020 412 231 446 267
chair 0.0020 0 134 18 178
chair 0.0019 248 289 277 330
chair 0.0019 2 123 52 193
chair 0.0019 24 266 61 306
chair 0.0018 257 275 294 312
chair 0.0018 370 185 422 253
sofa 0.5923 217 116 347 234
sofa 0.1686 -3 172 97 300
sofa 0.1047 1 228 95 329
sofa 0.0362 1 250 194 329
sofa 0.0181 -5 154 102 243
sofa 0.0158 241 114 346 166
sofa 0.0157 229 228 362 328
sofa 0.0137 0 282 106 332
sofa 0.0080 183 162 460 325
sofa 0.0063 0 159 45 236
sofa 0.0051 0 112 26 199
sofa 0.0048 0 136 34 214
sofa 0.0041 185 103 244 219
sofa 0.0040 -3 167 201 327
sofa 0.0030 -3 122 71 233
sofa 0.0028 227 137 260 170
sofa 0.0027 0 160 25 193
sofa 0.0023 328 167 501 330
sofa 0.0020 -2 285 50 334
sofa 0.0019 120 171 169 210
sofa 0.0019 0 260 53 323
sofa 0.0016 267 123 470 299
sofa 0.0016 11 175 34 209
sofa 0.0015 64 171 113 221
sofa 0.0013 102 182 191 284
sofa 0.0012 236 218 491 330
sofa 0.0012 344 134 413 254
sofa 0.0012 0 251 27 328
sofa 0.0012 198 127 280 222
sofa 0.0012 384 64 503 321
sofa 0.0011 12 227 87 287
sofa 0.0010 86 270 190 334
sofa 0.0010 -1 200 50 258
pottedplant 0.0228 0 94 23 184
pottedplant 0.0140 201 45 252 116
pottedplant 0.0096 0 113 19 165
pottedplant 0.0084 179 20 260 138
pottedplant 0.0028 209 87 228 119
pottedplant 0.0027 254 36 280 60
pottedplant 0.0024 0 94 18 145
pottedplant 0.0023 0 134 18 178
pottedplant 0.0022 233 89 258 119
pottedplant 0.0018 33 139 58 179
pottedplant 0.0015 25 135 45 176
pottedplant 0.0013 0 74 18 125
pottedplant 0.0012 227 65 255 101
pottedplant 0.0012 421 86 446 120
pottedplant 0.0011 221 71 260 131
diningtable 0.0095 0 282 106 332
diningtable 0.0086 0 260 53 323
diningtable 0.0075 362 253 496 333
diningtable 0.0068 0 251 27 328
diningtable 0.0063 -2 285 50 334
diningtable 0.0054 1 250 194 329
diningtable 0.0039 0 263 20 312
diningtable 0.0037 1 228 95 329
diningtable 0.0036 377 214 494 286
diningtable 0.0033 443 222 502 334
diningtable 0.0032 443 280 499 332
diningtable 0.0023 107 174 190 258
diningtable 0.0021 213 118 343 237
diningtable 0.0020 347 151 514 336
diningtable 0.0019 68 180 109 212
diningtable 0.0016 471 251 500 331
diningtable 0.0015 12 266 44 305
diningtable 0.0014 117 155 181 204
diningtable 0.0013 15 259 79 318
diningtable 0.0010 341 200 455 275
tvmonitor 0.7035 59 91 148 159
tvmonitor 0.4440 370 47 417 102
tvmonitor 0.0485 421 86 446 120
tvmonitor 0.0407 67 165 103 187
tvmonitor 0.0249 354 17 437 135
tvmonitor 0.0035 417 16 458 111
tvmonitor 0.0031 392 1 468 126
tvmonitor 0.0025 415 95 445 130
tvmonitor 0.0021 82 124 130 151
tvmonitor 0.0020 345 0 458 191
tvmonitor 0.0018 412 72 452 131
tvmonitor 0.0016 68 180 109 212
tvmonitor 0.0012 120 173 164 206
tvmonitor 0.0011 426 27 453 68
