person 0.6495 196 60 233 163
person 0.3754 446 42 484 126
person 0.0415 382 93 401 128
person 0.0303 0 80 44 178
person 0.0302 447 45 470 98
person 0.0134 453 44 475 74
person 0.0109 193 65 226 128
person 0.0102 447 70 469 121
person 0.0045 199 73 231 112
person 0.0044 203 94 232 131
person 0.0032 204 62 229 87
person 0.0030 0 22 32 164
person 0.0022 475 35 499 118
person 0.0015 453 84 479 125
person 0.0013 15 103 44 146
person 0.0011 85 3 114 30
bicycle 0.0112 447 70 469 121
bicycle 0.0054 446 42 473 126
bicycle 0.0029 195 73 233 178
bicycle 0.0016 203 109 231 142
bicycle 0.0012 453 84 479 125
motorbike 0.0064 446 42 484 126
motorbike 0.0027 447 70 469 121
motorbike 0.0017 195 73 233 178
boat 0.0039 0 80 44 178
boat 0.0036 15 103 44 146
bird 0.0045 382 93 401 128
bird 0.0020 195 73 233 178
bird 0.0010 203 109 231 142
dog 0.0131 0 80 44 178
dog 0.0073 382 93 401 128
dog 0.0052 446 42 473 126
dog 0.0045 450 82 467 124
dog 0.0039 15 103 44 146
dog 0.0027 203 109 231 142
dog 0.0023 195 73 233 178
horse 0.0598 195 73 233 178
horse 0.0185 273 89 399 165
horse 0.0145 203 109 231 142
horse 0.0107 0 90 43 199
horse 0.0049 446 42 473 126
horse 0.0025 183 76 257 172
horse 0.0022 447 70 469 121
horse 0.0018 382 93 401 128
horse 0.0017 203 94 232 131
horse 0.0013 15 103 44 146
horse 0.0011 192 69 291 146
horse 0.0010 0 80 45 149
sheep 0.0035 15 103 44 146
sheep 0.0035 382 93 401 128
sheep 0.0032 273 89 399 165
sheep 0.0025 0 80 44 178
cow 0.9551 273 89 399 165
cow 0.0524 382 93 401 128
cow 0.0515 0 90 43 199
cow 0.0028 0 80 45 149
cow 0.0014 149 75 433 184
cow 0.0014 15 103 44 146
pottedplant 0.0041 446 42 484 126
pottedplant 0.0025 473 50 499 125
