person 0.1963 50 67 269 188
person 0.1355 316 182 392 226
person 0.0104 218 89 265 158
person 0.0031 170 78 266 167
person 0.0026 169 120 225 180
person 0.0013 194 90 255 157
person 0.0012 317 188 355 222
person 0.0010 362 194 392 224
bird 0.0370 316 182 392 226
bird 0.0016 362 194 392 224
bird 0.0016 36 69 263 188
dog 0.4109 50 67 269 188
dog 0.0430 316 182 392 226
dog 0.0032 170 78 266 167
dog 0.0028 218 89 265 158
dog 0.0026 169 120 225 180
horse 0.0975 36 69 263 188
horse 0.0110 316 182 392 226
sheep 0.3087 316 182 392 226
sheep 0.0413 50 67 269 188
sheep 0.0073 362 194 392 224
sheep 0.0042 328 181 375 202
cow 0.0164 50 67 269 188
cow 0.0049 316 182 392 226
