person 0.0686 247 10 385 109
person 0.0251 78 17 414 150
person 0.0107 45 10 449 259
person 0.0045 180 -1 317 89
person 0.0037 174 47 476 210
person 0.0022 152 52 346 134
person 0.0016 237 5 489 170
person 0.0014 293 1 371 42
cat 0.1902 -5 109 292 287
cat 0.0910 147 84 486 322
cat 0.0504 251 81 487 242
cat 0.0499 2 30 418 304
cat 0.0085 27 54 385 187
cat 0.0047 177 104 346 178
cat 0.0042 379 96 501 327
cat 0.0038 103 84 398 244
cat 0.0033 1 138 103 260
cat 0.0032 335 78 465 187
cat 0.0025 -1 111 132 306
cat 0.0017 76 54 353 137
dog 0.1393 2 30 418 304
dog 0.0120 147 84 486 322
dog 0.0060 86 49 404 193
dog 0.0056 -5 109 292 287
dog 0.0050 177 104 346 178
dog 0.0013 309 129 498 334
dog 0.0013 88 113 408 278
sheep 0.0018 475 196 500 312
sheep 0.0011 382 122 498 335
sheep 0.0011 88 221 490 328
chair 0.0033 170 4 396 117
chair 0.0027 180 -1 317 89
chair 0.0023 77 20 496 317
chair 0.0017 2 -6 193 135
sofa 0.0207 77 20 496 317
sofa 0.0066 12 53 355 289
sofa 0.0040 42 -3 451 200
sofa 0.0018 -1 3 202 171
sofa 0.0015 297 85 500 334
sofa 0.0015 103 2 405 120
sofa 0.0014 174 47 476 210
