person 0.0056 96 309 293 450
person 0.0048 301 339 329 491
person 0.0039 -3 38 336 462
person 0.0011 196 414 224 449
bird 0.0016 -5 3 160 263
cat 0.2855 96 309 293 450
cat 0.0042 186 383 294 449
cat 0.0034 84 402 305 462
cat 0.0023 196 414 224 449
cat 0.0010 193 412 274 450
dog 0.8493 95 317 288 460
dog 0.0413 120 318 168 387
dog 0.0160 100 316 177 440
dog 0.0113 105 404 306 478
dog 0.0075 186 383 294 449
dog 0.0060 70 374 291 451
dog 0.0056 196 414 224 449
dog 0.0039 82 411 149 457
dog 0.0035 34 375 318 497
dog 0.0014 138 393 168 429
dog 0.0014 73 381 198 455
dog 0.0012 193 412 274 450
dog 0.0010 153 312 172 349
bottle 0.0025 -5 3 160 263
chair 0.0164 -5 3 160 263
chair 0.0036 304 400 330 497
chair 0.0013 302 479 330 499
chair 0.0010 80 318 280 459
pottedplant 0.0994 -4 8 169 322
pottedplant 0.0373 -3 381 51 502
pottedplant 0.0086 -3 38 336 462
pottedplant 0.0014 -1 376 56 424
pottedplant 0.0013 3 116 164 456
pottedplant 0.0010 0 244 110 493
diningtable 0.0015 4 435 172 501
diningtable 0.0012 -5 3 160 263
tvmonitor 0.0019 -5 3 160 263
