person 0.9940 80 3 264 334
person 0.9285 377 89 450 321
person 0.8308 279 72 400 326
person 0.8149 -1 63 67 325
person 0.4886 248 64 309 259
person 0.3797 219 176 303 289
person 0.0462 195 158 219 183
person 0.0413 0 68 25 325
person 0.0404 435 85 462 308
person 0.0311 5 82 85 236
person 0.0223 230 74 299 199
person 0.0163 367 88 393 180
person 0.0126 56 105 89 204
person 0.0112 175 92 193 145
person 0.0112 376 101 448 211
person 0.0098 418 88 453 307
person 0.0091 61 111 85 161
person 0.0080 436 109 460 199
person 0.0077 0 206 21 335
person 0.0069 0 91 20 223
person 0.0058 230 57 249 107
person 0.0052 249 77 299 158
person 0.0044 416 115 452 231
person 0.0043 210 95 309 305
person 0.0042 448 -6 500 344
person 0.0035 0 282 17 332
person 0.0035 421 98 443 137
person 0.0032 370 90 391 148
person 0.0031 313 62 359 139
person 0.0029 264 75 294 117
person 0.0027 398 96 434 131
person 0.0026 438 129 457 184
person 0.0024 400 24 477 333
person 0.0024 173 93 201 183
person 0.0023 414 95 455 179
person 0.0021 52 192 75 222
person 0.0020 436 111 457 160
person 0.0020 179 108 195 159
person 0.0019 26 102 73 172
person 0.0019 189 176 369 327
person 0.0018 308 133 406 279
person 0.0018 470 77 499 353
person 0.0018 259 103 327 279
person 0.0018 223 60 253 139
person 0.0017 0 170 62 299
person 0.0016 205 150 233 185
person 0.0016 374 91 400 139
person 0.0016 286 104 312 133
person 0.0015 -2 61 75 182
person 0.0014 30 100 97 212
person 0.0014 281 119 315 266
person 0.0014 237 67 285 137
person 0.0013 -1 223 64 329
person 0.0013 282 209 311 291
person 0.0013 368 108 386 164
person 0.0012 304 47 337 73
person 0.0012 51 160 90 223
person 0.0011 233 173 276 225
person 0.0010 326 107 351 134
person 0.0010 51 193 79 274
person 0.0010 34 90 143 319
person 0.0010 339 75 375 155
dog 0.0014 222 229 247 248
dog 0.0012 219 179 299 293
bottle 0.0820 244 254 264 294
bottle 0.0182 305 270 328 317
bottle 0.0174 231 253 254 297
bottle 0.0121 263 259 286 291
bottle 0.0110 210 258 239 292
bottle 0.0073 255 303 276 329
bottle 0.0068 235 267 256 304
bottle 0.0057 195 158 219 183
bottle 0.0043 236 256 272 329
bottle 0.0042 205 150 233 185
bottle 0.0041 257 288 307 332
bottle 0.0037 209 228 233 267
bottle 0.0033 210 295 241 317
bottle 0.0025 283 260 305 286
bottle 0.0022 210 280 237 309
bottle 0.0020 301 231 332 319
bottle 0.0019 52 192 75 222
bottle 0.0018 222 229 247 248
bottle 0.0017 212 224 242 251
bottle 0.0013 276 299 305 333
bottle 0.0012 219 247 257 304
bottle 0.0011 239 247 269 269
bottle 0.0011 268 280 301 304
bottle 0.0010 225 239 251 262
chair 0.0753 69 173 90 217
chair 0.0655 52 185 78 218
chair 0.0484 69 160 90 196
chair 0.0226 53 215 78 324
chair 0.0159 22 177 73 208
chair 0.0091 51 160 90 223
chair 0.0081 51 193 79 274
chair 0.0080 61 111 85 161
chair 0.0072 18 161 71 227
chair 0.0059 56 223 77 273
chair 0.0057 292 209 312 258
chair 0.0056 219 179 299 293
chair 0.0055 257 296 301 332
chair 0.0054 407 166 462 327
chair 0.0045 195 158 219 183
chair 0.0043 209 145 241 180
chair 0.0041 66 139 94 216
chair 0.0040 13 118 82 285
chair 0.0040 419 218 456 324
chair 0.0039 212 315 256 332
chair 0.0035 35 194 65 224
chair 0.0031 277 308 305 334
chair 0.0028 371 170 448 317
chair 0.0028 212 224 242 251
chair 0.0026 24 169 66 194
chair 0.0025 0 173 23 324
chair 0.0025 56 105 89 204
chair 0.0021 220 287 344 330
chair 0.0019 16 168 47 195
chair 0.0018 432 145 460 322
chair 0.0018 282 209 311 291
chair 0.0017 65 172 93 258
chair 0.0017 225 143 248 179
chair 0.0017 433 278 456 318
chair 0.0016 2 91 52 303
chair 0.0016 0 282 17 332
chair 0.0015 17 194 67 271
chair 0.0015 428 259 459 329
chair 0.0014 253 140 420 329
chair 0.0014 237 122 310 274
chair 0.0014 285 227 305 276
chair 0.0013 61 134 85 169
chair 0.0013 255 303 276 329
chair 0.0013 51 152 233 332
chair 0.0013 52 265 70 325
chair 0.0012 292 197 314 240
chair 0.0012 209 228 233 267
chair 0.0011 0 168 64 333
chair 0.0011 231 248 424 326
sofa 0.0120 219 179 299 293
sofa 0.0070 253 140 420 329
sofa 0.0042 189 176 369 327
sofa 0.0035 8 89 79 262
sofa 0.0023 53 142 90 214
sofa 0.0020 68 224 359 324
sofa 0.0016 0 108 25 320
sofa 0.0015 237 122 310 274
sofa 0.0015 58 159 88 193
sofa 0.0010 52 185 78 218
sofa 0.0010 222 229 247 248
pottedplant 0.0714 210 280 237 309
pottedplant 0.0591 194 240 313 324
pottedplant 0.0479 219 179 299 293
pottedplant 0.0402 210 258 239 292
pottedplant 0.0391 205 234 247 304
pottedplant 0.0368 217 250 262 327
pottedplant 0.0096 231 253 254 297
pottedplant 0.0083 235 267 256 304
pottedplant 0.0066 231 75 299 193
pottedplant 0.0035 223 60 253 139
pottedplant 0.0029 210 295 241 317
pottedplant 0.0017 236 256 272 329
pottedplant 0.0017 201 68 246 172
pottedplant 0.0016 209 145 241 180
pottedplant 0.0015 226 47 251 78
pottedplant 0.0015 215 225 254 288
pottedplant 0.0013 244 254 264 294
pottedplant 0.0011 209 228 233 267
pottedplant 0.0010 225 239 251 262
diningtable 0.0986 194 240 313 324
diningtable 0.0257 51 193 79 274
diningtable 0.0200 54 215 78 261
diningtable 0.0194 68 224 359 324
diningtable 0.0168 220 287 344 330
diningtable 0.0129 69 173 90 217
diningtable 0.0111 52 185 78 218
diningtable 0.0091 58 159 88 193
diningtable 0.0090 9 172 83 326
diningtable 0.0052 17 194 67 271
diningtable 0.0042 219 179 299 293
diningtable 0.0036 257 288 307 332
diningtable 0.0032 214 300 259 328
diningtable 0.0026 87 290 336 332
diningtable 0.0026 227 261 402 330
diningtable 0.0025 189 176 369 327
diningtable 0.0024 209 145 241 180
diningtable 0.0022 206 285 270 332
diningtable 0.0020 51 160 90 223
diningtable 0.0018 210 295 241 317
diningtable 0.0015 22 177 73 208
diningtable 0.0014 206 292 436 331
diningtable 0.0013 0 145 24 320
diningtable 0.0012 56 260 305 327
diningtable 0.0010 255 303 276 329
tvmonitor 0.0111 61 111 85 161
tvmonitor 0.0031 69 102 98 132
tvmonitor 0.0022 209 145 241 180
tvmonitor 0.0011 59 91 104 159
