person 0.0323 5 0 45 11
person 0.0147 76 -1 100 43
person 0.0136 311 53 354 119
person 0.0110 331 51 363 126
person 0.0110 8 0 74 14
person 0.0085 0 1 43 59
person 0.0062 23 2 71 83
person 0.0052 127 0 180 98
person 0.0050 166 0 266 11
person 0.0045 198 17 224 49
person 0.0041 240 12 271 45
person 0.0038 146 151 169 188
person 0.0033 295 50 336 118
person 0.0027 12 2 121 83
person 0.0027 332 62 359 106
person 0.0026 0 2 91 59
person 0.0023 143 1 210 17
person 0.0022 253 12 292 45
person 0.0021 114 153 141 183
person 0.0021 120 0 159 28
person 0.0019 186 10 210 48
person 0.0019 207 0 306 13
person 0.0018 199 23 233 58
person 0.0017 134 0 181 25
person 0.0016 76 -1 118 33
person 0.0016 27 0 94 25
person 0.0016 216 13 255 40
person 0.0015 103 168 142 199
person 0.0015 353 51 375 151
person 0.0014 304 0 367 16
person 0.0014 24 56 62 81
person 0.0012 160 6 188 49
person 0.0011 98 -1 137 86
person 0.0011 330 55 358 83
person 0.0011 285 68 310 106
person 0.0010 99 16 118 71
person 0.0010 160 2 224 59
person 0.0010 23 44 349 454
bicycle 0.0029 57 149 186 227
bicycle 0.0015 304 0 367 16
bicycle 0.0011 8 0 74 14
bicycle 0.0010 281 0 346 14
car 0.9384 254 25 375 265
car 0.9188 141 1 330 175
car 0.6433 94 0 140 62
car 0.5888 116 0 193 98
car 0.3880 304 0 367 16
car 0.1266 76 -1 118 33
car 0.0874 106 0 168 68
car 0.0520 91 0 117 45
car 0.0477 117 -1 242 62
car 0.0450 281 0 346 14
car 0.0412 349 0 379 17
car 0.0400 86 -3 161 92
car 0.0373 76 -1 100 43
car 0.0220 121 15 159 104
car 0.0184 150 -4 209 142
car 0.0174 98 0 143 26
car 0.0157 139 5 177 125
car 0.0141 14 0 118 58
car 0.0121 87 -1 151 38
car 0.0088 120 0 159 28
car 0.0083 8 0 74 14
car 0.0074 243 0 368 37
car 0.0061 5 0 45 11
car 0.0061 101 10 123 72
car 0.0044 236 0 316 13
car 0.0043 88 2 125 79
car 0.0033 134 0 181 25
car 0.0031 24 56 62 81
car 0.0029 255 152 295 247
car 0.0029 192 2 323 44
car 0.0028 143 1 210 17
car 0.0026 55 166 187 232
car 0.0026 166 0 266 11
car 0.0024 96 -1 258 35
car 0.0021 128 2 264 138
car 0.0021 59 0 150 61
car 0.0020 30 -3 133 38
car 0.0020 36 35 404 467
car 0.0020 281 -2 377 22
car 0.0016 99 19 136 103
car 0.0016 27 0 94 25
car 0.0015 148 0 204 63
car 0.0014 242 7 313 51
car 0.0011 356 229 373 283
car 0.0011 246 96 268 231
car 0.0011 169 73 264 188
car 0.0010 123 0 308 26
motorbike 0.0018 8 0 74 14
motorbike 0.0017 304 0 367 16
motorbike 0.0013 5 0 45 11
motorbike 0.0011 36 35 404 467
motorbike 0.0010 76 -1 100 43
bus 0.0058 321 0 373 17
bus 0.0016 117 -1 242 62
boat 0.0740 55 166 187 232
bird 0.0051 103 168 142 199
bird 0.0026 126 156 150 195
bird 0.0011 5 0 45 11
dog 0.0018 119 152 147 187
dog 0.0015 103 168 142 199
bottle 0.0131 126 156 150 195
bottle 0.0064 24 56 62 81
bottle 0.0064 114 153 141 183
bottle 0.0050 103 168 142 199
bottle 0.0038 146 151 169 188
bottle 0.0011 114 154 162 207
chair 0.0032 357 226 375 367
chair 0.0020 5 0 45 11
chair 0.0016 304 0 367 16
chair 0.0013 57 149 186 227
chair 0.0012 0 6 43 77
chair 0.0010 0 2 91 59
pottedplant 0.0025 76 -1 100 43
pottedplant 0.0022 114 153 141 183
pottedplant 0.0022 57 149 186 227
pottedplant 0.0018 30 0 89 55
pottedplant 0.0012 12 2 121 83
diningtable 0.0035 57 149 186 227
diningtable 0.0010 0 43 311 453
tvmonitor 0.9730 95 249 282 471
