person 0.0203 2 7 429 379
person 0.0149 5 -1 176 239
person 0.0101 139 151 507 358
person 0.0030 0 107 21 285
person 0.0023 -4 -4 56 371
person 0.0021 0 217 28 334
person 0.0018 257 -19 521 392
person 0.0012 0 11 125 352
person 0.0010 81 -2 331 139
bicycle 0.0014 45 14 457 366
car 0.0023 2 7 429 379
cat 0.0245 45 14 457 366
cat 0.0027 3 69 189 380
dog 0.4372 2 7 429 379
dog 0.0034 3 69 189 380
dog 0.0024 101 72 394 301
dog 0.0023 142 64 498 380
dog 0.0011 77 -8 491 257
horse 0.0029 9 148 491 369
cow 0.0017 75 6 491 369
chair 0.0157 2 7 429 379
chair 0.0012 105 2 398 135
chair 0.0010 0 107 21 285
sofa 0.1010 2 7 429 379
sofa 0.0019 16 -52 411 218
sofa 0.0017 105 2 398 135
sofa 0.0015 199 -20 512 324
sofa 0.0012 309 -4 497 164
