person 0.0144 277 184 442 244
person 0.0095 135 181 156 202
person 0.0046 477 181 500 320
person 0.0027 233 183 352 245
person 0.0022 80 189 198 245
person 0.0022 282 187 344 240
person 0.0016 138 185 291 248
person 0.0013 222 181 252 204
person 0.0011 482 186 500 240
bird 0.0031 329 175 352 192
bird 0.0012 222 181 252 204
dog 0.0058 277 184 442 244
dog 0.0028 329 175 352 192
dog 0.0020 222 181 252 204
horse 0.0421 329 175 352 192
horse 0.0391 222 181 252 204
horse 0.0260 277 184 442 244
horse 0.0127 179 180 201 202
horse 0.0118 19 184 334 307
horse 0.0114 393 177 496 248
horse 0.0099 396 188 457 239
horse 0.0081 135 181 156 202
horse 0.0067 392 188 429 207
horse 0.0063 77 190 265 268
horse 0.0063 80 189 198 245
horse 0.0062 196 184 317 246
horse 0.0061 213 189 261 251
horse 0.0027 149 180 291 256
horse 0.0020 412 188 448 211
horse 0.0020 415 192 448 234
horse 0.0020 445 185 500 244
horse 0.0020 214 196 256 223
horse 0.0017 -19 161 442 335
horse 0.0016 332 196 408 242
horse 0.0015 -1 205 123 286
horse 0.0015 92 187 156 252
horse 0.0015 439 182 499 303
horse 0.0013 204 183 246 203
horse 0.0012 285 179 343 202
horse 0.0011 258 181 287 203
horse 0.0011 290 178 317 200
horse 0.0010 106 186 151 206
horse 0.0010 -5 179 198 326
sheep 0.2036 260 184 400 244
sheep 0.1358 260 194 332 242
sheep 0.1051 327 178 355 197
sheep 0.1046 290 178 317 200
sheep 0.0820 222 181 252 204
sheep 0.0653 258 181 287 203
sheep 0.0409 196 184 317 246
sheep 0.0317 285 179 343 202
sheep 0.0244 332 196 408 242
sheep 0.0184 311 188 438 245
sheep 0.0090 238 198 354 256
sheep 0.0088 301 194 336 231
sheep 0.0079 213 189 261 251
sheep 0.0048 271 213 318 248
sheep 0.0041 106 192 310 265
sheep 0.0036 255 200 303 225
sheep 0.0032 220 175 292 212
sheep 0.0031 297 194 372 242
sheep 0.0030 100 186 242 248
sheep 0.0028 214 196 256 223
sheep 0.0028 324 182 379 200
sheep 0.0026 216 180 340 218
sheep 0.0024 170 182 484 315
sheep 0.0016 135 181 156 202
sheep 0.0016 351 198 396 233
sheep 0.0014 182 180 205 204
sheep 0.0012 333 201 380 237
sheep 0.0012 204 183 246 203
sheep 0.0011 19 184 334 307
cow 0.0407 222 181 252 204
cow 0.0388 277 184 442 244
cow 0.0184 329 175 352 192
cow 0.0144 233 183 352 245
cow 0.0112 445 185 500 244
cow 0.0110 77 190 265 268
cow 0.0083 80 189 198 245
cow 0.0073 478 182 500 283
cow 0.0071 19 184 334 307
cow 0.0069 179 180 201 202
cow 0.0068 135 181 156 202
cow 0.0065 403 188 497 287
cow 0.0063 396 188 457 239
cow 0.0062 -1 205 123 286
cow 0.0060 192 194 313 259
cow 0.0057 332 196 408 242
cow 0.0046 382 185 489 244
cow 0.0036 149 180 291 256
cow 0.0030 482 186 500 240
cow 0.0028 213 189 261 251
cow 0.0027 258 181 287 203
cow 0.0019 392 188 429 207
cow 0.0016 451 192 484 232
cow 0.0015 204 183 246 203
cow 0.0014 448 193 501 308
cow 0.0014 25 185 168 236
cow 0.0010 395 194 426 236
cow 0.0010 241 179 491 320
cow 0.0010 214 196 256 223
cow 0.0010 92 187 156 252
