person 0.7320 9 -20 181 381
person 0.4126 227 70 256 135
person 0.3869 301 78 402 314
person 0.1498 0 -3 50 381
person 0.1463 162 71 194 96
person 0.0627 231 67 252 105
person 0.0590 370 68 502 371
person 0.0522 245 105 270 139
person 0.0357 101 71 154 128
person 0.0321 234 68 271 141
person 0.0295 189 86 220 104
person 0.0280 149 65 182 95
person 0.0278 105 80 142 110
person 0.0269 258 105 288 140
person 0.0228 155 82 205 107
person 0.0222 482 3 499 277
person 0.0212 132 27 225 351
person 0.0201 235 103 284 174
person 0.0198 313 111 392 239
person 0.0197 227 90 259 184
person 0.0187 383 3 496 73
person 0.0182 142 88 228 224
person 0.0180 124 75 154 115
person 0.0172 118 72 159 168
person 0.0145 251 93 300 148
person 0.0139 467 100 500 369
person 0.0138 152 73 208 126
person 0.0134 148 88 213 157
person 0.0131 74 64 207 365
person 0.0121 444 5 499 377
person 0.0115 348 211 489 370
person 0.0112 280 116 309 157
person 0.0111 386 -3 499 159
person 0.0101 0 53 102 380
person 0.0097 0 34 21 123
person 0.0095 0 73 18 359
person 0.0085 282 105 311 139
person 0.0083 294 88 387 203
person 0.0077 349 3 375 39
person 0.0071 126 71 222 167
person 0.0066 371 0 424 52
person 0.0060 97 69 160 231
person 0.0059 432 7 470 74
person 0.0059 240 76 262 125
person 0.0058 250 109 302 170
person 0.0056 362 2 445 126
person 0.0056 355 0 385 37
person 0.0056 227 81 295 201
person 0.0052 172 37 193 86
person 0.0050 1 39 44 119
person 0.0047 0 54 16 110
person 0.0046 317 146 388 318
person 0.0045 271 100 323 154
person 0.0045 0 32 16 91
person 0.0043 152 59 202 109
person 0.0042 200 85 236 113
person 0.0042 147 84 185 108
person 0.0040 13 67 37 99
person 0.0038 229 123 255 152
person 0.0038 245 121 280 150
person 0.0035 0 47 44 236
person 0.0032 179 89 222 156
person 0.0031 100 82 125 108
person 0.0029 200 71 249 136
person 0.0029 199 94 236 184
person 0.0029 117 50 165 117
person 0.0028 331 5 477 303
person 0.0027 99 68 121 103
person 0.0026 278 4 440 223
person 0.0026 351 3 389 80
person 0.0025 102 43 184 164
person 0.0024 259 119 294 154
person 0.0022 148 53 172 84
person 0.0021 97 9 168 132
person 0.0020 9 78 35 119
person 0.0018 0 62 25 253
person 0.0018 405 124 487 246
person 0.0016 341 0 381 47
person 0.0016 306 64 401 158
person 0.0016 316 158 358 310
person 0.0015 109 74 150 104
person 0.0014 397 0 467 50
person 0.0014 190 75 219 100
person 0.0014 144 107 194 163
person 0.0014 16 37 43 79
person 0.0013 69 193 132 359
person 0.0013 212 10 518 360
person 0.0012 233 129 289 200
person 0.0012 269 0 318 15
person 0.0012 471 232 499 384
person 0.0012 344 86 398 154
person 0.0011 285 102 335 166
person 0.0011 244 68 336 159
person 0.0011 297 13 423 122
person 0.0010 -1 127 52 317
person 0.0010 230 87 332 303
person 0.0010 -2 21 60 185
bicycle 0.0024 158 251 232 372
bicycle 0.0011 349 3 375 39
bicycle 0.0011 141 149 221 378
car 0.0040 149 65 182 95
bus 0.0011 0 -28 196 394
train 0.0045 0 -28 196 394
train 0.0014 35 -18 383 389
train 0.0013 18 3 162 240
horse 0.0013 141 93 231 183
horse 0.0010 0 -28 196 394
cow 0.0015 141 93 231 183
bottle 0.0034 141 127 159 164
bottle 0.0022 0 32 16 91
bottle 0.0019 172 37 193 86
bottle 0.0012 482 3 499 277
chair 0.1104 146 243 222 380
chair 0.0223 125 290 158 371
chair 0.0207 39 227 221 369
chair 0.0147 157 285 214 373
chair 0.0128 370 68 502 371
chair 0.0122 318 130 388 322
chair 0.0093 8 53 184 372
chair 0.0091 400 -1 497 127
chair 0.0072 382 198 411 304
chair 0.0072 205 260 234 363
chair 0.0066 53 236 138 361
chair 0.0064 391 -6 499 241
chair 0.0063 142 88 228 224
chair 0.0053 179 260 224 369
chair 0.0051 0 283 21 374
chair 0.0050 363 214 495 370
chair 0.0047 232 137 290 207
chair 0.0040 110 225 186 363
chair 0.0037 331 5 477 303
chair 0.0037 147 84 185 108
chair 0.0036 349 3 375 39
chair 0.0035 405 56 499 163
chair 0.0034 329 -3 483 159
chair 0.0033 362 2 445 126
chair 0.0033 383 0 481 80
chair 0.0033 145 294 177 370
chair 0.0030 313 111 392 239
chair 0.0030 2 280 42 374
chair 0.0030 470 208 499 375
chair 0.0028 112 262 145 364
chair 0.0026 148 97 214 170
chair 0.0024 19 241 100 360
chair 0.0023 24 294 154 372
chair 0.0022 66 285 198 371
chair 0.0021 277 8 400 308
chair 0.0018 155 82 205 107
chair 0.0017 409 7 464 73
chair 0.0013 349 156 396 276
chair 0.0013 238 125 316 270
chair 0.0013 161 248 213 338
chair 0.0012 144 87 193 155
chair 0.0012 149 269 188 359
chair 0.0012 235 103 284 174
chair 0.0012 442 -22 497 333
chair 0.0012 145 105 183 134
chair 0.0011 259 119 294 154
chair 0.0011 115 269 136 315
sofa 0.0262 370 68 502 371
sofa 0.0063 363 214 495 370
sofa 0.0028 39 227 221 369
sofa 0.0025 244 4 380 114
sofa 0.0019 405 124 487 246
sofa 0.0018 141 93 231 183
sofa 0.0016 400 -1 497 127
sofa 0.0010 470 208 499 375
sofa 0.0010 301 78 402 314
sofa 0.0010 19 241 100 360
sofa 0.0010 53 236 138 361
pottedplant 0.0014 1 39 44 119
pottedplant 0.0011 0 34 21 123
tvmonitor 0.0482 240 2 369 113
tvmonitor 0.0033 172 30 193 62
tvmonitor 0.0016 145 1 210 18
