person 0.0011 2 -5 314 247
boat 0.0049 1 265 35 283
bird 0.1125 34 231 71 253
bird 0.0910 42 242 70 261
bird 0.0510 1 265 35 283
bird 0.0207 76 212 106 230
bird 0.0190 2 203 29 223
bird 0.0183 71 208 101 223
bird 0.0104 28 233 52 250
bird 0.0069 33 188 61 203
bird 0.0041 77 264 115 281
bird 0.0038 0 232 34 283
bird 0.0022 -1 212 24 228
bird 0.0012 0 237 15 271
bird 0.0012 0 253 36 288
cat 0.0751 -8 -9 330 293
cat 0.0067 0 -3 154 179
cat 0.0012 -1 49 107 234
dog 0.2829 -8 -9 330 293
dog 0.0035 1 13 278 174
dog 0.0013 98 0 292 234
sheep 0.0028 0 -3 154 179
cow 0.0055 -8 -9 330 293
chair 0.0259 72 -20 359 303
chair 0.0017 260 -12 380 248
sofa 0.0698 -8 -9 330 293
sofa 0.0020 269 -11 388 247
diningtable 0.0040 72 -20 359 303
