person 0.0270 73 147 100 179
person 0.0167 12 172 49 198
person 0.0072 91 180 116 211
person 0.0071 72 161 104 183
person 0.0042 265 291 480 372
person 0.0023 12 177 104 223
person 0.0021 89 167 116 192
bicycle 0.0065 73 147 100 179
bicycle 0.0037 91 180 116 211
bicycle 0.0013 89 167 116 192
car 0.8023 12 177 88 223
car 0.0684 33 182 97 213
car 0.0348 11 177 50 206
car 0.0194 18 194 79 225
car 0.0192 15 171 77 193
car 0.0191 49 180 116 220
car 0.0154 20 175 139 227
car 0.0123 8 186 180 248
car 0.0063 265 291 480 372
car 0.0052 7 101 36 128
car 0.0017 73 147 100 179
car 0.0017 10 161 83 205
car 0.0012 9 187 60 230
car 0.0012 2 179 30 208
car 0.0012 18 153 73 169
car 0.0012 29 174 101 191
car 0.0011 133 206 166 228
car 0.0010 91 180 116 211
motorbike 0.0091 91 180 116 211
motorbike 0.0042 73 147 100 179
motorbike 0.0030 12 177 104 223
motorbike 0.0018 89 167 116 192
motorbike 0.0016 72 161 104 183
motorbike 0.0012 49 180 116 220
motorbike 0.0012 16 172 156 229
bus 0.0011 14 176 113 223
bird 0.0077 271 152 438 331
bird 0.0018 326 173 353 193
cat 0.7809 272 159 447 354
cat 0.0024 267 294 477 374
cat 0.0017 346 268 458 349
dog 0.5027 271 152 438 331
dog 0.0023 267 294 477 374
horse 0.0019 73 147 100 179
chair 0.0047 265 291 480 372
chair 0.0010 276 210 465 378
sofa 0.0021 267 294 477 374
pottedplant 0.0050 73 147 100 179
pottedplant 0.0041 392 11 493 284
pottedplant 0.0036 147 131 335 332
pottedplant 0.0017 399 136 480 251
pottedplant 0.0013 401 91 481 212
pottedplant 0.0012 196 206 302 329
pottedplant 0.0011 440 -5 501 375
pottedplant 0.0010 72 161 104 183
diningtable 0.0019 276 210 465 378
diningtable 0.0014 265 291 480 372
