person 0.9803 45 189 120 396
person 0.1983 -1 219 56 382
person 0.1497 230 157 267 246
person 0.1261 88 205 108 247
person 0.0553 169 219 209 373
person 0.0548 289 144 331 219
person 0.0490 2 190 94 394
person 0.0384 0 215 16 259
person 0.0347 175 223 205 301
person 0.0346 272 171 320 232
person 0.0200 161 225 201 330
person 0.0178 292 166 325 196
person 0.0175 68 197 95 235
person 0.0154 56 191 109 249
person 0.0152 252 158 288 242
person 0.0151 276 190 311 225
person 0.0136 297 143 332 185
person 0.0119 48 221 67 267
person 0.0119 124 230 203 361
person 0.0118 237 174 263 228
person 0.0109 243 152 327 254
person 0.0105 280 192 332 251
person 0.0097 2 239 46 275
person 0.0082 162 198 189 286
person 0.0081 218 178 253 255
person 0.0071 227 175 248 231
person 0.0067 281 159 311 203
person 0.0063 294 180 329 224
person 0.0062 250 186 299 252
person 0.0059 109 226 172 353
person 0.0053 167 214 186 263
person 0.0051 85 201 115 275
person 0.0050 5 231 41 260
person 0.0047 220 194 241 246
person 0.0044 208 150 285 257
person 0.0044 221 136 259 237
person 0.0038 259 175 282 227
person 0.0038 157 274 205 354
person 0.0037 240 199 268 246
person 0.0037 60 190 103 220
person 0.0034 59 203 103 275
person 0.0033 292 205 332 238
person 0.0032 169 230 188 287
person 0.0031 0 213 20 297
person 0.0031 138 219 164 248
person 0.0029 256 198 282 244
person 0.0028 43 201 76 356
person 0.0025 191 177 233 259
person 0.0025 238 68 264 102
person 0.0024 107 202 139 241
person 0.0024 119 129 213 372
person 0.0020 272 137 321 201
person 0.0020 139 139 279 420
person 0.0019 114 204 157 244
person 0.0019 296 220 334 252
person 0.0019 168 60 327 419
person 0.0017 -3 176 52 319
person 0.0017 277 223 305 255
person 0.0017 47 199 67 235
person 0.0016 127 180 195 317
person 0.0015 6 226 179 496
person 0.0015 114 222 160 248
person 0.0014 178 166 214 281
person 0.0013 45 206 73 279
person 0.0012 159 137 233 281
person 0.0011 -2 322 11 379
person 0.0011 66 219 94 264
person 0.0010 289 211 333 265
bicycle 0.0084 289 321 330 354
bicycle 0.0070 285 276 332 354
car 0.0989 2 239 46 275
car 0.0577 109 194 161 250
car 0.0182 291 260 332 290
car 0.0166 138 219 164 248
car 0.0149 114 222 160 248
car 0.0139 297 250 333 282
car 0.0113 5 231 41 260
car 0.0107 289 321 330 354
car 0.0091 167 214 186 263
car 0.0088 285 276 332 354
car 0.0077 296 220 334 252
car 0.0075 292 228 333 288
car 0.0062 140 209 168 242
car 0.0061 287 246 333 305
car 0.0061 108 223 140 248
car 0.0060 161 206 185 244
car 0.0055 229 271 332 373
car 0.0041 53 179 109 197
car 0.0039 277 223 305 255
car 0.0039 289 279 331 308
car 0.0032 25 236 49 276
car 0.0024 262 269 331 329
car 0.0019 162 198 189 286
car 0.0017 88 205 108 247
car 0.0016 2 203 43 278
car 0.0016 292 205 332 238
car 0.0016 289 211 333 265
car 0.0015 274 262 336 382
car 0.0014 277 198 309 231
car 0.0014 172 98 326 455
car 0.0013 289 320 332 392
car 0.0013 -1 218 55 382
car 0.0013 262 205 325 264
car 0.0012 107 202 139 241
car 0.0012 48 221 67 267
car 0.0012 68 197 95 235
car 0.0011 266 267 323 292
car 0.0010 139 139 279 420
car 0.0010 60 190 103 220
motorbike 0.0090 285 276 332 354
motorbike 0.0067 289 321 330 354
motorbike 0.0031 291 260 332 290
motorbike 0.0017 287 246 333 305
bus 0.8355 164 26 324 386
bus 0.6189 109 194 161 250
bus 0.0098 158 176 188 268
bus 0.0088 42 177 137 244
bus 0.0084 50 180 109 228
bus 0.0078 8 54 331 443
bus 0.0067 56 191 109 249
bus 0.0066 113 191 157 214
bus 0.0051 119 129 213 372
bus 0.0032 92 177 176 255
bus 0.0028 140 209 168 242
bus 0.0026 134 189 179 250
bus 0.0024 60 190 103 220
bus 0.0022 -6 161 90 249
bus 0.0022 159 137 233 281
bus 0.0021 129 155 194 274
bus 0.0021 161 206 185 244
bus 0.0013 88 205 108 247
bus 0.0011 139 139 279 420
bus 0.0011 46 182 67 222
train 0.0044 164 26 324 386
train 0.0029 109 194 161 250
train 0.0017 -9 94 334 472
dog 0.0034 110 280 152 346
chair 0.0101 17 403 178 491
chair 0.0030 277 198 309 231
chair 0.0019 270 192 318 246
chair 0.0017 1 372 236 499
chair 0.0015 1 234 46 281
chair 0.0013 6 442 235 500
chair 0.0011 -2 322 11 379
sofa 0.0047 17 403 178 491
sofa 0.0010 9 368 188 468
diningtable 0.0113 17 403 178 491
diningtable 0.0039 2 329 239 496
diningtable 0.0010 9 368 188 468
