person 0.9083 382 59 411 91
person 0.6225 308 66 331 99
person 0.6172 478 65 500 143
person 0.4117 428 64 478 144
person 0.2614 337 64 373 90
person 0.2133 408 62 443 92
person 0.1851 451 70 478 141
person 0.0972 373 59 416 104
person 0.0945 409 62 451 135
person 0.0574 453 64 479 101
person 0.0573 436 67 475 105
person 0.0465 480 62 499 105
person 0.0401 357 62 386 90
person 0.0398 399 86 429 118
person 0.0382 418 80 445 124
person 0.0293 440 46 466 71
person 0.0194 388 70 442 123
person 0.0186 346 53 367 84
person 0.0148 370 71 418 121
person 0.0126 419 97 447 135
person 0.0126 382 60 443 102
person 0.0119 480 83 500 190
person 0.0093 455 96 481 139
person 0.0079 481 43 499 84
person 0.0074 311 70 365 98
person 0.0069 285 61 311 100
person 0.0053 327 81 385 108
person 0.0044 397 64 478 172
person 0.0042 438 100 466 140
person 0.0035 393 57 441 78
person 0.0031 295 61 335 107
person 0.0029 439 38 464 60
person 0.0026 431 63 502 179
person 0.0025 445 57 488 110
person 0.0023 187 46 247 92
person 0.0022 476 31 497 57
person 0.0021 393 93 442 150
person 0.0020 306 74 333 110
person 0.0017 343 59 412 109
person 0.0017 436 101 476 176
person 0.0017 202 53 245 81
person 0.0017 337 86 413 112
person 0.0016 460 35 492 56
person 0.0016 330 83 454 163
person 0.0015 393 107 445 175
person 0.0015 198 64 242 93
person 0.0013 222 52 255 80
person 0.0012 443 51 491 78
person 0.0011 397 99 433 129
person 0.0010 482 97 500 256
bicycle 0.0146 399 86 429 118
bicycle 0.0077 419 97 447 135
bicycle 0.0036 404 109 450 178
bicycle 0.0024 137 226 175 316
bicycle 0.0023 397 99 433 129
bicycle 0.0016 480 89 500 142
bicycle 0.0014 393 93 442 150
bicycle 0.0010 400 116 434 160
bicycle 0.0010 436 101 476 176
car 0.6231 14 -5 420 378
car 0.4319 315 97 439 171
car 0.1693 408 62 443 92
car 0.0843 15 4 173 82
car 0.0731 415 62 477 168
car 0.0537 327 76 452 135
car 0.0215 382 60 443 102
car 0.0196 393 107 445 175
car 0.0152 337 64 373 90
car 0.0139 321 56 429 110
car 0.0135 388 70 442 123
car 0.0104 15 -13 251 98
car 0.0096 350 80 466 165
car 0.0094 393 57 441 78
car 0.0090 399 86 429 118
car 0.0078 337 86 413 112
car 0.0077 396 45 490 114
car 0.0074 443 51 491 78
car 0.0073 327 81 385 108
car 0.0060 393 93 442 150
car 0.0058 370 71 418 121
car 0.0054 409 62 451 135
car 0.0051 358 55 463 107
car 0.0043 373 59 416 104
car 0.0039 445 57 488 110
car 0.0038 22 3 230 53
car 0.0032 182 49 472 182
car 0.0025 247 80 428 155
car 0.0025 275 81 463 215
car 0.0024 382 59 411 91
car 0.0024 440 46 466 71
car 0.0023 90 131 480 372
car 0.0022 453 64 479 101
car 0.0020 357 62 386 90
car 0.0019 311 70 365 98
car 0.0019 478 65 500 143
car 0.0018 418 80 445 124
car 0.0016 264 72 410 128
car 0.0015 436 67 475 105
car 0.0014 382 41 445 87
car 0.0013 3 8 108 102
car 0.0012 278 60 393 107
car 0.0011 270 44 378 97
car 0.0011 438 40 498 85
car 0.0011 364 109 458 196
car 0.0011 357 95 420 152
car 0.0010 387 92 480 182
car 0.0010 26 -15 179 236
motorbike 0.0868 315 97 439 171
motorbike 0.0220 399 86 429 118
motorbike 0.0156 404 109 450 178
motorbike 0.0136 419 97 447 135
motorbike 0.0070 337 64 373 90
motorbike 0.0043 393 93 442 150
motorbike 0.0038 397 99 433 129
motorbike 0.0036 388 70 442 123
motorbike 0.0033 409 82 454 151
motorbike 0.0033 350 80 466 165
motorbike 0.0028 418 80 445 124
motorbike 0.0021 366 81 421 110
motorbike 0.0019 327 81 385 108
motorbike 0.0017 327 76 452 135
motorbike 0.0014 412 122 447 157
motorbike 0.0014 104 66 462 376
motorbike 0.0013 397 62 436 91
motorbike 0.0012 387 92 480 182
motorbike 0.0011 400 116 434 160
motorbike 0.0010 414 135 449 177
bus 0.0080 6 3 167 84
bus 0.0025 396 45 490 114
bus 0.0023 345 55 458 103
bus 0.0017 443 51 491 78
bus 0.0015 165 10 487 139
bus 0.0014 408 55 444 82
bus 0.0012 382 41 445 87
bus 0.0010 438 40 498 85
train 0.0055 89 -1 409 97
train 0.0018 51 6 280 64
train 0.0018 165 10 487 139
train 0.0017 197 0 317 72
train 0.0014 256 3 408 70
train 0.0014 29 -61 472 141
train 0.0011 15 4 173 82
bird 0.0014 308 66 331 99
cat 0.0011 136 47 267 112
horse 0.0029 326 97 453 174
horse 0.0024 393 107 445 175
horse 0.0013 399 86 429 118
horse 0.0012 419 97 447 135
sheep 0.0025 308 66 331 99
cow 0.0155 315 97 439 171
chair 0.0069 480 89 500 142
chair 0.0037 148 45 267 111
chair 0.0018 419 97 447 135
chair 0.0014 408 62 443 92
chair 0.0011 485 111 500 163
chair 0.0011 477 57 499 176
chair 0.0011 455 96 481 139
chair 0.0010 418 80 445 124
diningtable 0.0020 104 66 462 376
diningtable 0.0012 419 97 447 135
diningtable 0.0011 399 86 429 118
tvmonitor 0.0112 411 35 441 61
tvmonitor 0.0044 363 33 399 57
tvmonitor 0.0025 408 55 444 82
tvmonitor 0.0013 2 74 57 213
