person 0.0137 278 174 314 206
person 0.0132 346 214 368 251
person 0.0100 323 210 350 253
person 0.0083 316 174 363 254
person 0.0047 318 175 355 205
person 0.0031 72 144 106 175
person 0.0028 383 210 403 245
person 0.0027 297 171 330 208
person 0.0025 313 163 358 191
person 0.0024 208 128 227 174
person 0.0022 280 161 316 194
person 0.0016 364 212 383 249
person 0.0016 303 174 338 255
person 0.0015 291 161 342 188
person 0.0014 280 143 312 170
person 0.0014 207 158 227 191
person 0.0012 326 203 372 255
person 0.0012 419 208 437 254
person 0.0012 321 197 350 237
person 0.0011 421 192 439 239
person 0.0011 285 166 344 213
person 0.0011 277 151 319 207
person 0.0011 15 139 47 177
person 0.0010 277 172 296 207
person 0.0010 408 211 425 249
car 0.0019 -3 46 354 376
bus 0.5725 79 53 489 372
bus 0.0370 -18 51 290 374
bus 0.0072 285 92 494 359
bus 0.0046 475 178 497 283
bus 0.0017 462 165 493 297
bus 0.0014 -17 43 432 269
bus 0.0011 -32 43 374 171
train 0.0476 32 49 463 374
train 0.0058 475 178 497 283
train 0.0018 238 15 478 367
train 0.0011 462 165 493 297
boat 0.0021 -3 46 354 376
chair 0.0021 181 164 219 190
chair 0.0017 163 156 206 183
chair 0.0011 207 158 227 191
chair 0.0010 208 128 227 174
pottedplant 0.0011 252 0 309 56
tvmonitor 0.0041 -18 51 290 374
