person 0.0013 476 24 499 55
bird 0.7314 201 97 290 242
bird 0.0531 184 30 215 208
bird 0.0293 176 91 385 309
bird 0.0282 157 78 291 271
bird 0.0032 447 23 492 50
bird 0.0021 440 2 501 333
bird 0.0021 186 148 303 279
bird 0.0019 389 239 439 295
bird 0.0018 274 208 389 289
bird 0.0018 123 108 154 180
bird 0.0016 476 24 499 55
bird 0.0015 443 17 500 63
bird 0.0014 454 19 488 38
bird 0.0013 454 113 499 202
bird 0.0011 125 108 139 172
bird 0.0010 442 47 500 207
bird 0.0010 469 91 500 224
cow 0.0015 447 23 492 50
