person 0.1445 0 240 61 373
person 0.0097 287 82 341 117
person 0.0087 0 316 56 373
person 0.0065 -2 291 91 375
person 0.0050 209 82 237 122
person 0.0032 319 83 346 117
person 0.0030 0 182 44 361
person 0.0030 0 247 22 376
person 0.0029 25 318 76 372
person 0.0020 -2 215 110 375
person 0.0014 0 150 20 359
person 0.0013 1 46 57 398
person 0.0011 209 289 366 371
aeroplane 0.0026 202 285 368 374
cat 0.0129 -1 77 65 127
cat 0.0013 0 68 28 133
cat 0.0011 -1 50 109 146
bottle 0.1650 118 137 139 179
bottle 0.0062 130 138 151 176
bottle 0.0031 119 157 139 183
bottle 0.0015 51 337 78 371
bottle 0.0013 161 6 214 65
bottle 0.0011 51 352 76 373
bottle 0.0010 31 200 60 237
chair 0.6844 209 289 366 371
chair 0.0147 -1 157 114 367
chair 0.0100 184 235 383 382
chair 0.0066 329 327 485 378
chair 0.0056 -3 252 96 367
chair 0.0050 1 164 44 344
chair 0.0036 293 260 328 281
chair 0.0030 69 255 131 366
chair 0.0021 25 318 76 372
chair 0.0020 157 283 494 377
chair 0.0020 127 233 196 352
chair 0.0019 0 291 53 374
chair 0.0018 0 150 20 359
chair 0.0018 15 169 112 285
chair 0.0013 64 175 111 252
chair 0.0012 328 209 495 375
chair 0.0011 1 46 57 398
chair 0.0011 272 253 330 282
chair 0.0010 474 244 499 380
chair 0.0010 262 52 469 322
sofa 0.0066 329 327 485 378
sofa 0.0025 0 240 61 373
sofa 0.0020 3 49 118 148
sofa 0.0010 207 285 372 373
pottedplant 0.7096 409 10 451 74
pottedplant 0.0300 395 -2 490 77
pottedplant 0.0026 158 2 214 54
pottedplant 0.0025 413 36 441 76
diningtable 0.0162 202 285 368 374
diningtable 0.0025 329 327 485 378
diningtable 0.0024 120 176 385 356
diningtable 0.0021 19 124 406 386
tvmonitor 0.9929 151 59 255 148
tvmonitor 0.9533 265 54 362 148
tvmonitor 0.0218 279 70 347 126
tvmonitor 0.0025 69 255 131 366
tvmonitor 0.0021 153 8 243 114
tvmonitor 0.0020 4 52 114 153
tvmonitor 0.0010 254 45 403 185
