person 0.7578 12 -1 240 367
person 0.4581 361 323 425 373
person 0.3274 279 244 359 372
person 0.2253 421 300 483 372
person 0.0459 349 307 451 374
person 0.0365 398 300 433 369
person 0.0255 416 291 450 325
person 0.0244 409 299 458 370
person 0.0220 402 308 426 352
person 0.0204 370 315 413 348
person 0.0203 406 332 431 373
person 0.0190 436 300 472 332
person 0.0178 403 294 430 328
person 0.0172 451 295 483 372
person 0.0157 390 199 467 241
person 0.0155 359 298 382 337
person 0.0134 389 201 483 267
person 0.0098 425 287 483 339
person 0.0097 101 75 472 375
person 0.0095 397 196 490 324
person 0.0082 409 287 457 336
person 0.0079 357 302 397 362
person 0.0066 360 331 391 371
person 0.0059 17 171 241 359
person 0.0054 376 300 408 334
person 0.0046 403 256 483 369
person 0.0046 483 0 500 44
person 0.0043 188 186 388 362
person 0.0040 416 312 448 345
person 0.0036 45 -8 374 317
person 0.0030 395 289 438 344
person 0.0029 455 294 481 332
person 0.0028 428 309 475 343
person 0.0027 92 5 255 293
person 0.0024 107 14 143 74
person 0.0023 284 246 339 290
person 0.0022 301 224 494 373
person 0.0022 331 269 461 361
person 0.0019 0 62 51 377
person 0.0018 460 307 483 350
person 0.0016 322 353 359 373
person 0.0016 3 56 111 382
person 0.0015 365 292 417 343
person 0.0015 42 217 231 305
person 0.0015 213 255 292 376
person 0.0014 464 327 485 373
person 0.0014 154 116 341 337
person 0.0012 478 -12 500 174
person 0.0011 1 36 45 58
person 0.0011 481 1 499 88
person 0.0011 -1 32 47 97
person 0.0010 334 299 369 369
bicycle 0.0014 300 122 423 228
car 0.0056 422 285 448 311
car 0.0031 301 224 494 373
car 0.0017 436 300 472 332
car 0.0015 455 294 481 332
car 0.0013 416 291 450 325
bird 0.0022 284 246 339 290
bird 0.0019 279 244 359 372
cat 0.0054 7 1 236 302
cat 0.0038 278 244 361 371
cat 0.0023 284 246 339 290
dog 0.0055 8 5 209 235
dog 0.0015 278 244 361 371
horse 0.0055 297 121 421 228
cow 0.0034 12 -1 240 367
bottle 0.0139 284 178 303 220
bottle 0.0019 281 357 306 375
bottle 0.0016 213 255 292 376
bottle 0.0014 272 183 298 222
bottle 0.0013 216 201 267 223
bottle 0.0012 278 244 361 371
chair 0.0657 25 268 232 363
chair 0.0354 326 188 383 232
chair 0.0078 301 224 494 373
chair 0.0057 390 199 467 241
chair 0.0036 397 196 490 324
chair 0.0026 212 257 291 372
chair 0.0025 329 194 355 226
chair 0.0020 483 0 500 44
chair 0.0018 17 171 241 359
chair 0.0015 3 56 111 382
chair 0.0012 279 197 441 253
chair 0.0011 376 197 408 227
chair 0.0010 315 240 481 304
sofa 0.0265 25 268 232 363
sofa 0.0046 301 224 494 373
sofa 0.0022 212 257 291 372
sofa 0.0019 68 238 360 368
sofa 0.0019 7 145 408 375
sofa 0.0017 246 136 490 322
pottedplant 0.0446 300 122 423 228
pottedplant 0.0109 246 136 490 322
pottedplant 0.0089 275 112 464 261
pottedplant 0.0088 301 224 494 373
diningtable 0.0185 263 228 489 372
diningtable 0.0037 222 202 361 264
diningtable 0.0030 188 186 388 362
diningtable 0.0016 60 208 513 388
diningtable 0.0012 197 143 457 320
diningtable 0.0011 208 208 347 301
diningtable 0.0011 218 186 417 247
tvmonitor 0.4277 263 228 489 372
tvmonitor 0.0196 279 244 359 372
tvmonitor 0.0021 483 0 500 44
tvmonitor 0.0015 222 182 427 358
tvmonitor 0.0015 60 208 513 388
tvmonitor 0.0012 369 202 493 378
tvmonitor 0.0012 202 221 369 372
