bicycle 0.0022 9 -1 128 59
bicycle 0.0011 4 23 42 48
bird 0.0222 276 453 302 488
bird 0.0072 34 436 62 469
bird 0.0024 21 419 69 473
bird 0.0016 284 38 316 65
bird 0.0016 2 31 40 53
bird 0.0015 65 174 109 217
dog 0.9757 135 167 245 425
dog 0.0201 137 165 247 274
dog 0.0015 159 215 203 276
dog 0.0014 65 174 109 217
dog 0.0011 149 219 231 354
cow 0.0024 68 176 104 216
bottle 0.0084 276 453 302 488
bottle 0.0041 324 147 367 207
bottle 0.0033 318 99 372 194
bottle 0.0014 340 195 371 219
bottle 0.0013 68 176 104 216
chair 0.0059 276 453 302 488
chair 0.0035 324 147 367 207
pottedplant 0.0517 322 134 368 203
pottedplant 0.0410 318 99 372 194
pottedplant 0.0081 241 88 365 197
pottedplant 0.0017 300 -5 377 210
pottedplant 0.0016 352 76 375 211
pottedplant 0.0015 216 56 387 273
pottedplant 0.0011 331 47 375 162
