person 0.0624 202 99 237 129
person 0.0307 187 104 222 132
person 0.0108 200 89 244 109
person 0.0060 218 100 264 127
person 0.0053 235 88 282 112
person 0.0049 387 2 413 30
person 0.0045 214 89 268 109
person 0.0031 258 86 298 115
person 0.0028 236 102 283 123
person 0.0023 182 89 222 110
person 0.0023 197 92 244 138
person 0.0023 0 120 43 223
person 0.0011 165 104 202 130
person 0.0010 278 80 322 112
person 0.0010 186 115 226 144
person 0.0010 298 82 338 113
person 0.0010 178 92 227 137
car 0.7190 85 69 409 229
car 0.0018 161 66 341 116
car 0.0011 142 25 427 168
car 0.0010 0 120 43 223
dog 0.0019 131 115 161 139
chair 0.0010 0 120 43 223
