person 0.1141 119 165 140 196
person 0.1071 176 163 200 183
person 0.0334 189 163 220 181
person 0.0171 148 167 177 183
person 0.0119 204 156 224 183
person 0.0088 453 179 474 213
person 0.0071 125 168 154 190
person 0.0051 214 149 235 176
person 0.0032 264 158 293 180
person 0.0031 35 163 101 186
person 0.0030 0 156 17 200
person 0.0027 62 162 107 185
person 0.0019 5 165 51 188
person 0.0016 125 174 154 204
person 0.0013 473 166 499 190
person 0.0011 283 121 314 144
person 0.0010 323 186 387 209
person 0.0010 447 169 491 190
bicycle 0.0023 125 174 154 204
bicycle 0.0011 119 173 141 202
car 0.9907 305 187 401 245
car 0.9284 -3 159 131 254
car 0.1857 430 167 471 183
car 0.1383 473 166 499 190
car 0.1241 453 179 474 213
car 0.0640 447 169 491 190
car 0.0290 176 163 200 183
car 0.0289 293 281 438 335
car 0.0195 189 163 220 181
car 0.0195 351 168 423 188
car 0.0188 148 167 177 183
car 0.0058 119 173 141 202
car 0.0057 423 166 451 183
car 0.0048 0 153 131 210
car 0.0043 346 181 402 203
car 0.0028 323 186 387 209
car 0.0027 305 171 493 242
car 0.0023 472 176 500 202
car 0.0017 367 179 416 199
car 0.0013 449 172 486 226
motorbike 0.0029 293 281 438 335
motorbike 0.0020 453 179 474 213
bus 0.9957 218 93 352 222
bus 0.0248 473 166 499 190
bus 0.0047 430 167 471 183
bus 0.0038 447 169 491 190
bus 0.0031 214 149 235 176
bus 0.0027 275 99 439 209
bus 0.0019 -3 159 131 254
bus 0.0012 356 120 418 183
bus 0.0011 151 142 175 179
train 0.0011 473 166 499 190
boat 0.0065 473 166 499 190
boat 0.0026 293 281 438 335
