person 0.0238 1 -11 272 385
person 0.0072 179 20 320 132
person 0.0030 76 1 422 372
person 0.0030 368 35 504 334
person 0.0013 2 -4 116 383
car 0.0015 473 351 499 377
cat 0.0014 90 177 254 357
bottle 0.0060 451 221 499 297
chair 0.0162 90 177 254 357
chair 0.0094 371 259 494 374
chair 0.0047 157 207 248 330
chair 0.0042 93 193 183 332
chair 0.0036 109 174 237 280
chair 0.0033 192 164 393 360
chair 0.0027 108 154 234 230
chair 0.0018 168 33 327 342
chair 0.0018 451 221 499 297
chair 0.0015 262 203 480 378
chair 0.0015 32 104 244 359
chair 0.0014 127 138 299 330
chair 0.0014 160 163 256 295
chair 0.0011 2 74 120 382
chair 0.0010 13 6 335 366
chair 0.0010 317 289 409 371
diningtable 0.0211 262 203 480 378
diningtable 0.0011 375 268 493 383
tvmonitor 0.6944 172 1 336 159
tvmonitor 0.0585 413 179 460 203
tvmonitor 0.0056 184 58 323 133
tvmonitor 0.0012 9 2 344 154
