person 0.0371 100 97 176 191
person 0.0152 6 145 268 368
person 0.0145 2 -7 353 382
person 0.0045 95 -6 485 311
person 0.0028 0 291 22 374
person 0.0025 -1 51 180 329
person 0.0020 123 1 446 145
person 0.0018 91 38 277 260
person 0.0017 120 163 287 341
person 0.0017 101 232 231 345
person 0.0014 0 204 20 379
person 0.0012 62 216 294 372
car 0.0014 122 -10 515 383
boat 0.0021 122 -10 515 383
boat 0.0011 2 -7 353 382
cat 0.0926 119 33 296 130
cat 0.0393 120 163 287 341
cat 0.0014 110 234 234 342
dog 0.8288 274 135 434 330
dog 0.7309 120 163 287 341
dog 0.2590 119 33 296 130
dog 0.0412 100 97 176 191
dog 0.0391 93 25 277 191
dog 0.0293 139 -7 496 316
dog 0.0275 21 88 245 375
dog 0.0105 45 54 460 387
dog 0.0043 62 216 294 372
dog 0.0040 101 232 231 345
dog 0.0019 5 -20 351 334
dog 0.0014 167 152 415 352
dog 0.0014 113 54 307 326
dog 0.0014 -1 51 180 329
dog 0.0012 127 -2 354 154
dog 0.0010 292 60 502 326
chair 0.0377 13 67 409 376
chair 0.0093 0 291 22 374
chair 0.0080 0 204 20 379
chair 0.0064 95 -6 485 311
chair 0.0041 120 163 287 341
chair 0.0037 6 145 268 368
sofa 0.1949 13 67 409 376
sofa 0.1486 122 -10 515 383
sofa 0.0151 5 -21 415 260
sofa 0.0115 111 27 296 179
sofa 0.0059 6 145 268 368
sofa 0.0033 0 244 21 381
sofa 0.0026 -2 89 141 369
sofa 0.0014 -19 -12 229 383
sofa 0.0013 123 1 446 145
