person 0.0110 358 136 377 174
person 0.0073 333 179 495 371
person 0.0068 353 138 372 182
person 0.0050 348 157 371 195
person 0.0046 0 201 114 372
person 0.0039 478 153 497 192
person 0.0039 464 160 485 193
person 0.0033 174 23 193 63
person 0.0026 421 162 449 196
person 0.0022 211 179 234 216
person 0.0021 440 163 466 196
person 0.0019 2 -7 123 223
person 0.0019 247 40 266 88
person 0.0013 130 149 165 218
person 0.0013 359 159 385 193
person 0.0012 57 7 130 124
person 0.0012 336 171 460 221
person 0.0012 171 157 197 200
person 0.0012 261 -3 549 374
person 0.0011 141 153 177 215
person 0.0011 482 136 499 189
person 0.0010 330 180 413 255
person 0.0010 0 89 19 196
bicycle 0.0012 464 160 485 193
car 0.0035 432 183 467 198
car 0.0020 349 180 503 371
car 0.0020 440 163 466 196
car 0.0016 365 165 421 191
car 0.0016 398 166 433 196
car 0.0012 406 181 459 198
car 0.0010 336 171 460 221
car 0.0010 464 160 485 193
bus 0.0022 10 -18 348 324
bird 0.0101 257 66 307 128
bird 0.0097 280 66 306 104
bird 0.0075 274 45 309 124
bird 0.0057 267 55 287 99
bird 0.0056 273 26 313 97
bird 0.0039 194 65 310 142
bird 0.0038 280 40 307 81
bird 0.0036 243 41 272 126
bird 0.0034 249 49 266 106
bird 0.0030 263 77 294 123
bird 0.0025 147 31 346 197
bird 0.0022 247 76 269 124
bird 0.0020 237 36 315 128
bird 0.0020 273 21 361 102
bird 0.0013 304 68 331 97
bird 0.0010 282 26 304 67
bird 0.0010 291 18 345 74
bottle 0.9518 232 163 273 316
bottle 0.0315 211 179 234 216
bottle 0.0205 0 184 113 370
bottle 0.0175 184 175 215 214
bottle 0.0160 212 154 231 210
bottle 0.0099 224 136 260 221
bottle 0.0081 235 173 258 219
bottle 0.0072 256 207 335 294
bottle 0.0066 181 150 223 213
bottle 0.0062 348 157 371 195
bottle 0.0062 353 138 372 182
bottle 0.0056 171 157 197 200
bottle 0.0043 234 164 255 200
bottle 0.0043 370 108 413 169
bottle 0.0043 358 136 377 174
bottle 0.0041 164 151 202 214
bottle 0.0033 164 186 198 217
bottle 0.0033 287 120 314 202
bottle 0.0026 141 153 177 215
bottle 0.0024 130 149 165 218
bottle 0.0020 204 162 238 221
bottle 0.0016 167 120 198 201
bottle 0.0015 84 221 163 361
bottle 0.0013 190 137 292 223
bottle 0.0012 178 138 197 184
bottle 0.0012 211 137 230 180
bottle 0.0011 302 118 334 202
bottle 0.0011 207 120 236 205
bottle 0.0011 260 139 297 214
bottle 0.0010 268 134 289 184
bottle 0.0010 225 220 288 322
chair 0.3690 333 179 495 371
chair 0.2161 330 180 413 255
chair 0.2134 366 187 416 207
chair 0.1139 132 215 241 302
chair 0.0969 334 195 368 225
chair 0.0863 265 209 325 289
chair 0.0660 365 165 421 191
chair 0.0660 0 89 19 196
chair 0.0591 0 184 113 370
chair 0.0502 85 219 160 333
chair 0.0283 184 175 215 214
chair 0.0225 211 179 234 216
chair 0.0206 167 200 198 217
chair 0.0200 338 190 421 211
chair 0.0192 334 192 365 272
chair 0.0148 243 174 323 302
chair 0.0127 59 219 215 369
chair 0.0109 152 158 175 207
chair 0.0095 2 -7 123 223
chair 0.0095 366 172 416 218
chair 0.0095 227 168 280 313
chair 0.0093 207 199 237 218
chair 0.0082 338 194 409 224
chair 0.0074 140 182 285 290
chair 0.0070 9 82 38 203
chair 0.0069 334 174 449 227
chair 0.0063 359 159 385 193
chair 0.0059 130 149 165 218
chair 0.0058 327 192 353 236
chair 0.0058 361 187 417 240
chair 0.0049 398 166 433 196
chair 0.0046 1 74 56 215
chair 0.0046 6 81 99 221
chair 0.0045 264 187 296 216
chair 0.0042 153 140 272 220
chair 0.0042 432 183 467 198
chair 0.0041 159 166 209 218
chair 0.0040 157 172 178 218
chair 0.0039 171 157 197 200
chair 0.0037 140 159 180 221
chair 0.0033 128 146 217 214
chair 0.0030 241 177 265 218
chair 0.0029 403 180 434 199
chair 0.0029 317 164 346 236
chair 0.0026 250 127 340 246
chair 0.0026 181 150 223 213
chair 0.0026 344 183 482 251
chair 0.0026 306 160 334 235
chair 0.0025 321 240 347 276
chair 0.0025 336 329 459 371
chair 0.0022 258 169 306 223
chair 0.0021 132 170 154 218
chair 0.0020 176 201 223 219
chair 0.0020 82 17 124 106
chair 0.0020 148 200 186 220
chair 0.0019 262 198 299 220
chair 0.0018 285 180 311 217
chair 0.0018 258 180 308 256
chair 0.0016 88 188 334 344
chair 0.0015 102 46 325 248
chair 0.0013 204 162 238 221
chair 0.0012 233 171 273 228
chair 0.0012 1 211 67 372
chair 0.0012 95 237 383 371
chair 0.0011 316 199 358 272
chair 0.0011 283 163 321 227
chair 0.0011 0 22 24 186
chair 0.0010 297 211 331 286
sofa 0.2790 333 179 495 371
sofa 0.0410 330 180 413 255
sofa 0.0042 -1 200 100 375
sofa 0.0020 1 67 111 380
sofa 0.0019 260 192 329 290
sofa 0.0015 132 215 241 302
sofa 0.0014 88 188 334 344
sofa 0.0013 334 192 365 272
sofa 0.0011 140 182 285 290
pottedplant 0.0389 348 157 371 195
pottedplant 0.0280 330 180 413 255
pottedplant 0.0240 421 162 449 196
pottedplant 0.0150 332 170 373 229
pottedplant 0.0092 366 187 416 207
pottedplant 0.0090 335 190 368 217
pottedplant 0.0081 370 108 413 169
pottedplant 0.0074 341 147 374 205
pottedplant 0.0045 1 67 111 380
pottedplant 0.0042 331 146 493 321
pottedplant 0.0041 141 52 353 244
pottedplant 0.0041 2 -7 123 223
pottedplant 0.0039 71 -2 419 295
pottedplant 0.0038 334 174 449 227
pottedplant 0.0033 362 164 427 203
pottedplant 0.0031 315 61 411 172
pottedplant 0.0029 254 23 408 269
pottedplant 0.0024 306 2 414 211
pottedplant 0.0020 18 12 158 363
pottedplant 0.0019 359 159 385 193
pottedplant 0.0018 261 -3 549 374
pottedplant 0.0017 286 92 376 203
pottedplant 0.0015 250 127 340 246
pottedplant 0.0015 54 36 221 257
pottedplant 0.0012 353 138 372 182
pottedplant 0.0012 371 147 413 173
pottedplant 0.0012 190 137 292 223
pottedplant 0.0011 328 149 428 213
pottedplant 0.0011 405 156 456 200
pottedplant 0.0010 260 192 329 290
pottedplant 0.0010 366 172 416 218
pottedplant 0.0010 10 0 111 127
pottedplant 0.0010 406 181 459 198
pottedplant 0.0010 348 82 435 196
diningtable 0.1610 95 237 383 371
diningtable 0.1279 105 294 371 363
diningtable 0.0311 67 281 493 377
diningtable 0.0176 79 149 491 389
diningtable 0.0113 332 198 498 378
diningtable 0.0071 132 179 351 349
diningtable 0.0064 0 201 114 372
diningtable 0.0050 216 188 289 313
diningtable 0.0037 332 177 467 259
diningtable 0.0031 365 165 421 191
diningtable 0.0030 106 261 335 330
diningtable 0.0026 59 219 215 369
diningtable 0.0024 198 277 368 335
diningtable 0.0011 205 185 449 354
diningtable 0.0011 398 166 433 196
diningtable 0.0010 133 210 274 300
tvmonitor 0.0015 0 89 19 196
