person 0.8913 0 79 62 315
person 0.8114 458 24 497 207
person 0.3371 278 8 363 98
person 0.0300 449 23 487 97
person 0.0283 37 89 57 133
person 0.0260 72 62 96 105
person 0.0203 33 91 72 180
person 0.0187 289 30 393 121
person 0.0132 60 71 78 123
person 0.0103 235 13 361 140
person 0.0100 238 28 268 59
person 0.0093 476 89 499 218
person 0.0091 0 88 47 149
person 0.0085 448 25 483 58
person 0.0084 223 21 425 234
person 0.0075 1 183 58 321
person 0.0073 51 98 83 176
person 0.0068 39 26 171 209
person 0.0065 -1 -12 109 281
person 0.0053 459 35 484 88
person 0.0051 469 22 501 98
person 0.0049 62 48 151 182
person 0.0048 68 55 105 115
person 0.0038 53 59 84 131
person 0.0034 323 30 384 86
person 0.0033 235 40 267 66
person 0.0033 444 59 468 104
person 0.0032 -1 92 25 142
person 0.0029 342 39 372 72
person 0.0029 309 51 369 107
person 0.0029 487 102 501 169
person 0.0028 485 91 501 144
person 0.0026 0 87 27 186
person 0.0026 487 124 501 191
person 0.0023 336 25 378 56
person 0.0023 301 12 370 75
person 0.0023 455 39 493 116
person 0.0022 63 58 100 176
person 0.0022 57 57 78 108
person 0.0021 439 16 500 66
person 0.0020 480 71 499 123
person 0.0019 62 128 81 172
person 0.0019 377 29 418 50
person 0.0017 0 123 25 302
person 0.0017 230 13 294 63
person 0.0017 57 91 76 137
person 0.0017 444 82 470 108
person 0.0016 31 50 71 140
person 0.0015 482 17 500 60
person 0.0013 347 30 401 54
person 0.0012 461 84 486 111
person 0.0012 9 85 41 117
person 0.0012 0 87 28 117
person 0.0011 0 217 24 321
person 0.0011 478 124 499 261
person 0.0010 7 124 81 286
person 0.0010 0 80 47 230
bicycle 0.0107 62 128 81 172
bicycle 0.0028 -1 161 60 318
bicycle 0.0028 476 89 499 218
bicycle 0.0023 444 59 468 104
bicycle 0.0022 68 47 176 184
bicycle 0.0018 366 14 454 108
bicycle 0.0013 487 124 501 191
bicycle 0.0013 444 82 470 108
bicycle 0.0012 43 122 82 180
bicycle 0.0010 36 130 68 177
bicycle 0.0010 442 23 472 55
car 0.0131 377 29 418 50
car 0.0041 0 88 47 149
car 0.0032 238 28 268 59
car 0.0028 182 17 398 159
car 0.0021 182 52 322 140
car 0.0020 31 50 71 140
car 0.0019 448 25 483 58
car 0.0018 365 9 453 119
car 0.0018 440 20 474 103
car 0.0016 57 32 153 144
car 0.0014 -3 49 61 192
car 0.0013 444 59 468 104
car 0.0012 278 8 363 98
car 0.0011 235 40 267 66
car 0.0011 0 -22 62 294
car 0.0010 301 17 415 103
car 0.0010 336 25 378 56
car 0.0010 25 12 168 180
motorbike 0.7266 15 29 481 308
motorbike 0.0386 44 77 314 319
motorbike 0.0116 61 32 204 207
motorbike 0.0104 304 29 411 129
motorbike 0.0088 62 128 81 172
motorbike 0.0086 366 14 454 108
motorbike 0.0084 62 48 151 182
motorbike 0.0066 182 52 322 140
motorbike 0.0061 275 22 439 232
motorbike 0.0058 182 17 398 159
motorbike 0.0055 -1 71 89 325
motorbike 0.0034 477 87 500 258
motorbike 0.0028 343 32 405 81
motorbike 0.0024 151 159 257 226
motorbike 0.0021 366 28 419 92
motorbike 0.0021 377 29 418 50
motorbike 0.0019 0 208 58 332
motorbike 0.0015 39 22 168 319
motorbike 0.0015 43 122 82 180
motorbike 0.0015 286 16 374 136
motorbike 0.0013 78 4 492 193
motorbike 0.0012 51 143 216 323
motorbike 0.0012 25 12 168 180
motorbike 0.0010 460 54 495 209
bus 0.0033 25 12 168 180
bus 0.0015 61 32 204 207
bus 0.0012 57 32 153 144
bus 0.0012 163 2 423 107
bus 0.0010 -1 -12 109 281
chair 0.0073 440 20 474 103
chair 0.0012 442 23 472 55
tvmonitor 0.0034 163 2 423 107
tvmonitor 0.0031 18 0 175 38
tvmonitor 0.0019 231 0 362 88
tvmonitor 0.0015 68 47 176 184
