person 0.0460 102 71 120 107
person 0.0140 183 158 217 184
person 0.0128 13 104 31 139
person 0.0083 103 65 150 105
person 0.0080 2 99 19 139
person 0.0070 166 151 206 177
person 0.0059 208 160 238 193
person 0.0054 224 151 249 177
person 0.0053 221 155 255 188
person 0.0048 217 155 270 228
person 0.0038 179 147 222 172
person 0.0033 102 138 274 238
person 0.0029 201 145 242 169
person 0.0020 305 168 332 202
bicycle 0.0013 305 168 332 202
car 0.9297 110 137 282 239
car 0.2462 101 61 153 111
car 0.0091 102 71 120 107
car 0.0042 118 68 155 104
car 0.0039 70 70 103 93
car 0.0020 108 58 147 79
car 0.0020 57 68 87 90
car 0.0017 217 155 270 228
car 0.0014 58 57 154 112
motorbike 0.0023 101 74 122 111
bus 0.0428 101 61 153 111
bus 0.0030 112 141 267 239
bus 0.0012 69 71 194 129
train 0.0014 101 61 153 111
boat 0.0036 305 168 332 202
boat 0.0014 102 138 274 238
boat 0.0011 101 61 153 111
bird 0.0036 306 171 330 206
bottle 0.0018 102 71 120 107
chair 0.0151 305 168 332 202
chair 0.0010 13 104 31 139
