person 0.0791 399 222 436 261
person 0.0446 397 213 453 266
person 0.0213 35 -7 461 315
person 0.0045 35 28 158 223
person 0.0022 393 205 462 249
person 0.0021 74 35 173 102
person 0.0020 408 211 455 240
person 0.0019 45 142 87 233
person 0.0016 397 213 435 237
car 0.0018 35 -7 461 315
aeroplane 0.0011 394 215 448 265
train 0.0014 35 -7 461 315
bird 0.7147 35 28 158 223
bird 0.0807 47 37 166 121
bird 0.0523 399 222 436 261
bird 0.0342 397 213 453 266
bird 0.0046 45 142 87 233
bird 0.0045 393 205 462 249
bird 0.0044 31 98 104 225
bird 0.0032 408 211 455 240
bird 0.0029 397 213 435 237
cat 0.0335 35 28 158 223
cat 0.0032 397 213 453 266
cat 0.0022 6 -2 348 307
cat 0.0013 399 222 436 261
dog 0.0295 397 213 453 266
dog 0.0014 34 42 163 235
dog 0.0011 399 222 436 261
horse 0.0196 397 213 453 266
horse 0.0015 399 222 436 261
cow 0.0011 397 213 453 266
chair 0.0015 35 -7 461 315
sofa 0.0022 35 -7 461 315
diningtable 0.0015 35 -7 461 315
tvmonitor 0.0026 35 -7 461 315
