person 0.0559 477 167 499 262
person 0.0152 433 79 506 372
person 0.0065 476 66 500 253
person 0.0062 474 170 499 336
person 0.0031 371 53 500 318
person 0.0031 207 -5 514 378
person 0.0028 481 203 499 258
person 0.0022 485 165 500 234
person 0.0021 440 181 500 349
person 0.0020 451 171 501 260
person 0.0020 441 5 498 287
person 0.0017 453 192 485 321
person 0.0012 201 186 232 214
person 0.0011 390 184 492 270
person 0.0010 384 210 494 302
bicycle 0.0016 201 186 232 214
bicycle 0.0012 74 229 94 286
car 0.0037 17 166 50 198
car 0.0031 3 145 55 203
bus 0.0010 3 145 55 203
bird 0.0011 201 186 232 214
bottle 0.0050 453 193 485 355
bottle 0.0017 268 238 295 277
bottle 0.0014 245 218 276 300
bottle 0.0013 474 217 500 373
bottle 0.0011 293 168 313 218
bottle 0.0011 454 228 483 249
chair 0.9407 122 199 207 348
chair 0.3055 100 193 143 310
chair 0.2981 165 176 186 212
chair 0.2635 211 208 346 372
chair 0.2393 346 143 394 240
chair 0.0699 250 194 327 336
chair 0.0696 201 186 232 214
chair 0.0533 230 183 261 216
chair 0.0435 177 201 256 336
chair 0.0425 401 161 431 233
chair 0.0421 204 197 285 347
chair 0.0347 230 304 329 368
chair 0.0339 227 215 256 368
chair 0.0260 476 128 499 267
chair 0.0257 454 135 500 260
chair 0.0232 91 190 126 289
chair 0.0213 246 256 337 368
chair 0.0205 107 196 137 239
chair 0.0171 251 236 300 308
chair 0.0151 126 194 215 275
chair 0.0146 74 229 94 286
chair 0.0136 124 186 291 361
chair 0.0128 482 187 499 251
chair 0.0126 141 207 183 228
chair 0.0119 87 194 176 277
chair 0.0113 163 199 203 223
chair 0.0100 244 226 278 316
chair 0.0099 295 144 380 249
chair 0.0093 266 263 328 316
chair 0.0083 315 156 364 235
chair 0.0078 217 183 440 355
chair 0.0073 241 138 414 312
chair 0.0069 485 165 500 234
chair 0.0069 335 143 381 216
chair 0.0065 279 272 318 307
chair 0.0063 73 172 138 285
chair 0.0063 190 199 222 222
chair 0.0061 203 221 240 334
chair 0.0060 404 157 452 234
chair 0.0060 129 178 157 213
chair 0.0056 342 160 371 204
chair 0.0054 140 204 191 269
chair 0.0053 237 221 274 360
chair 0.0050 395 133 496 246
chair 0.0049 155 162 179 207
chair 0.0048 377 154 417 234
chair 0.0046 142 167 186 220
chair 0.0044 156 198 201 276
chair 0.0042 270 193 327 271
chair 0.0038 133 157 157 206
chair 0.0037 316 128 401 238
chair 0.0037 269 221 477 371
chair 0.0034 156 183 270 270
chair 0.0033 429 154 471 234
chair 0.0033 163 179 201 255
chair 0.0032 163 172 199 220
chair 0.0030 69 194 102 286
chair 0.0027 211 203 272 225
chair 0.0027 216 186 267 241
chair 0.0027 262 273 293 310
chair 0.0026 273 219 325 292
chair 0.0022 198 200 240 221
chair 0.0022 403 162 424 201
chair 0.0022 242 331 322 374
chair 0.0022 454 228 483 249
chair 0.0021 260 280 327 342
chair 0.0021 110 188 142 212
chair 0.0021 277 255 309 296
chair 0.0020 178 177 230 221
chair 0.0020 343 148 438 238
chair 0.0019 96 233 117 281
chair 0.0019 95 191 116 236
chair 0.0018 120 196 162 319
chair 0.0017 105 236 139 274
chair 0.0017 184 198 221 277
chair 0.0016 383 207 411 239
chair 0.0016 96 206 118 259
chair 0.0015 390 184 492 270
chair 0.0014 255 197 306 269
chair 0.0013 312 160 408 272
chair 0.0013 127 200 164 230
chair 0.0012 129 162 168 226
chair 0.0012 255 209 386 315
chair 0.0012 474 170 499 336
chair 0.0012 321 168 346 216
chair 0.0012 183 210 216 338
chair 0.0012 250 342 312 369
chair 0.0011 268 238 295 277
chair 0.0011 267 246 297 296
sofa 0.0018 477 167 499 262
pottedplant 0.0549 230 183 261 216
pottedplant 0.0518 196 184 220 215
pottedplant 0.0178 137 41 213 167
pottedplant 0.0152 196 159 303 231
pottedplant 0.0108 226 145 264 217
pottedplant 0.0099 72 126 139 267
pottedplant 0.0083 90 33 262 256
pottedplant 0.0066 217 67 256 208
pottedplant 0.0057 230 171 279 224
pottedplant 0.0051 27 -8 398 312
pottedplant 0.0044 476 66 500 253
pottedplant 0.0043 256 190 330 278
pottedplant 0.0037 105 120 138 202
pottedplant 0.0037 208 54 239 188
pottedplant 0.0034 190 199 222 222
pottedplant 0.0032 209 130 372 331
pottedplant 0.0031 161 47 256 181
pottedplant 0.0028 85 113 129 205
pottedplant 0.0024 165 176 186 212
pottedplant 0.0023 209 51 274 191
pottedplant 0.0021 104 137 142 261
pottedplant 0.0021 169 81 333 297
pottedplant 0.0020 114 152 136 198
pottedplant 0.0018 107 196 137 239
pottedplant 0.0018 76 197 101 231
pottedplant 0.0017 383 31 494 257
pottedplant 0.0016 232 162 260 195
pottedplant 0.0016 178 177 230 221
pottedplant 0.0015 133 157 157 206
pottedplant 0.0014 183 37 223 165
pottedplant 0.0014 191 182 304 272
pottedplant 0.0013 74 181 101 220
pottedplant 0.0013 238 84 275 154
pottedplant 0.0013 198 200 240 221
pottedplant 0.0013 15 17 178 277
pottedplant 0.0013 148 23 348 201
pottedplant 0.0012 167 163 262 226
pottedplant 0.0012 70 152 106 243
pottedplant 0.0010 242 143 343 250
diningtable 0.1666 332 232 470 290
diningtable 0.1469 306 224 495 373
diningtable 0.0436 184 183 331 364
diningtable 0.0363 177 201 256 336
diningtable 0.0301 204 197 285 347
diningtable 0.0198 213 215 447 370
diningtable 0.0170 156 183 270 270
diningtable 0.0132 198 200 240 221
diningtable 0.0125 340 193 472 278
diningtable 0.0111 126 194 215 275
diningtable 0.0088 211 203 272 225
diningtable 0.0083 384 210 494 302
diningtable 0.0080 113 193 222 354
diningtable 0.0060 196 184 220 215
diningtable 0.0053 305 133 501 319
diningtable 0.0050 250 194 327 336
diningtable 0.0049 390 184 492 270
diningtable 0.0048 190 199 222 222
diningtable 0.0044 396 244 486 375
diningtable 0.0042 107 196 137 239
diningtable 0.0034 163 199 203 223
diningtable 0.0032 141 207 183 228
diningtable 0.0030 124 204 301 375
diningtable 0.0026 100 193 143 310
diningtable 0.0026 316 249 426 364
diningtable 0.0026 473 292 500 367
diningtable 0.0025 165 176 186 212
diningtable 0.0022 369 176 504 366
diningtable 0.0016 87 194 176 277
diningtable 0.0015 255 209 386 315
diningtable 0.0013 212 190 266 278
diningtable 0.0013 222 204 258 313
diningtable 0.0012 193 187 245 240
diningtable 0.0011 167 163 262 226
diningtable 0.0011 358 244 423 261
diningtable 0.0011 227 217 262 248
diningtable 0.0011 454 246 482 376
diningtable 0.0010 230 183 261 216
diningtable 0.0010 233 243 329 365
diningtable 0.0010 194 201 244 270
diningtable 0.0010 178 177 230 221
tvmonitor 0.0015 165 176 186 212
tvmonitor 0.0010 207 -5 514 378
