person 0.6873 1 196 23 248
person 0.6713 458 211 477 267
person 0.3462 358 163 382 193
person 0.0287 459 199 485 227
person 0.0262 396 163 420 192
person 0.0249 387 163 411 193
person 0.0211 483 210 499 263
person 0.0160 349 157 372 190
person 0.0115 85 161 120 179
person 0.0047 69 161 111 181
person 0.0044 48 163 87 185
person 0.0043 11 191 30 243
person 0.0035 436 219 465 258
person 0.0033 472 198 497 266
person 0.0032 473 198 498 232
person 0.0030 419 159 439 199
person 0.0023 129 155 164 177
person 0.0021 1 233 21 266
person 0.0019 294 154 333 174
person 0.0019 4 196 36 265
person 0.0018 354 157 402 196
person 0.0016 9 212 33 252
person 0.0014 67 153 114 174
person 0.0014 53 187 86 212
person 0.0013 0 194 24 304
person 0.0013 428 210 476 262
person 0.0010 0 184 19 218
bicycle 0.0046 2 201 23 256
car 0.0352 456 191 493 214
car 0.0286 459 199 485 227
car 0.0066 473 198 498 232
car 0.0034 436 219 465 258
car 0.0028 3 79 442 299
car 0.0025 456 192 496 250
car 0.0021 456 206 483 266
car 0.0016 483 210 499 263
car 0.0011 455 166 497 226
car 0.0011 1 196 23 248
car 0.0010 428 210 476 262
bus 0.7264 65 66 492 308
bus 0.0081 456 191 493 214
bus 0.0078 -16 0 515 238
bus 0.0069 459 199 485 227
bus 0.0039 456 192 496 250
bus 0.0038 29 145 411 294
bus 0.0036 455 166 497 226
bus 0.0033 473 198 498 232
train 0.0035 456 191 493 214
train 0.0025 455 166 497 226
train 0.0018 456 192 496 250
boat 0.0465 3 79 442 299
tvmonitor 0.0020 42 -77 532 146
