person 0.0094 246 67 268 101
person 0.0037 388 221 422 282
person 0.0030 396 257 422 292
person 0.0020 238 66 256 105
person 0.0018 153 40 173 79
person 0.0017 474 140 498 333
person 0.0014 389 248 433 302
car 0.0014 70 284 102 312
bottle 0.0219 381 216 410 258
bottle 0.0192 393 231 419 277
bottle 0.0176 327 225 354 254
bottle 0.0171 380 234 408 275
bottle 0.0151 193 167 225 231
bottle 0.0128 342 245 371 277
bottle 0.0121 363 252 387 286
bottle 0.0105 226 119 249 160
bottle 0.0088 336 222 363 253
bottle 0.0074 320 239 348 273
bottle 0.0074 395 214 419 261
bottle 0.0050 357 247 389 273
bottle 0.0026 196 213 220 252
bottle 0.0024 259 218 282 248
bottle 0.0022 396 257 422 292
bottle 0.0019 163 195 263 258
bottle 0.0019 95 188 118 240
bottle 0.0019 384 198 429 272
bottle 0.0018 176 149 259 245
bottle 0.0018 379 223 420 281
bottle 0.0017 327 254 354 289
bottle 0.0015 263 233 291 268
bottle 0.0015 203 225 227 254
bottle 0.0013 246 140 269 170
bottle 0.0013 277 233 318 251
bottle 0.0013 72 0 100 38
bottle 0.0013 222 141 248 167
bottle 0.0013 376 255 402 284
bottle 0.0011 244 237 275 263
bottle 0.0011 95 1 119 39
bottle 0.0010 131 40 151 85
bottle 0.0010 210 193 305 252
chair 0.9119 91 231 178 372
chair 0.5239 175 255 259 373
chair 0.2504 157 241 350 374
chair 0.1651 329 187 374 251
chair 0.0894 114 243 214 369
chair 0.0888 112 185 167 247
chair 0.0814 376 202 422 268
chair 0.0658 278 240 318 260
chair 0.0566 167 222 198 251
chair 0.0521 277 233 318 251
chair 0.0439 231 250 359 350
chair 0.0430 327 225 354 254
chair 0.0406 336 222 363 253
chair 0.0340 296 186 339 245
chair 0.0322 381 191 439 249
chair 0.0293 284 196 373 253
chair 0.0277 65 228 105 316
chair 0.0265 337 193 367 238
chair 0.0258 380 234 408 275
chair 0.0219 326 192 411 263
chair 0.0215 296 242 337 262
chair 0.0213 381 216 410 258
chair 0.0200 88 178 176 271
chair 0.0199 393 231 419 277
chair 0.0193 242 242 345 297
chair 0.0182 345 184 399 251
chair 0.0178 185 242 477 366
chair 0.0175 360 184 438 273
chair 0.0167 244 237 275 263
chair 0.0165 300 229 333 253
chair 0.0160 122 201 161 230
chair 0.0136 131 222 163 246
chair 0.0131 406 264 457 289
chair 0.0121 390 260 473 336
chair 0.0111 320 239 348 273
chair 0.0110 231 191 341 248
chair 0.0102 219 238 260 260
chair 0.0092 267 247 382 307
chair 0.0084 259 218 282 248
chair 0.0084 208 285 360 372
chair 0.0081 459 218 487 325
chair 0.0077 317 231 363 284
chair 0.0070 381 199 412 238
chair 0.0069 474 140 498 333
chair 0.0068 226 294 492 369
chair 0.0067 428 280 464 302
chair 0.0062 392 198 431 236
chair 0.0060 183 208 225 257
chair 0.0058 196 213 220 252
chair 0.0054 116 187 222 262
chair 0.0053 395 214 419 261
chair 0.0050 363 252 387 286
chair 0.0050 140 220 191 249
chair 0.0049 181 231 323 290
chair 0.0048 5 31 169 335
chair 0.0048 357 247 389 273
chair 0.0047 458 268 479 311
chair 0.0046 164 209 194 236
chair 0.0046 194 172 224 253
chair 0.0045 87 198 164 319
chair 0.0044 297 262 332 288
chair 0.0044 341 251 368 286
chair 0.0042 316 208 365 261
chair 0.0041 355 243 464 306
chair 0.0040 163 209 205 254
chair 0.0039 324 194 351 245
chair 0.0035 171 239 205 257
chair 0.0035 192 260 240 277
chair 0.0034 357 221 394 253
chair 0.0034 265 270 339 309
chair 0.0033 341 79 478 366
chair 0.0032 399 258 460 302
chair 0.0032 163 195 263 258
chair 0.0031 460 253 483 300
chair 0.0031 460 229 483 271
chair 0.0030 335 188 364 218
chair 0.0029 240 224 286 275
chair 0.0029 76 229 98 276
chair 0.0029 263 233 291 268
chair 0.0029 327 254 354 289
chair 0.0029 459 217 482 256
chair 0.0028 396 257 422 292
chair 0.0028 380 270 456 308
chair 0.0026 255 212 287 237
chair 0.0024 483 242 497 309
chair 0.0024 429 261 471 287
chair 0.0023 263 217 328 259
chair 0.0023 135 185 190 248
chair 0.0023 94 231 155 288
chair 0.0022 269 252 331 301
chair 0.0020 347 233 401 282
chair 0.0018 240 212 349 262
chair 0.0018 423 251 479 305
chair 0.0017 454 253 487 368
chair 0.0017 483 225 498 286
chair 0.0017 172 248 234 302
chair 0.0017 411 281 455 304
chair 0.0016 445 293 498 368
chair 0.0016 108 190 135 243
chair 0.0016 42 227 133 321
sofa 0.0018 436 330 501 374
sofa 0.0018 160 238 419 373
sofa 0.0015 183 232 336 279
pottedplant 0.0258 5 31 169 335
pottedplant 0.0186 196 213 220 252
pottedplant 0.0127 11 201 97 320
pottedplant 0.0102 122 201 161 230
pottedplant 0.0094 112 185 167 247
pottedplant 0.0093 70 284 102 312
pottedplant 0.0081 88 178 176 271
pottedplant 0.0071 43 168 159 282
pottedplant 0.0066 56 284 87 315
pottedplant 0.0051 244 237 275 263
pottedplant 0.0050 65 228 105 316
pottedplant 0.0045 357 247 389 273
pottedplant 0.0041 183 208 225 257
pottedplant 0.0036 380 234 408 275
pottedplant 0.0034 278 240 318 260
pottedplant 0.0029 280 261 327 291
pottedplant 0.0024 269 252 331 301
pottedplant 0.0020 255 217 279 251
pottedplant 0.0020 -1 164 115 364
pottedplant 0.0017 167 222 198 251
pottedplant 0.0016 240 224 286 275
pottedplant 0.0016 242 242 345 297
pottedplant 0.0016 131 222 163 246
pottedplant 0.0015 121 185 162 212
pottedplant 0.0015 81 156 170 241
pottedplant 0.0014 246 261 275 288
pottedplant 0.0014 194 172 224 253
pottedplant 0.0013 108 190 135 243
pottedplant 0.0012 277 233 318 251
pottedplant 0.0011 95 188 118 240
pottedplant 0.0011 231 191 341 248
pottedplant 0.0010 45 208 95 307
pottedplant 0.0010 342 245 371 277
diningtable 0.7838 185 242 477 366
diningtable 0.0746 243 260 407 332
diningtable 0.0623 157 241 350 374
diningtable 0.0551 242 273 471 350
diningtable 0.0515 181 231 323 290
diningtable 0.0463 242 242 345 297
diningtable 0.0256 267 247 382 307
diningtable 0.0192 157 198 411 350
diningtable 0.0063 297 264 489 322
diningtable 0.0041 210 193 305 252
diningtable 0.0041 299 251 448 301
diningtable 0.0036 163 195 263 258
diningtable 0.0028 278 240 318 260
diningtable 0.0028 269 252 331 301
diningtable 0.0024 436 330 501 374
diningtable 0.0023 131 222 163 246
diningtable 0.0022 177 249 225 265
diningtable 0.0020 83 166 500 370
diningtable 0.0014 244 237 275 263
diningtable 0.0014 380 270 456 308
diningtable 0.0011 175 224 230 275
diningtable 0.0011 219 238 260 260
diningtable 0.0010 263 233 291 268
diningtable 0.0010 355 243 464 306
diningtable 0.0010 167 234 276 310
tvmonitor 0.0044 196 171 224 218
tvmonitor 0.0010 202 108 226 144
