person 0.6369 53 7 108 88
person 0.3739 30 26 63 98
person 0.3159 96 22 124 69
person 0.2616 2 66 43 130
person 0.2149 113 20 143 59
person 0.1927 146 14 167 43
person 0.1883 42 9 86 101
person 0.1620 0 29 27 65
person 0.1052 122 18 152 55
person 0.0992 1 26 45 95
person 0.0709 96 17 149 66
person 0.0597 9 25 39 66
person 0.0554 119 14 169 62
person 0.0394 141 17 172 54
person 0.0363 15 37 41 83
person 0.0278 32 27 56 64
person 0.0275 117 13 144 46
person 0.0230 0 64 28 103
person 0.0179 85 21 127 89
person 0.0152 -1 58 36 177
person 0.0083 52 14 151 102
person 0.0076 48 21 72 62
person 0.0054 10 64 42 100
person 0.0043 15 5 39 44
person 0.0041 95 16 121 39
person 0.0039 75 6 184 78
person 0.0028 107 -1 238 66
person 0.0024 7 21 88 103
person 0.0023 0 4 25 39
person 0.0021 138 20 178 98
person 0.0020 40 17 128 141
person 0.0020 68 8 95 41
person 0.0020 213 162 238 194
person 0.0017 151 0 221 43
person 0.0016 73 19 102 60
person 0.0015 -1 65 56 221
person 0.0014 107 3 151 55
person 0.0013 47 9 87 43
person 0.0012 287 54 316 79
person 0.0011 0 16 55 129
person 0.0010 35 59 61 98
bicycle 0.0105 29 90 64 112
bicycle 0.0043 15 37 41 83
bicycle 0.0013 63 22 514 367
car 0.0869 -33 7 456 300
car 0.0581 393 59 499 387
car 0.0204 1 68 44 166
car 0.0175 131 60 503 383
car 0.0126 13 -28 489 195
car 0.0112 29 90 64 112
car 0.0093 180 57 458 183
car 0.0081 46 232 316 370
car 0.0059 -1 65 56 221
car 0.0052 27 28 322 189
car 0.0051 44 11 377 134
car 0.0040 84 7 497 83
car 0.0034 -8 142 436 366
car 0.0027 22 47 240 254
car 0.0026 0 34 55 349
car 0.0025 1 34 27 79
car 0.0025 215 0 258 16
car 0.0023 109 1 311 70
car 0.0022 0 113 31 204
car 0.0021 333 164 475 368
car 0.0021 109 26 317 109
car 0.0020 8 76 40 121
car 0.0020 35 1 106 120
car 0.0020 -1 55 34 120
car 0.0017 0 76 200 367
car 0.0014 -1 27 36 92
car 0.0012 151 0 221 43
car 0.0012 193 66 306 154
car 0.0011 318 62 496 326
car 0.0010 0 131 19 179
car 0.0010 73 13 187 105
car 0.0010 226 -3 288 11
motorbike 0.5180 9 18 485 366
motorbike 0.0106 156 97 419 277
motorbike 0.0092 139 128 490 379
motorbike 0.0089 1 68 44 166
motorbike 0.0059 213 130 387 188
motorbike 0.0044 214 141 365 228
motorbike 0.0028 -20 -27 447 194
motorbike 0.0026 0 113 31 204
motorbike 0.0019 180 57 458 183
motorbike 0.0017 0 131 19 179
motorbike 0.0016 231 84 400 188
motorbike 0.0015 46 232 316 370
motorbike 0.0011 0 120 27 159
motorbike 0.0010 1 26 45 95
aeroplane 0.0017 -17 -4 378 308
bus 0.0017 12 18 484 295
boat 0.0097 131 60 503 383
boat 0.0011 186 160 451 359
chair 0.0175 1 144 103 371
chair 0.0126 46 232 316 370
chair 0.0063 1 163 55 368
chair 0.0047 15 37 41 83
chair 0.0029 41 249 156 359
chair 0.0023 29 90 64 112
chair 0.0015 1 34 27 79
chair 0.0012 0 76 200 367
chair 0.0011 8 76 40 121
chair 0.0011 34 252 72 369
chair 0.0011 33 32 55 90
diningtable 0.0021 0 106 32 135
tvmonitor 0.0018 1 163 55 368
tvmonitor 0.0014 446 105 500 163
