person 0.0815 147 187 165 234
person 0.0517 171 178 193 211
person 0.0478 322 164 352 195
person 0.0459 95 170 113 216
person 0.0274 302 163 339 194
person 0.0139 139 193 160 232
person 0.0120 192 210 210 256
person 0.0106 255 180 278 209
person 0.0097 316 179 361 207
person 0.0094 168 194 199 237
person 0.0083 135 180 156 225
person 0.0077 295 182 343 208
person 0.0067 79 201 101 236
person 0.0047 341 166 363 199
person 0.0047 281 164 316 196
person 0.0038 339 180 365 208
person 0.0035 144 164 170 232
person 0.0033 90 201 116 228
person 0.0026 80 171 96 221
person 0.0026 480 137 498 168
person 0.0020 248 163 271 202
person 0.0018 266 161 292 197
person 0.0015 145 186 179 241
person 0.0014 88 160 117 226
person 0.0014 371 182 388 218
person 0.0014 279 182 322 205
person 0.0012 188 178 209 209
person 0.0010 165 164 199 233
person 0.0010 231 173 249 213
bicycle 0.0016 147 187 165 234
bus 0.9878 119 118 381 267
bus 0.0014 236 124 370 258
train 0.0086 88 113 361 266
train 0.0027 94 159 115 205
train 0.0025 96 145 147 213
train 0.0015 89 147 120 214
train 0.0014 80 145 190 225
train 0.0012 94 134 151 186
diningtable 0.0011 12 204 82 221
