person 0.8035 58 21 74 69
person 0.4605 426 1 472 48
person 0.0986 76 29 100 58
person 0.0391 397 13 497 142
person 0.0292 90 30 119 54
person 0.0275 19 35 63 99
person 0.0190 396 2 487 81
person 0.0150 0 28 20 58
person 0.0118 475 25 500 49
person 0.0101 71 39 96 77
person 0.0098 470 4 501 44
person 0.0094 74 -3 349 317
person 0.0076 27 30 66 57
person 0.0066 103 234 181 362
person 0.0057 20 42 53 77
person 0.0051 438 0 499 47
person 0.0047 15 18 72 73
person 0.0038 68 28 102 91
person 0.0035 433 -3 470 30
person 0.0035 267 80 290 156
person 0.0034 54 16 81 73
person 0.0032 341 4 373 85
person 0.0031 459 0 493 42
person 0.0029 7 34 52 55
person 0.0025 351 4 395 83
person 0.0024 26 49 57 87
person 0.0022 422 0 454 42
person 0.0021 2 244 26 273
person 0.0019 185 7 206 45
person 0.0018 469 -3 501 86
person 0.0017 13 67 54 103
person 0.0012 438 34 500 54
person 0.0012 440 12 498 72
person 0.0011 106 30 137 50
person 0.0010 376 6 399 50
person 0.0010 50 27 85 96
person 0.0010 60 20 105 71
bicycle 0.0256 7 34 52 55
bicycle 0.0149 0 28 20 58
bicycle 0.0076 76 21 291 177
bicycle 0.0048 90 30 119 54
bicycle 0.0041 386 26 496 345
bicycle 0.0034 145 50 349 320
bicycle 0.0033 354 4 502 161
bicycle 0.0033 276 -1 458 149
bicycle 0.0028 351 4 395 83
bicycle 0.0025 76 29 100 58
bicycle 0.0022 102 4 474 372
bicycle 0.0016 315 0 433 87
bicycle 0.0015 281 71 308 97
bicycle 0.0014 27 30 66 57
bicycle 0.0012 284 4 383 82
bicycle 0.0012 470 4 501 44
bicycle 0.0011 398 192 496 325
bicycle 0.0010 67 235 349 368
bicycle 0.0010 99 166 238 362
car 0.2121 231 7 280 35
car 0.1672 7 34 52 55
car 0.0858 116 12 284 71
car 0.0760 0 28 20 58
car 0.0584 354 4 502 161
car 0.0573 234 8 286 70
car 0.0406 76 29 100 58
car 0.0336 76 21 291 177
car 0.0297 27 30 66 57
car 0.0283 186 15 297 63
car 0.0231 267 5 287 38
car 0.0225 90 30 119 54
car 0.0193 98 22 268 95
car 0.0105 396 2 487 81
car 0.0086 426 1 472 48
car 0.0084 119 31 179 48
car 0.0080 278 3 381 78
car 0.0078 58 21 74 69
car 0.0048 234 4 284 20
car 0.0046 195 4 240 39
car 0.0037 196 54 248 77
car 0.0035 15 18 72 73
car 0.0034 226 0 333 85
car 0.0033 430 18 500 142
car 0.0027 184 7 398 65
car 0.0023 276 -1 458 149
car 0.0023 438 34 500 54
car 0.0023 428 39 500 87
car 0.0019 440 12 498 72
car 0.0014 475 25 500 49
car 0.0014 157 6 286 53
car 0.0013 200 19 289 107
car 0.0013 97 23 239 65
car 0.0012 106 30 137 50
car 0.0012 100 79 474 368
car 0.0012 211 8 276 45
car 0.0010 195 3 248 76
motorbike 0.6933 354 4 502 161
motorbike 0.0534 100 79 474 368
motorbike 0.0531 276 -1 458 149
motorbike 0.0131 76 21 291 177
motorbike 0.0130 0 28 20 58
motorbike 0.0092 428 33 500 167
motorbike 0.0082 386 26 496 345
motorbike 0.0077 199 137 449 327
motorbike 0.0069 316 0 420 132
motorbike 0.0058 7 34 52 55
motorbike 0.0058 337 6 488 73
motorbike 0.0057 351 4 395 83
motorbike 0.0052 74 -3 349 317
motorbike 0.0048 116 100 314 348
motorbike 0.0019 281 2 382 119
motorbike 0.0018 275 4 437 80
motorbike 0.0018 364 51 460 152
motorbike 0.0011 90 30 119 54
motorbike 0.0011 430 30 478 50
motorbike 0.0011 428 39 500 87
motorbike 0.0010 371 8 411 72
bus 0.0123 360 14 501 186
bus 0.0059 76 21 291 177
bus 0.0020 106 3 285 82
train 0.0102 94 7 299 154
train 0.0077 98 5 410 366
train 0.0018 145 50 349 320
train 0.0014 229 157 340 286
boat 0.0223 78 5 288 158
boat 0.0099 98 5 410 366
boat 0.0049 188 170 455 344
boat 0.0037 98 10 272 79
boat 0.0021 229 157 340 286
boat 0.0020 145 50 349 320
boat 0.0018 160 246 484 355
boat 0.0012 7 34 52 55
bird 0.0606 103 234 181 362
bird 0.0052 343 173 394 254
bird 0.0035 351 175 394 222
bird 0.0024 2 244 26 273
bird 0.0023 101 243 143 346
bird 0.0016 398 192 496 325
bird 0.0010 99 182 122 221
bird 0.0010 87 241 229 375
cow 0.0010 199 137 449 327
chair 0.3354 18 53 65 105
chair 0.0682 76 21 291 177
chair 0.0400 102 188 174 356
chair 0.0209 86 50 172 173
chair 0.0130 125 200 215 335
chair 0.0121 23 78 89 200
chair 0.0075 281 71 308 97
chair 0.0065 13 67 54 103
chair 0.0061 95 183 130 242
chair 0.0058 12 82 48 107
chair 0.0058 26 49 57 87
chair 0.0054 96 95 254 357
chair 0.0035 303 65 331 98
chair 0.0035 17 81 71 106
chair 0.0032 38 47 89 109
chair 0.0028 125 182 217 277
chair 0.0027 15 65 74 123
chair 0.0027 52 68 77 101
chair 0.0024 0 28 20 58
chair 0.0022 7 34 52 55
chair 0.0020 71 39 96 77
chair 0.0019 131 75 279 166
chair 0.0018 99 182 122 221
chair 0.0017 165 185 237 327
chair 0.0016 165 204 213 251
chair 0.0016 242 51 279 76
chair 0.0016 100 179 180 282
chair 0.0015 107 11 303 293
chair 0.0014 9 36 87 104
chair 0.0012 58 21 74 69
chair 0.0012 76 29 100 58
chair 0.0012 83 67 126 168
chair 0.0011 351 4 395 83
chair 0.0010 12 47 90 155
sofa 0.0034 76 21 291 177
sofa 0.0010 18 53 65 105
pottedplant 0.0232 470 4 501 44
pottedplant 0.0061 260 5 291 80
pottedplant 0.0023 11 235 74 279
pottedplant 0.0018 382 9 435 67
pottedplant 0.0011 76 21 291 177
diningtable 0.0030 98 22 268 95
diningtable 0.0022 7 34 52 55
diningtable 0.0014 76 21 291 177
diningtable 0.0011 131 75 279 166
tvmonitor 0.0085 76 21 291 177
tvmonitor 0.0047 234 168 336 297
