person 0.0995 145 24 281 245
person 0.0453 331 24 382 99
person 0.0221 0 11 54 327
person 0.0179 186 21 260 133
person 0.0160 322 12 396 164
person 0.0139 179 2 319 176
person 0.0111 219 22 301 134
person 0.0106 218 36 259 122
person 0.0105 0 53 27 224
person 0.0099 252 4 402 184
person 0.0089 207 15 377 241
person 0.0076 291 4 383 105
person 0.0070 10 85 180 322
person 0.0055 0 99 22 323
person 0.0053 3 19 104 317
person 0.0048 486 61 499 292
person 0.0048 2 92 41 296
person 0.0046 198 38 282 153
person 0.0039 483 16 499 222
person 0.0033 34 20 228 248
person 0.0030 352 11 391 147
person 0.0029 327 5 493 182
person 0.0027 221 58 299 179
person 0.0027 231 42 279 114
person 0.0025 252 8 341 150
person 0.0023 350 19 452 139
person 0.0020 232 5 324 108
person 0.0019 152 91 224 228
person 0.0019 299 4 331 77
person 0.0018 94 5 259 175
person 0.0018 326 1 420 89
person 0.0015 173 45 267 188
person 0.0015 203 52 247 138
person 0.0014 307 5 367 78
person 0.0013 481 133 500 334
person 0.0012 106 35 255 307
person 0.0012 136 -7 440 342
person 0.0011 492 118 500 198
person 0.0011 345 5 395 84
person 0.0011 144 65 226 168
bicycle 0.0032 147 -2 504 334
car 0.0061 166 32 265 140
car 0.0054 147 -2 504 334
car 0.0021 125 33 220 149
car 0.0020 10 14 341 321
car 0.0015 82 93 193 164
car 0.0010 486 61 499 292
car 0.0010 331 2 483 48
car 0.0010 201 26 289 142
motorbike 0.0010 299 2 418 191
train 0.0011 89 16 417 323
boat 0.0014 486 61 499 292
bird 0.0047 145 107 185 163
bird 0.0046 8 29 183 306
bird 0.0043 83 50 201 151
bird 0.0023 138 41 228 157
bird 0.0021 106 27 258 235
bird 0.0017 4 85 106 327
bird 0.0015 144 105 225 226
bird 0.0014 327 13 496 238
bird 0.0013 86 100 191 172
bird 0.0011 147 50 279 290
bird 0.0011 270 22 441 309
bird 0.0011 141 52 192 151
cat 0.0929 204 29 380 308
cat 0.0732 144 82 276 315
cat 0.0648 89 16 417 323
cat 0.0538 165 54 329 285
cat 0.0054 10 85 180 322
cat 0.0039 179 2 319 176
cat 0.0032 209 82 301 251
cat 0.0029 144 105 225 226
cat 0.0027 106 27 258 235
cat 0.0020 218 36 259 122
cat 0.0019 199 26 281 129
cat 0.0018 230 103 337 239
cat 0.0013 1 78 56 331
dog 0.1397 204 29 380 308
dog 0.0632 147 50 279 290
dog 0.0210 110 87 252 315
dog 0.0206 8 29 183 306
dog 0.0197 259 14 398 233
dog 0.0094 89 16 417 323
dog 0.0080 106 27 258 235
dog 0.0069 165 19 322 244
dog 0.0056 144 105 225 226
dog 0.0045 285 21 384 150
dog 0.0043 282 74 383 190
dog 0.0026 216 0 362 182
dog 0.0025 141 3 286 183
dog 0.0022 314 34 395 200
dog 0.0019 79 114 178 209
dog 0.0018 201 26 289 142
dog 0.0017 350 19 452 139
dog 0.0011 201 -3 519 337
dog 0.0011 4 85 106 327
dog 0.0011 0 99 22 323
dog 0.0010 166 32 265 140
horse 0.0085 145 24 281 245
horse 0.0031 10 14 341 321
horse 0.0012 106 35 255 307
sheep 0.0272 331 24 382 99
sheep 0.0197 299 4 331 77
sheep 0.0129 296 11 381 107
sheep 0.0126 322 15 388 147
sheep 0.0058 29 36 228 305
sheep 0.0058 232 5 324 108
sheep 0.0054 166 32 265 140
sheep 0.0052 82 93 193 164
sheep 0.0050 85 46 194 146
sheep 0.0050 145 24 281 245
sheep 0.0045 307 5 367 78
sheep 0.0035 125 33 220 149
sheep 0.0034 201 26 289 142
sheep 0.0025 271 16 366 141
sheep 0.0025 333 5 407 115
sheep 0.0017 218 36 259 122
sheep 0.0016 341 55 371 98
sheep 0.0013 78 110 177 202
sheep 0.0012 313 36 366 114
sheep 0.0010 231 42 279 114
sheep 0.0010 299 2 418 191
sheep 0.0010 144 65 226 168
cow 0.0032 144 82 276 315
cow 0.0030 296 11 381 107
cow 0.0030 29 36 228 305
cow 0.0026 73 80 183 160
cow 0.0022 201 26 289 142
cow 0.0021 299 4 331 77
cow 0.0017 322 12 396 164
cow 0.0015 166 32 265 140
cow 0.0012 106 27 258 235
cow 0.0011 331 24 382 99
cow 0.0010 141 3 286 183
bottle 0.0023 483 87 499 340
chair 0.0151 383 4 498 327
chair 0.0135 89 16 417 323
chair 0.0123 252 4 402 184
chair 0.0106 481 133 500 334
chair 0.0058 285 21 384 150
chair 0.0037 327 5 493 182
chair 0.0015 350 19 452 139
chair 0.0012 201 -3 519 337
chair 0.0012 322 12 396 164
chair 0.0012 317 198 387 341
chair 0.0011 -2 10 279 322
chair 0.0010 207 15 377 241
diningtable 0.0022 275 77 438 332
diningtable 0.0020 194 52 520 352
tvmonitor 0.0058 10 14 341 321
