person 0.1134 55 149 76 195
person 0.0701 74 154 97 202
person 0.0455 312 221 356 298
person 0.0312 340 219 368 295
person 0.0303 345 220 367 255
person 0.0294 346 227 365 281
person 0.0263 401 242 435 276
person 0.0178 391 242 436 295
person 0.0157 49 155 139 243
person 0.0104 51 156 89 238
person 0.0086 478 186 499 320
person 0.0079 93 159 119 203
person 0.0070 0 199 19 239
person 0.0069 0 175 14 217
person 0.0067 112 172 141 214
person 0.0067 433 129 463 164
person 0.0066 0 216 21 248
person 0.0060 86 158 136 228
person 0.0052 323 217 352 247
person 0.0050 62 156 106 236
person 0.0047 131 62 159 90
person 0.0044 50 196 80 238
person 0.0038 374 240 415 268
person 0.0035 36 200 67 232
person 0.0033 357 238 391 263
person 0.0032 87 207 118 236
person 0.0029 35 220 62 248
person 0.0029 4 204 51 237
person 0.0027 415 250 442 290
person 0.0027 71 144 96 180
person 0.0024 265 225 308 295
person 0.0023 59 220 86 248
person 0.0020 415 76 443 97
person 0.0019 4 186 55 214
person 0.0019 437 250 471 294
person 0.0018 420 118 472 168
person 0.0017 356 226 396 253
person 0.0016 67 201 103 235
person 0.0015 104 162 133 205
person 0.0015 406 209 451 228
person 0.0014 240 144 265 174
person 0.0014 132 95 153 130
person 0.0014 351 224 395 285
person 0.0013 0 179 21 252
person 0.0012 430 113 467 131
person 0.0012 239 230 273 252
person 0.0012 46 192 94 247
person 0.0011 79 157 185 240
person 0.0011 400 232 455 284
person 0.0010 362 232 428 281
person 0.0010 87 217 120 249
person 0.0010 486 221 500 290
person 0.0010 3 217 48 243
person 0.0010 483 245 497 305
bicycle 0.0013 42 52 530 327
car 0.0092 3 217 48 243
car 0.0083 0 190 55 242
car 0.0046 0 199 19 239
car 0.0028 128 258 163 279
car 0.0025 0 216 21 248
car 0.0022 99 257 136 282
car 0.0021 470 161 497 182
car 0.0013 442 206 470 226
car 0.0010 59 220 86 248
aeroplane 0.4716 -26 34 439 273
aeroplane 0.0797 353 155 504 206
aeroplane 0.0580 0 190 55 242
aeroplane 0.0467 361 125 503 187
aeroplane 0.0401 47 183 146 254
aeroplane 0.0291 161 185 250 267
aeroplane 0.0222 71 189 184 261
aeroplane 0.0177 188 83 473 221
aeroplane 0.0175 125 51 510 330
aeroplane 0.0164 123 187 224 265
aeroplane 0.0151 302 139 514 318
aeroplane 0.0142 46 192 94 247
aeroplane 0.0089 0 98 64 210
aeroplane 0.0073 73 206 137 255
aeroplane 0.0068 8 176 110 265
aeroplane 0.0061 87 207 118 236
aeroplane 0.0058 187 194 299 264
aeroplane 0.0058 145 163 260 230
aeroplane 0.0051 87 217 120 249
aeroplane 0.0049 79 157 185 240
aeroplane 0.0047 50 196 80 238
aeroplane 0.0044 6 59 280 232
aeroplane 0.0042 14 -29 477 199
aeroplane 0.0038 285 35 517 181
aeroplane 0.0037 67 201 103 235
aeroplane 0.0036 94 211 157 259
aeroplane 0.0036 81 225 179 297
aeroplane 0.0035 35 100 387 257
aeroplane 0.0028 175 203 232 263
aeroplane 0.0028 93 188 154 242
aeroplane 0.0026 107 154 394 296
aeroplane 0.0026 313 90 502 145
aeroplane 0.0026 4 186 55 214
aeroplane 0.0025 110 210 149 235
aeroplane 0.0024 337 224 467 313
aeroplane 0.0023 131 209 191 274
aeroplane 0.0021 118 228 223 299
aeroplane 0.0021 168 222 261 308
aeroplane 0.0021 94 164 145 222
aeroplane 0.0020 196 232 295 312
aeroplane 0.0019 36 200 67 232
aeroplane 0.0019 356 179 502 252
aeroplane 0.0018 0 109 54 168
aeroplane 0.0017 230 89 352 200
aeroplane 0.0017 0 175 14 217
aeroplane 0.0017 62 156 106 236
aeroplane 0.0016 166 221 194 255
aeroplane 0.0016 193 229 241 286
aeroplane 0.0016 204 236 234 274
aeroplane 0.0015 220 237 250 259
aeroplane 0.0015 51 156 89 238
aeroplane 0.0015 430 113 467 131
aeroplane 0.0015 -4 175 65 258
aeroplane 0.0014 20 190 73 245
aeroplane 0.0014 393 114 506 169
aeroplane 0.0013 66 221 104 250
aeroplane 0.0012 394 144 436 170
aeroplane 0.0012 400 122 466 165
aeroplane 0.0012 0 151 94 245
aeroplane 0.0012 335 75 521 227
aeroplane 0.0011 186 190 246 244
aeroplane 0.0011 184 222 224 246
aeroplane 0.0011 40 141 532 373
aeroplane 0.0011 159 208 203 269
aeroplane 0.0010 387 207 442 228
aeroplane 0.0010 196 200 239 235
aeroplane 0.0010 412 138 455 170
aeroplane 0.0010 181 154 317 227
bus 0.0037 0 190 55 242
train 0.0019 42 52 530 327
train 0.0015 353 155 504 206
train 0.0011 0 190 55 242
train 0.0010 373 209 490 302
boat 0.0043 311 195 505 330
boat 0.0042 353 155 504 206
boat 0.0027 3 217 48 243
boat 0.0025 0 190 55 242
boat 0.0018 337 224 467 313
boat 0.0015 42 52 530 327
boat 0.0012 361 125 503 187
bird 0.0021 310 234 356 301
cow 0.0010 478 186 499 320
bottle 0.0145 289 259 312 295
bottle 0.0110 272 222 312 296
chair 0.0147 0 190 55 242
chair 0.0102 478 186 499 320
chair 0.0094 0 216 21 248
chair 0.0053 193 240 242 305
chair 0.0029 46 192 94 247
chair 0.0025 35 220 62 248
chair 0.0024 168 222 261 308
chair 0.0023 57 204 117 254
chair 0.0021 4 186 55 214
chair 0.0021 0 199 19 239
chair 0.0021 3 217 48 243
chair 0.0020 113 215 149 243
chair 0.0018 66 221 104 250
chair 0.0016 167 186 269 281
chair 0.0016 189 248 217 289
chair 0.0015 30 202 72 262
chair 0.0015 40 235 58 274
chair 0.0013 209 242 262 299
chair 0.0013 187 194 299 264
chair 0.0013 220 237 250 259
chair 0.0012 87 217 120 249
chair 0.0012 36 200 67 232
chair 0.0011 86 253 139 321
chair 0.0010 50 196 80 238
chair 0.0010 196 232 295 312
chair 0.0010 183 225 227 284
diningtable 0.0012 -1 323 106 367
diningtable 0.0011 345 237 483 307
