person 0.0047 -4 2 177 103
person 0.0025 47 93 134 197
person 0.0024 104 -12 392 374
person 0.0013 379 15 497 349
person 0.0012 218 -16 503 377
person 0.0011 481 253 500 395
bicycle 0.0056 129 15 302 350
bicycle 0.0028 12 -21 341 384
bicycle 0.0025 102 -37 482 397
bicycle 0.0024 111 -9 321 147
car 0.0013 -2 -5 190 127
bird 0.8865 375 280 477 360
bird 0.1287 357 275 446 348
bird 0.0077 191 331 218 352
bird 0.0073 408 320 486 360
bird 0.0069 125 56 227 362
bird 0.0022 157 325 207 352
bird 0.0022 22 63 147 309
bird 0.0021 362 273 396 295
bird 0.0013 169 50 336 362
bird 0.0011 380 324 450 352
bird 0.0010 356 295 444 381
dog 0.0068 119 42 302 370
dog 0.0011 164 129 343 373
horse 0.0018 125 56 227 362
horse 0.0011 -4 15 281 411
cow 0.0037 125 56 227 362
chair 0.0175 129 15 302 350
chair 0.0056 1 102 128 414
chair 0.0031 246 25 344 349
chair 0.0017 95 345 405 423
chair 0.0011 60 -5 294 136
chair 0.0010 125 56 227 362
chair 0.0010 189 262 292 350
pottedplant 0.0020 -4 15 281 411
pottedplant 0.0015 1 102 128 414
pottedplant 0.0010 126 -15 313 219
