person 0.8478 166 93 338 260
person 0.0721 198 86 436 251
person 0.0375 291 180 419 247
person 0.0047 172 168 400 253
person 0.0034 226 214 285 264
person 0.0024 127 209 360 266
person 0.0018 138 171 273 264
person 0.0013 63 92 282 251
bicycle 0.0017 116 171 168 188
bicycle 0.0014 142 169 171 191
car 0.0026 45 152 88 171
car 0.0011 116 171 168 188
boat 0.0015 62 180 113 194
cat 0.0012 126 204 272 264
dog 0.2332 126 204 272 264
dog 0.0030 110 231 171 270
dog 0.0017 222 236 262 262
dog 0.0016 185 235 253 261
dog 0.0013 107 115 319 272
horse 0.0257 129 207 273 267
horse 0.0031 133 108 363 273
horse 0.0027 291 180 419 247
sheep 0.0104 129 207 273 267
cow 0.0896 129 207 273 267
cow 0.0227 107 115 319 272
cow 0.0090 138 173 293 260
cow 0.0043 66 178 439 288
cow 0.0011 291 180 419 247
