person 0.2957 3 59 184 379
person 0.1805 0 4 101 379
person 0.1426 218 56 513 384
person 0.0478 3 168 260 369
person 0.0198 225 292 504 367
person 0.0167 242 297 283 363
person 0.0155 169 295 299 368
person 0.0155 256 295 278 335
person 0.0119 323 50 502 306
person 0.0088 -31 -19 303 391
person 0.0025 187 294 392 372
person 0.0018 3 291 134 371
person 0.0017 125 221 353 372
person 0.0015 85 -23 411 398
person 0.0014 126 343 237 386
person 0.0013 50 184 444 403
person 0.0012 135 318 244 376
person 0.0012 163 355 246 373
person 0.0012 189 338 248 365
person 0.0011 247 307 277 349
car 0.0030 150 298 291 365
car 0.0025 154 47 502 394
motorbike 0.0048 3 168 260 369
aeroplane 0.0014 85 -23 411 398
boat 0.0303 56 -30 368 405
boat 0.0271 183 -10 319 387
boat 0.0181 125 221 353 372
boat 0.0164 -14 139 363 383
boat 0.0135 -8 216 265 378
boat 0.0121 140 295 287 372
boat 0.0057 96 282 391 379
boat 0.0012 142 -14 516 387
boat 0.0010 145 283 263 348
bird 0.0045 3 -25 338 400
bird 0.0027 367 48 421 76
bird 0.0027 259 297 282 332
bird 0.0014 326 18 500 303
bird 0.0013 339 69 376 92
bird 0.0012 358 52 398 80
cat 0.2074 323 50 502 306
cat 0.0041 218 56 513 384
dog 0.0157 323 50 502 306
dog 0.0018 218 56 513 384
dog 0.0010 228 295 513 369
horse 0.0039 225 292 504 367
cow 0.0032 225 292 504 367
chair 0.2161 140 295 287 372
chair 0.0204 156 290 287 340
chair 0.0124 259 297 282 332
chair 0.0066 225 292 504 367
chair 0.0060 135 318 244 376
chair 0.0049 169 311 241 358
chair 0.0036 242 297 283 363
chair 0.0029 163 355 246 373
chair 0.0028 172 304 266 325
chair 0.0019 5 299 127 374
chair 0.0017 170 339 238 364
chair 0.0012 100 282 334 381
chair 0.0010 125 221 353 372
sofa 0.0042 368 -3 499 92
sofa 0.0018 228 295 513 369
sofa 0.0015 326 18 500 303
pottedplant 0.0123 378 16 500 115
pottedplant 0.0094 343 34 475 101
pottedplant 0.0012 356 44 435 80
diningtable 0.0189 156 290 287 340
diningtable 0.0075 172 304 266 325
diningtable 0.0051 125 221 353 372
diningtable 0.0029 154 255 320 330
diningtable 0.0023 323 50 502 306
diningtable 0.0023 368 -3 499 92
diningtable 0.0020 142 298 265 367
diningtable 0.0016 142 -14 516 387
diningtable 0.0013 50 184 444 403
