person 0.0203 433 116 456 149
person 0.0090 474 83 496 111
person 0.0071 341 158 358 200
person 0.0033 422 111 446 143
person 0.0020 1 81 23 117
person 0.0017 337 157 362 234
person 0.0014 392 111 420 142
person 0.0011 439 76 459 116
car 0.0061 236 162 280 181
car 0.0019 223 162 260 182
car 0.0013 22 241 250 370
car 0.0010 220 150 254 175
train 0.0362 -1 83 244 291
train 0.0053 5 27 418 347
train 0.0025 25 92 225 189
boat 0.0758 -4 73 220 226
boat 0.0092 5 27 418 347
boat 0.0044 70 232 353 371
boat 0.0028 -4 77 205 146
boat 0.0014 140 85 514 367
boat 0.0011 0 68 111 133
bird 0.0039 419 167 437 199
bird 0.0013 433 116 456 149
cat 0.0013 433 116 456 149
cat 0.0013 419 167 437 199
bottle 0.0452 23 63 42 103
bottle 0.0242 1 81 23 117
bottle 0.0220 17 81 40 115
bottle 0.0066 341 158 358 200
bottle 0.0046 33 67 68 102
bottle 0.0042 31 81 57 110
bottle 0.0035 0 69 24 104
bottle 0.0022 420 165 437 219
bottle 0.0020 414 169 439 249
bottle 0.0018 416 222 440 245
bottle 0.0017 439 76 459 116
bottle 0.0014 0 103 21 126
bottle 0.0011 294 107 327 137
bottle 0.0010 7 60 49 113
chair 0.0147 115 46 142 76
chair 0.0052 77 83 125 103
chair 0.0043 -1 255 87 373
chair 0.0030 106 72 142 98
chair 0.0024 44 81 84 107
chair 0.0021 143 67 175 101
chair 0.0019 87 55 124 78
chair 0.0019 71 73 106 98
chair 0.0016 1 81 23 117
chair 0.0013 31 81 57 110
chair 0.0012 137 66 162 102
chair 0.0012 98 83 148 104
chair 0.0010 121 49 157 72
sofa 0.0015 -1 100 216 343
pottedplant 0.0278 425 117 452 148
pottedplant 0.0248 379 118 404 145
pottedplant 0.0207 382 113 413 141
pottedplant 0.0127 394 112 419 151
pottedplant 0.0111 358 112 392 140
pottedplant 0.0088 459 117 489 156
pottedplant 0.0082 207 150 241 176
pottedplant 0.0080 357 126 397 144
pottedplant 0.0077 414 169 439 249
pottedplant 0.0058 344 112 372 140
pottedplant 0.0048 419 167 437 199
pottedplant 0.0042 220 150 254 175
pottedplant 0.0035 451 113 499 161
pottedplant 0.0031 334 123 378 144
pottedplant 0.0028 369 101 424 147
pottedplant 0.0026 416 222 440 245
pottedplant 0.0018 233 106 283 125
pottedplant 0.0016 433 110 458 145
pottedplant 0.0016 207 157 235 186
pottedplant 0.0011 193 145 243 207
pottedplant 0.0011 223 162 260 182
pottedplant 0.0011 413 112 459 159
pottedplant 0.0010 474 83 496 111
pottedplant 0.0010 1 81 23 117
diningtable 0.0063 227 187 503 350
diningtable 0.0017 3 77 208 124
diningtable 0.0015 77 75 130 100
diningtable 0.0013 0 91 207 198
diningtable 0.0012 45 62 207 107
diningtable 0.0011 106 72 142 98
diningtable 0.0011 115 46 142 76
