person 0.9091 49 200 96 330
person 0.0078 110 196 140 233
person 0.0043 0 224 17 308
person 0.0041 108 246 178 296
person 0.0039 24 218 64 301
person 0.0035 63 189 105 250
person 0.0033 78 238 202 296
person 0.0033 68 188 103 211
person 0.0032 71 196 102 233
person 0.0028 114 180 141 208
person 0.0025 113 161 139 196
person 0.0022 126 173 155 213
person 0.0022 58 186 81 211
person 0.0020 10 178 38 202
person 0.0018 121 196 167 231
person 0.0017 97 173 114 218
person 0.0016 128 161 149 201
person 0.0015 6 204 100 306
person 0.0014 100 191 119 236
person 0.0014 167 195 188 233
person 0.0011 166 159 203 227
person 0.0010 106 269 220 366
person 0.0010 33 256 62 296
bicycle 0.9920 113 293 223 369
bicycle 0.0186 118 296 171 373
bicycle 0.0103 95 257 207 375
bicycle 0.0098 33 256 62 296
bicycle 0.0095 22 232 64 303
bicycle 0.0091 104 240 220 295
bicycle 0.0079 32 288 177 371
bicycle 0.0049 123 325 156 371
bicycle 0.0028 45 202 112 324
bicycle 0.0027 26 245 143 337
bicycle 0.0026 151 315 219 371
bicycle 0.0022 89 276 118 295
bicycle 0.0022 -10 237 208 372
bicycle 0.0020 104 249 151 298
bicycle 0.0019 144 281 192 302
bicycle 0.0019 155 283 207 349
bicycle 0.0018 160 286 208 306
bicycle 0.0018 126 245 187 293
bicycle 0.0013 133 256 195 324
bicycle 0.0013 126 317 157 348
bicycle 0.0011 83 169 260 352
bicycle 0.0011 97 279 151 300
car 0.9878 288 188 419 252
car 0.7110 234 168 260 194
car 0.3823 269 161 320 205
car 0.0339 39 196 100 323
car 0.0295 96 246 197 299
car 0.0258 266 164 292 201
car 0.0187 347 191 397 207
car 0.0160 1 230 60 303
car 0.0123 322 188 390 210
car 0.0104 193 177 215 206
car 0.0091 194 164 217 198
car 0.0049 104 249 151 298
car 0.0044 380 184 411 204
car 0.0043 166 180 189 221
car 0.0034 109 230 180 284
car 0.0032 312 190 363 210
car 0.0029 200 200 225 237
car 0.0028 0 224 17 308
car 0.0024 304 184 333 211
car 0.0020 399 203 422 236
car 0.0020 152 200 179 231
car 0.0019 292 195 375 244
car 0.0017 113 191 231 267
car 0.0015 109 244 208 340
car 0.0015 89 276 118 295
car 0.0012 288 286 461 320
car 0.0012 -3 115 248 312
car 0.0012 395 184 420 204
car 0.0012 100 226 264 282
car 0.0011 167 195 188 233
car 0.0010 416 167 449 188
motorbike 0.0047 39 196 100 323
bus 0.6916 3 114 206 280
bus 0.1308 269 161 320 205
bus 0.0357 234 168 260 194
bus 0.0302 0 135 115 298
bus 0.0088 266 164 292 201
bus 0.0063 39 196 100 323
bus 0.0018 -3 125 188 178
bus 0.0015 -9 146 177 245
bus 0.0014 4 180 124 256
bus 0.0013 -9 93 279 339
bus 0.0010 108 157 143 240
train 0.0567 1 124 219 301
train 0.0014 269 161 320 205
boat 0.0023 269 161 320 205
dog 0.0026 184 286 209 304
dog 0.0018 108 246 178 296
chair 0.0010 110 196 140 233
chair 0.0010 198 198 221 240
pottedplant 0.0660 198 198 221 240
pottedplant 0.0027 167 195 188 233
pottedplant 0.0013 173 192 256 260
pottedplant 0.0012 165 214 187 249
