person 0.2321 197 181 237 252
person 0.1592 365 179 423 223
person 0.1505 318 191 391 237
person 0.1027 226 156 255 193
person 0.0903 140 165 189 220
person 0.0725 222 151 271 201
person 0.0702 246 158 276 198
person 0.0680 341 196 379 228
person 0.0602 231 152 338 229
person 0.0485 261 158 391 233
person 0.0419 224 150 249 179
person 0.0373 315 196 349 230
person 0.0366 197 181 218 220
person 0.0255 245 175 276 207
person 0.0222 307 171 410 229
person 0.0217 366 184 394 218
person 0.0171 15 118 36 160
person 0.0154 228 164 283 217
person 0.0141 219 148 308 212
person 0.0099 289 185 314 212
person 0.0092 142 165 169 200
person 0.0084 254 164 309 219
person 0.0076 291 190 351 237
person 0.0072 259 161 289 196
person 0.0060 262 177 295 209
person 0.0056 218 146 238 175
person 0.0044 292 194 317 225
person 0.0044 162 182 191 220
person 0.0043 229 173 261 207
person 0.0040 161 156 240 237
person 0.0036 238 154 275 177
person 0.0033 201 151 247 208
person 0.0031 137 170 235 257
person 0.0027 300 190 331 216
person 0.0022 214 154 240 195
person 0.0019 305 178 366 228
person 0.0017 208 208 235 251
person 0.0017 164 195 188 224
person 0.0016 376 193 415 223
person 0.0016 342 183 434 240
person 0.0015 320 191 351 219
person 0.0013 198 157 286 232
person 0.0012 184 176 225 232
car 0.0095 197 181 218 220
car 0.0057 140 165 189 220
car 0.0053 245 175 276 207
car 0.0035 164 195 188 224
car 0.0031 142 165 169 200
car 0.0018 137 170 235 257
car 0.0012 162 182 191 220
car 0.0010 315 196 349 230
motorbike 0.0013 164 195 188 224
aeroplane 0.0086 140 165 189 220
aeroplane 0.0072 197 181 237 252
aeroplane 0.0017 137 170 235 257
train 0.0018 140 165 189 220
boat 0.0560 140 165 189 220
boat 0.0091 142 165 169 200
boat 0.0043 137 169 229 264
boat 0.0013 315 196 349 230
bird 0.1009 140 165 189 220
bird 0.1008 246 158 276 198
bird 0.0742 289 185 314 212
bird 0.0670 224 150 249 179
bird 0.0575 226 156 255 193
bird 0.0399 142 165 169 200
bird 0.0390 315 196 349 230
bird 0.0302 225 152 286 204
bird 0.0274 259 161 289 196
bird 0.0265 341 196 379 228
bird 0.0238 197 181 237 252
bird 0.0207 365 179 423 223
bird 0.0195 246 153 308 206
bird 0.0122 318 191 391 237
bird 0.0121 238 154 275 177
bird 0.0116 300 190 331 216
bird 0.0110 245 175 276 207
bird 0.0085 218 146 238 175
bird 0.0071 164 195 188 224
bird 0.0066 292 194 317 225
bird 0.0054 262 177 295 209
bird 0.0048 291 190 351 237
bird 0.0044 162 182 191 220
bird 0.0042 197 181 218 220
bird 0.0033 376 193 415 223
bird 0.0024 320 191 351 219
bird 0.0022 137 170 235 257
bird 0.0019 15 118 36 160
bird 0.0019 259 152 286 178
bird 0.0016 276 169 310 197
bird 0.0016 161 156 240 237
bird 0.0013 208 208 235 251
bird 0.0012 366 184 394 218
bird 0.0011 231 152 338 229
dog 0.0019 365 179 423 223
horse 0.0036 365 179 423 223
horse 0.0012 197 181 237 252
sheep 0.0014 344 188 452 256
bottle 0.0031 315 196 349 230
bottle 0.0023 226 156 255 193
bottle 0.0016 140 165 189 220
bottle 0.0014 197 181 237 252
pottedplant 0.0017 2 86 126 376
pottedplant 0.0010 32 259 141 372
