person 0.7894 258 79 378 373
person 0.6520 146 139 281 370
person 0.0377 139 64 428 383
person 0.0101 478 181 499 370
person 0.0070 482 290 500 370
person 0.0010 487 263 500 326
person 0.0010 489 281 500 351
aeroplane 0.0058 139 64 428 383
aeroplane 0.0010 219 82 374 372
boat 0.0069 139 64 428 383
boat 0.0013 219 82 374 372
dog 0.0011 482 290 500 370
horse 0.0086 139 64 428 383
horse 0.0019 485 302 499 367
horse 0.0011 484 251 500 375
cow 0.0050 482 290 500 370
bottle 0.0041 184 331 215 364
bottle 0.0017 181 326 233 373
chair 0.0015 485 302 499 367
