person 0.0489 337 170 364 198
person 0.0094 88 27 191 124
person 0.0065 305 1 331 30
person 0.0027 108 73 183 100
person 0.0025 0 224 26 318
person 0.0022 84 32 131 135
person 0.0017 140 75 184 98
person 0.0016 442 338 500 365
person 0.0014 0 130 21 343
person 0.0013 435 10 500 357
person 0.0012 -1 55 64 390
person 0.0011 382 120 403 149
person 0.0010 363 4 458 129
person 0.0010 103 53 183 104
car 0.0012 337 170 364 198
bird 0.0011 442 338 500 365
bottle 0.0079 337 170 364 198
bottle 0.0023 305 1 331 30
bottle 0.0021 361 2 387 43
bottle 0.0015 489 72 500 127
bottle 0.0011 475 153 500 351
chair 0.5419 1 85 192 373
chair 0.1856 3 246 201 370
chair 0.1054 0 219 59 369
chair 0.0517 98 133 173 267
chair 0.0354 0 301 50 370
chair 0.0302 -2 63 114 319
chair 0.0189 0 224 26 318
chair 0.0087 17 119 86 283
chair 0.0071 -1 55 64 390
chair 0.0036 107 193 170 268
chair 0.0034 3 32 92 137
chair 0.0030 51 27 205 270
chair 0.0028 -17 226 107 360
chair 0.0020 0 242 33 374
chair 0.0019 153 328 204 372
chair 0.0019 0 130 21 343
chair 0.0017 480 4 499 115
chair 0.0016 486 55 500 115
chair 0.0013 478 145 499 286
chair 0.0011 399 40 501 259
chair 0.0010 453 -2 486 91
chair 0.0010 330 183 495 366
chair 0.0010 489 72 500 127
sofa 0.0020 1 149 196 369
sofa 0.0013 0 224 26 318
sofa 0.0013 0 219 59 369
pottedplant 0.0018 362 3 462 74
diningtable 0.0080 144 -1 503 374
diningtable 0.0020 -2 258 50 368
diningtable 0.0016 10 -17 421 317
diningtable 0.0011 148 114 434 258
tvmonitor 0.8576 88 27 191 124
tvmonitor 0.5413 176 10 317 117
tvmonitor 0.1145 285 13 432 192
tvmonitor 0.0340 150 14 421 130
tvmonitor 0.0091 188 75 310 144
tvmonitor 0.0078 399 40 501 259
tvmonitor 0.0067 3 32 92 137
tvmonitor 0.0061 478 145 499 286
tvmonitor 0.0031 325 0 482 207
tvmonitor 0.0027 435 10 500 357
tvmonitor 0.0025 439 115 498 255
tvmonitor 0.0024 276 56 402 161
tvmonitor 0.0019 305 1 331 30
tvmonitor 0.0017 194 31 444 254
tvmonitor 0.0017 412 68 499 176
tvmonitor 0.0016 414 69 453 174
tvmonitor 0.0015 27 31 178 131
tvmonitor 0.0010 149 12 328 186
