person 0.0109 156 229 185 254
person 0.0089 162 232 188 266
person 0.0065 135 53 154 106
person 0.0051 148 223 192 292
person 0.0029 464 203 485 236
person 0.0021 481 219 500 329
person 0.0015 152 280 173 311
person 0.0015 483 265 500 319
person 0.0014 485 247 499 303
person 0.0013 154 241 203 301
person 0.0012 389 190 411 229
person 0.0010 484 194 499 237
car 0.1062 410 233 500 312
car 0.0050 431 233 499 283
car 0.0047 481 219 500 329
car 0.0034 226 243 287 297
car 0.0027 326 226 486 315
car 0.0023 485 247 499 303
car 0.0013 483 265 500 319
car 0.0013 165 259 194 293
car 0.0012 435 267 499 317
boat 0.0041 42 263 84 288
bird 0.0016 157 231 185 266
bottle 0.0031 152 280 173 311
pottedplant 0.0346 132 321 192 374
pottedplant 0.0213 201 308 302 373
pottedplant 0.0028 119 316 308 374
pottedplant 0.0023 35 2 317 145
pottedplant 0.0021 154 42 252 157
pottedplant 0.0021 157 231 185 266
pottedplant 0.0018 121 300 210 370
pottedplant 0.0016 210 325 279 372
pottedplant 0.0013 148 223 192 292
pottedplant 0.0012 152 280 173 311
pottedplant 0.0012 233 297 415 374
pottedplant 0.0010 200 300 247 357
