person 0.9380 268 93 396 329
person 0.8213 99 31 216 332
person 0.6426 191 71 295 316
person 0.0357 345 117 375 157
person 0.0281 329 95 381 155
person 0.0094 71 76 431 327
person 0.0049 343 102 372 143
person 0.0040 189 104 223 127
person 0.0030 123 85 148 117
person 0.0027 128 223 367 327
person 0.0025 200 70 296 193
person 0.0024 204 109 233 130
person 0.0018 0 96 16 134
person 0.0018 263 99 288 139
person 0.0016 55 76 78 114
person 0.0015 122 27 207 135
person 0.0014 40 52 61 104
person 0.0014 258 82 305 148
person 0.0014 41 86 61 114
person 0.0013 205 62 305 142
person 0.0013 185 86 211 120
person 0.0012 202 71 241 131
person 0.0011 212 77 237 123
person 0.0010 196 66 387 292
bicycle 0.0025 345 117 375 157
car 0.0020 419 105 449 122
car 0.0017 436 101 463 123
dog 0.0040 183 208 265 301
bottle 0.0018 100 239 125 316
chair 0.0307 345 117 375 157
chair 0.0219 355 121 384 158
chair 0.0168 0 96 16 134
chair 0.0078 71 79 97 113
chair 0.0063 185 181 280 311
chair 0.0048 8 110 53 131
chair 0.0045 336 105 382 158
chair 0.0029 7 88 49 114
chair 0.0024 165 223 317 325
chair 0.0024 41 86 61 114
chair 0.0023 277 228 354 328
chair 0.0020 55 76 78 114
chair 0.0019 90 107 123 131
chair 0.0017 54 108 76 139
chair 0.0014 66 110 110 135
chair 0.0012 209 125 285 274
chair 0.0011 26 105 65 128
sofa 0.0011 71 76 431 327
pottedplant 0.5967 114 87 144 116
pottedplant 0.2826 183 208 265 301
pottedplant 0.0509 274 234 354 313
pottedplant 0.0100 165 223 317 325
pottedplant 0.0093 71 79 97 113
pottedplant 0.0080 54 108 76 139
pottedplant 0.0065 55 76 78 114
pottedplant 0.0040 329 95 381 155
pottedplant 0.0032 105 89 147 138
pottedplant 0.0025 0 96 16 134
pottedplant 0.0023 359 184 435 325
pottedplant 0.0018 8 110 53 131
pottedplant 0.0017 88 28 212 331
pottedplant 0.0017 90 107 123 131
pottedplant 0.0015 89 87 124 115
pottedplant 0.0015 283 113 311 151
pottedplant 0.0013 355 121 384 158
pottedplant 0.0013 185 86 211 120
pottedplant 0.0012 345 117 375 157
pottedplant 0.0011 377 224 445 326
diningtable 0.0226 128 223 367 327
diningtable 0.0024 277 228 354 328
diningtable 0.0022 8 110 53 131
diningtable 0.0010 211 212 439 333
tvmonitor 0.0019 40 52 61 104
