person 0.9528 152 20 333 222
person 0.0035 480 196 500 231
person 0.0020 23 74 324 260
person 0.0016 478 192 500 276
person 0.0015 215 107 338 205
person 0.0012 481 109 500 245
car 0.0035 10 123 42 149
boat 0.0023 131 224 288 321
bird 0.0013 480 196 500 231
cat 0.0019 480 196 500 231
bottle 0.0025 137 225 286 319
bottle 0.0017 480 196 500 231
bottle 0.0015 334 174 388 245
chair 0.0439 152 20 333 222
chair 0.0405 332 158 373 184
chair 0.0157 322 159 360 194
chair 0.0121 287 126 374 196
chair 0.0091 285 56 366 196
chair 0.0077 181 91 326 179
chair 0.0075 200 142 310 204
chair 0.0065 255 70 337 200
chair 0.0056 296 116 334 199
chair 0.0049 272 109 315 172
chair 0.0047 310 148 369 197
chair 0.0042 229 124 337 196
chair 0.0037 331 152 375 175
chair 0.0037 155 38 341 134
chair 0.0036 150 77 269 182
chair 0.0035 154 137 271 209
chair 0.0032 277 115 309 157
chair 0.0031 314 237 477 327
chair 0.0029 40 98 459 333
chair 0.0021 481 109 500 245
chair 0.0020 304 151 330 198
chair 0.0016 251 164 426 239
chair 0.0014 243 17 391 220
chair 0.0014 253 143 384 206
chair 0.0014 135 127 309 194
chair 0.0013 199 164 322 217
chair 0.0013 270 80 319 158
chair 0.0013 298 119 324 147
chair 0.0012 135 224 290 322
chair 0.0010 300 134 324 184
chair 0.0010 1 209 18 254
chair 0.0010 121 169 308 232
chair 0.0010 329 133 376 187
sofa 0.0020 20 18 329 172
sofa 0.0013 2 126 191 276
sofa 0.0011 23 74 324 260
pottedplant 0.0021 155 19 339 83
pottedplant 0.0016 155 127 204 184
diningtable 0.7358 -31 181 456 325
diningtable 0.1024 307 168 495 326
diningtable 0.0631 124 212 528 334
diningtable 0.0395 98 186 325 326
diningtable 0.0141 327 177 419 245
diningtable 0.0099 135 224 290 322
diningtable 0.0083 -3 210 205 333
diningtable 0.0077 87 91 490 333
diningtable 0.0054 322 231 472 318
diningtable 0.0025 378 170 499 237
diningtable 0.0024 319 209 429 251
diningtable 0.0023 -3 240 119 326
diningtable 0.0023 120 188 317 238
diningtable 0.0022 -24 148 362 280
diningtable 0.0018 106 151 467 275
diningtable 0.0012 390 189 498 303
