person 0.9253 130 134 236 374
person 0.4074 223 115 350 350
person 0.0441 230 223 336 366
person 0.0157 365 279 454 375
person 0.0152 220 119 260 192
person 0.0072 241 112 346 245
person 0.0065 63 159 208 373
person 0.0050 441 300 500 369
person 0.0017 316 178 344 255
person 0.0016 136 196 158 228
person 0.0013 41 68 379 397
person 0.0011 114 80 299 301
person 0.0010 137 126 191 190
person 0.0010 150 218 355 373
person 0.0010 215 115 314 276
bicycle 0.0735 4 244 100 376
bicycle 0.0287 53 258 149 370
bicycle 0.0134 -2 293 56 369
bicycle 0.0037 18 325 70 375
bicycle 0.0036 24 266 69 356
bicycle 0.0025 13 224 160 373
bicycle 0.0022 41 298 99 370
bicycle 0.0016 51 216 144 326
bicycle 0.0016 1 254 53 332
bicycle 0.0013 0 275 26 356
car 0.0016 275 64 327 91
motorbike 0.0026 4 244 100 376
motorbike 0.0016 130 10 302 202
motorbike 0.0010 157 93 205 155
bird 0.0030 427 180 465 217
bird 0.0010 421 181 449 217
cat 0.0055 365 279 454 375
cat 0.0038 245 190 338 277
cat 0.0017 427 180 465 217
cat 0.0010 230 223 336 366
dog 0.0635 259 195 335 278
dog 0.0596 246 200 336 334
dog 0.0255 258 198 311 259
dog 0.0021 441 300 500 369
dog 0.0019 226 156 345 374
dog 0.0019 365 279 454 375
dog 0.0017 246 119 342 275
dog 0.0016 297 193 338 279
horse 0.0018 365 279 454 375
horse 0.0011 427 180 465 217
bottle 0.0028 475 200 498 231
bottle 0.0020 105 246 144 270
bottle 0.0014 90 266 111 314
bottle 0.0014 313 332 332 373
bottle 0.0013 89 257 112 293
bottle 0.0012 74 253 95 299
bottle 0.0011 53 274 76 305
bottle 0.0010 51 253 77 293
chair 0.0982 217 209 348 370
chair 0.0873 193 341 240 370
chair 0.0343 365 279 454 375
chair 0.0317 323 247 404 365
chair 0.0302 324 226 397 319
chair 0.0140 436 288 499 381
chair 0.0138 155 309 359 372
chair 0.0129 342 209 375 250
chair 0.0121 194 352 236 376
chair 0.0113 107 264 143 369
chair 0.0060 314 222 508 372
chair 0.0049 326 316 373 373
chair 0.0046 435 355 500 376
chair 0.0046 84 253 161 372
chair 0.0037 304 296 338 370
chair 0.0037 284 177 445 364
chair 0.0035 479 281 499 307
chair 0.0033 313 332 332 373
chair 0.0032 355 213 386 249
chair 0.0028 130 134 236 374
chair 0.0024 152 285 240 373
chair 0.0022 399 247 423 285
chair 0.0020 190 299 240 370
chair 0.0017 372 212 504 312
chair 0.0017 339 330 369 371
chair 0.0016 49 208 458 379
chair 0.0016 115 279 163 374
chair 0.0015 247 300 416 371
chair 0.0015 87 265 125 365
chair 0.0014 132 272 370 382
chair 0.0012 373 269 501 356
chair 0.0012 200 317 238 348
chair 0.0012 315 330 349 373
chair 0.0011 378 275 450 322
chair 0.0011 1 254 53 332
chair 0.0010 30 235 71 312
chair 0.0010 317 185 395 285
sofa 0.1090 217 209 348 370
sofa 0.0461 436 288 499 381
sofa 0.0399 365 279 454 375
sofa 0.0242 314 222 508 372
sofa 0.0187 323 247 404 365
sofa 0.0143 84 253 161 372
sofa 0.0081 107 264 143 369
sofa 0.0079 107 133 471 388
sofa 0.0072 324 226 397 319
sofa 0.0065 129 253 231 374
sofa 0.0062 109 214 300 373
sofa 0.0050 373 269 501 356
sofa 0.0049 40 224 226 374
sofa 0.0041 284 177 445 364
sofa 0.0032 199 305 359 370
sofa 0.0027 58 282 205 372
sofa 0.0025 31 282 142 372
sofa 0.0022 435 355 500 376
sofa 0.0016 159 275 401 377
sofa 0.0015 115 279 163 374
sofa 0.0014 130 134 236 374
sofa 0.0014 12 218 414 380
sofa 0.0012 474 259 500 373
pottedplant 0.3736 17 169 82 222
pottedplant 0.2555 38 236 71 277
pottedplant 0.2095 16 163 94 285
pottedplant 0.2034 4 244 100 376
pottedplant 0.1268 71 170 97 219
pottedplant 0.1212 172 1 328 154
pottedplant 0.0790 47 178 78 220
pottedplant 0.0743 197 -1 277 120
pottedplant 0.0667 53 258 149 370
pottedplant 0.0606 34 218 93 283
pottedplant 0.0511 18 169 45 216
pottedplant 0.0332 -2 293 56 369
pottedplant 0.0289 290 145 337 209
pottedplant 0.0281 88 143 125 250
pottedplant 0.0257 211 1 262 89
pottedplant 0.0254 130 10 302 202
pottedplant 0.0251 13 224 160 373
pottedplant 0.0233 30 235 71 312
pottedplant 0.0225 28 175 61 221
pottedplant 0.0220 136 196 158 228
pottedplant 0.0211 23 232 44 276
pottedplant 0.0166 1 254 53 332
pottedplant 0.0163 70 214 95 296
pottedplant 0.0152 69 173 97 257
pottedplant 0.0146 8 232 45 316
pottedplant 0.0139 137 126 191 190
pottedplant 0.0126 38 255 69 283
pottedplant 0.0112 298 155 332 194
pottedplant 0.0108 11 216 89 332
pottedplant 0.0085 74 228 94 278
pottedplant 0.0081 38 180 89 254
pottedplant 0.0071 132 186 160 220
pottedplant 0.0070 107 147 140 250
pottedplant 0.0070 105 246 144 270
pottedplant 0.0068 87 265 125 365
pottedplant 0.0067 59 295 108 371
pottedplant 0.0067 34 221 74 251
pottedplant 0.0066 0 275 26 356
pottedplant 0.0064 280 124 347 273
pottedplant 0.0064 127 165 163 230
pottedplant 0.0058 14 189 45 283
pottedplant 0.0057 18 325 70 375
pottedplant 0.0053 17 315 113 376
pottedplant 0.0051 107 264 143 369
pottedplant 0.0051 50 139 139 244
pottedplant 0.0050 74 253 95 299
pottedplant 0.0045 46 194 76 225
pottedplant 0.0044 73 189 94 234
pottedplant 0.0044 24 266 69 356
pottedplant 0.0043 20 258 45 291
pottedplant 0.0042 114 80 299 301
pottedplant 0.0042 0 278 18 315
pottedplant 0.0041 421 176 469 222
pottedplant 0.0040 23 195 47 228
pottedplant 0.0037 72 213 92 259
pottedplant 0.0037 134 114 224 199
pottedplant 0.0036 0 289 19 335
pottedplant 0.0035 11 274 46 310
pottedplant 0.0034 156 25 344 265
pottedplant 0.0031 112 257 147 286
pottedplant 0.0031 51 216 144 326
pottedplant 0.0030 34 277 65 311
pottedplant 0.0029 4 144 111 323
pottedplant 0.0029 256 39 339 115
pottedplant 0.0029 28 198 65 223
pottedplant 0.0026 0 162 23 314
pottedplant 0.0025 51 253 77 293
pottedplant 0.0025 87 140 172 243
pottedplant 0.0025 38 239 89 305
pottedplant 0.0025 172 39 275 158
pottedplant 0.0020 42 270 94 357
pottedplant 0.0019 103 245 149 299
pottedplant 0.0019 315 159 344 240
pottedplant 0.0018 236 13 276 111
pottedplant 0.0018 119 193 140 243
pottedplant 0.0017 152 61 250 176
pottedplant 0.0017 20 214 42 258
pottedplant 0.0016 152 108 204 167
pottedplant 0.0016 341 198 379 249
pottedplant 0.0016 365 279 454 375
pottedplant 0.0015 27 -4 157 297
pottedplant 0.0015 0 222 21 326
pottedplant 0.0015 28 4 396 374
pottedplant 0.0014 63 159 208 373
pottedplant 0.0014 69 145 103 221
pottedplant 0.0014 84 194 132 270
pottedplant 0.0014 145 156 183 190
pottedplant 0.0014 0 167 65 294
pottedplant 0.0014 92 244 126 271
pottedplant 0.0013 32 159 97 212
pottedplant 0.0013 68 332 105 372
pottedplant 0.0012 0 243 14 302
pottedplant 0.0012 133 132 234 348
pottedplant 0.0011 53 274 76 305
pottedplant 0.0011 87 173 115 222
pottedplant 0.0011 144 144 179 181
pottedplant 0.0010 4 297 45 327
pottedplant 0.0010 475 200 498 231
pottedplant 0.0010 51 68 221 311
diningtable 0.0026 372 212 504 312
diningtable 0.0023 367 202 502 256
diningtable 0.0014 53 258 149 370
diningtable 0.0010 105 246 144 270
tvmonitor 0.0025 256 39 339 115
