person 0.6300 339 79 363 105
person 0.6028 16 47 98 267
person 0.4995 380 36 445 85
person 0.3555 72 64 107 131
person 0.2851 447 77 499 160
person 0.2833 321 76 346 110
person 0.2730 109 60 137 99
person 0.2720 0 56 30 257
person 0.2445 97 59 120 103
person 0.1784 73 63 100 101
person 0.1725 0 67 26 171
person 0.1678 471 57 501 96
person 0.1599 176 3 266 91
person 0.1557 348 55 457 141
person 0.1265 437 80 498 231
person 0.1243 88 64 118 130
person 0.1213 414 41 446 75
person 0.1200 397 39 434 74
person 0.1141 411 62 495 177
person 0.1125 342 69 368 102
person 0.1112 117 41 139 77
person 0.0983 145 71 253 161
person 0.0968 57 48 302 286
person 0.0838 98 46 120 80
person 0.0747 321 67 348 98
person 0.0574 307 77 336 106
person 0.0524 430 172 471 246
person 0.0510 357 66 378 97
person 0.0474 13 78 34 120
person 0.0389 467 59 500 172
person 0.0379 22 48 98 157
person 0.0335 102 11 312 158
person 0.0318 391 57 478 143
person 0.0317 306 66 335 94
person 0.0317 7 71 39 166
person 0.0310 142 50 359 211
person 0.0304 99 59 144 133
person 0.0289 147 41 183 71
person 0.0277 0 71 22 124
person 0.0272 1 62 26 100
person 0.0266 119 29 139 58
person 0.0232 79 22 496 309
person 0.0232 99 48 181 149
person 0.0203 107 70 134 113
person 0.0182 189 54 309 135
person 0.0172 425 78 477 156
person 0.0171 401 29 432 61
person 0.0164 456 61 483 96
person 0.0146 460 78 489 114
person 0.0123 179 1 225 78
person 0.0110 473 81 501 116
person 0.0100 126 42 152 73
person 0.0100 57 54 84 91
person 0.0099 82 76 169 237
person 0.0099 116 47 168 108
person 0.0093 70 45 99 79
person 0.0087 9 65 37 97
person 0.0087 116 50 230 151
person 0.0083 395 60 500 260
person 0.0081 451 171 497 252
person 0.0081 468 103 500 244
person 0.0080 159 21 285 133
person 0.0080 123 59 153 96
person 0.0075 416 124 441 156
person 0.0074 4 93 40 286
person 0.0068 26 58 67 241
person 0.0067 451 57 498 112
person 0.0066 396 49 459 100
person 0.0063 0 181 28 283
person 0.0061 272 71 322 92
person 0.0060 145 34 176 58
person 0.0055 355 28 443 99
person 0.0051 0 87 17 142
person 0.0051 117 3 242 93
person 0.0050 380 33 471 122
person 0.0049 225 72 339 130
person 0.0049 458 105 495 134
person 0.0049 1 126 18 173
person 0.0048 106 36 141 91
person 0.0047 -1 52 34 119
person 0.0045 160 47 193 74
person 0.0043 196 -1 312 115
person 0.0043 48 73 92 158
person 0.0041 384 15 491 87
person 0.0040 437 47 471 74
person 0.0039 44 83 122 227
person 0.0038 69 21 215 240
person 0.0038 135 47 195 107
person 0.0036 390 17 435 69
person 0.0035 378 75 446 123
person 0.0035 52 57 114 170
person 0.0033 136 38 191 84
person 0.0031 474 96 499 136
person 0.0031 437 118 465 155
person 0.0030 -2 50 51 219
person 0.0030 137 7 361 116
person 0.0026 329 76 382 121
person 0.0025 314 72 362 115
person 0.0023 37 53 154 271
person 0.0023 170 17 396 171
bicycle 0.0322 1 85 420 311
bicycle 0.0093 430 172 471 246
bicycle 0.0042 321 76 346 110
bicycle 0.0015 307 77 336 106
bicycle 0.0013 437 118 465 155
bicycle 0.0012 410 146 495 253
car 0.0162 335 70 460 158
car 0.0086 306 66 335 94
car 0.0083 1 62 26 100
car 0.0065 258 72 301 89
car 0.0058 9 65 37 97
car 0.0050 22 48 98 157
car 0.0044 53 49 84 80
car 0.0043 0 59 28 141
car 0.0042 321 67 348 98
car 0.0042 126 42 152 73
car 0.0039 98 46 120 80
car 0.0036 117 41 139 77
car 0.0035 225 72 339 130
car 0.0033 70 45 99 79
car 0.0032 13 78 34 120
car 0.0030 16 22 409 317
car 0.0029 272 71 322 92
car 0.0021 147 41 183 71
car 0.0015 95 41 199 158
car 0.0015 35 40 96 88
car 0.0014 212 76 299 117
car 0.0013 316 47 475 213
car 0.0013 109 60 137 99
car 0.0012 411 62 495 177
car 0.0011 65 58 105 113
car 0.0010 28 32 74 52
motorbike 0.5463 79 22 496 309
motorbike 0.1346 321 76 346 110
motorbike 0.1191 -2 82 369 308
motorbike 0.0180 339 79 363 105
motorbike 0.0158 321 67 348 98
motorbike 0.0126 307 77 336 106
motorbike 0.0101 198 70 450 256
motorbike 0.0081 335 70 460 158
motorbike 0.0078 311 57 482 263
motorbike 0.0049 225 72 339 130
motorbike 0.0036 314 72 362 115
motorbike 0.0033 74 26 275 235
motorbike 0.0033 306 66 335 94
motorbike 0.0029 430 172 471 246
motorbike 0.0027 322 85 433 142
motorbike 0.0025 268 62 381 127
motorbike 0.0024 342 69 368 102
motorbike 0.0022 16 47 98 267
motorbike 0.0021 198 19 455 166
motorbike 0.0017 272 71 322 92
motorbike 0.0013 417 99 495 228
motorbike 0.0013 13 100 194 308
motorbike 0.0012 395 60 500 260
motorbike 0.0012 148 67 249 161
motorbike 0.0011 13 78 34 120
motorbike 0.0010 290 73 342 115
motorbike 0.0010 329 76 382 121
motorbike 0.0010 239 86 410 164
aeroplane 0.0029 79 22 496 309
bus 0.0023 22 48 98 157
bus 0.0015 53 49 84 80
bus 0.0015 35 40 96 88
boat 0.0037 1 85 420 311
dog 0.0027 148 67 249 161
dog 0.0015 430 172 471 246
horse 0.0022 99 48 181 149
horse 0.0017 46 25 450 309
horse 0.0011 430 172 471 246
chair 0.0105 445 99 499 163
chair 0.0103 469 133 500 262
chair 0.0097 437 118 465 155
chair 0.0084 436 141 500 262
chair 0.0064 430 172 471 246
chair 0.0046 384 73 442 96
chair 0.0038 458 105 495 134
chair 0.0031 444 86 499 221
chair 0.0027 425 78 477 156
chair 0.0027 471 195 500 235
chair 0.0026 398 71 461 94
chair 0.0026 360 56 467 149
chair 0.0025 460 78 489 114
chair 0.0024 0 68 28 277
chair 0.0021 451 171 497 252
chair 0.0018 21 71 102 239
chair 0.0018 466 82 500 182
chair 0.0017 472 176 500 209
chair 0.0017 411 62 495 177
chair 0.0015 0 181 28 283
chair 0.0015 472 158 501 199
chair 0.0015 456 61 483 96
chair 0.0015 479 208 500 255
chair 0.0013 435 104 473 133
chair 0.0013 452 43 477 74
chair 0.0012 378 75 446 123
chair 0.0012 474 110 500 162
chair 0.0011 454 113 494 156
chair 0.0010 451 147 496 168
diningtable 0.0030 471 195 500 235
diningtable 0.0023 335 70 460 158
diningtable 0.0013 70 118 505 343
diningtable 0.0012 468 173 500 255
diningtable 0.0010 411 62 495 177
tvmonitor 0.0011 452 43 477 74
