person 0.7399 1 2 64 149
person 0.4329 372 6 496 76
person 0.3089 249 1 313 53
person 0.3003 41 5 79 121
person 0.2004 252 3 399 81
person 0.1425 189 1 250 55
person 0.1209 138 0 184 52
person 0.0919 0 3 24 158
person 0.0696 178 25 213 63
person 0.0629 332 0 456 88
person 0.0422 70 0 106 22
person 0.0360 447 2 496 58
person 0.0305 0 -18 53 316
person 0.0258 234 0 256 49
person 0.0256 312 1 500 135
person 0.0250 79 -1 124 22
person 0.0244 104 0 147 20
person 0.0221 45 0 77 34
person 0.0216 189 4 317 65
person 0.0168 170 0 193 44
person 0.0153 77 8 134 37
person 0.0149 65 7 190 57
person 0.0131 155 0 204 55
person 0.0125 384 3 440 58
person 0.0125 157 20 216 71
person 0.0123 57 12 151 132
person 0.0114 48 6 225 147
person 0.0110 223 -4 446 99
person 0.0108 60 1 117 47
person 0.0104 9 -1 88 98
person 0.0093 118 0 166 21
person 0.0091 169 7 269 71
person 0.0090 123 2 171 37
person 0.0087 215 0 260 53
person 0.0087 103 4 241 63
person 0.0080 298 0 344 22
person 0.0078 8 48 51 142
person 0.0077 92 2 155 48
person 0.0074 -1 44 22 228
person 0.0069 239 7 356 110
person 0.0059 145 0 182 21
person 0.0057 481 0 499 58
person 0.0057 -1 54 14 115
person 0.0054 0 35 20 83
person 0.0043 25 -1 103 154
person 0.0043 60 14 286 206
person 0.0037 28 -2 78 45
person 0.0035 481 28 500 177
person 0.0035 364 6 430 80
person 0.0035 278 -2 430 62
person 0.0032 182 2 213 45
person 0.0031 98 19 152 71
person 0.0029 340 0 381 20
person 0.0027 33 338 167 372
person 0.0024 440 31 497 92
person 0.0023 60 26 111 54
person 0.0020 60 17 111 109
person 0.0019 483 86 500 195
person 0.0018 0 0 52 49
person 0.0017 299 0 344 55
person 0.0017 333 16 383 95
person 0.0017 122 21 239 99
person 0.0017 110 -6 519 382
person 0.0016 1 -6 102 310
person 0.0015 14 8 189 201
person 0.0015 56 23 83 61
person 0.0015 427 0 502 82
person 0.0015 0 82 13 152
person 0.0014 0 264 11 330
person 0.0014 108 26 144 65
person 0.0013 225 13 489 188
person 0.0012 472 -4 500 126
person 0.0012 240 0 272 47
person 0.0011 150 19 179 60
person 0.0011 0 92 32 268
person 0.0011 72 16 138 67
person 0.0010 280 3 315 44
person 0.0010 31 40 53 74
person 0.0010 113 12 170 69
person 0.0010 20 55 67 140
bicycle 0.0037 -3 -9 503 398
bicycle 0.0019 180 307 323 373
bicycle 0.0018 237 331 355 374
bicycle 0.0016 165 302 264 370
bicycle 0.0011 175 328 220 374
car 0.0069 65 7 190 57
car 0.0018 232 0 490 135
car 0.0015 103 4 241 63
car 0.0012 0 120 63 272
motorbike 0.7196 -18 -3 440 395
motorbike 0.0615 315 213 503 371
motorbike 0.0439 115 -4 521 317
motorbike 0.0421 232 0 490 135
motorbike 0.0313 57 12 151 132
motorbike 0.0305 65 7 190 57
motorbike 0.0290 392 235 499 358
motorbike 0.0200 252 3 399 81
motorbike 0.0178 103 4 241 63
motorbike 0.0176 169 4 256 60
motorbike 0.0154 53 9 282 150
motorbike 0.0134 395 322 501 377
motorbike 0.0093 302 92 504 361
motorbike 0.0087 45 17 457 224
motorbike 0.0077 189 4 317 65
motorbike 0.0071 300 13 440 102
motorbike 0.0063 118 32 388 183
motorbike 0.0048 47 126 528 372
motorbike 0.0047 98 19 152 71
motorbike 0.0045 144 31 288 118
motorbike 0.0043 63 34 110 128
motorbike 0.0041 48 28 78 124
motorbike 0.0041 7 35 87 173
motorbike 0.0039 224 22 346 124
motorbike 0.0034 378 11 499 108
motorbike 0.0031 172 24 223 69
motorbike 0.0031 25 -1 103 154
motorbike 0.0030 100 14 226 108
motorbike 0.0029 113 1 179 49
motorbike 0.0029 71 40 180 156
motorbike 0.0022 55 49 129 152
motorbike 0.0021 17 2 182 148
motorbike 0.0021 371 186 497 270
motorbike 0.0021 166 66 271 138
motorbike 0.0019 0 -18 53 316
motorbike 0.0018 113 12 170 69
motorbike 0.0017 237 331 355 374
motorbike 0.0016 -1 130 61 183
motorbike 0.0016 33 338 167 372
motorbike 0.0014 402 294 503 364
motorbike 0.0014 390 60 499 163
motorbike 0.0014 162 26 215 86
motorbike 0.0013 108 26 144 65
motorbike 0.0013 8 32 194 345
motorbike 0.0013 378 144 495 212
motorbike 0.0013 203 30 319 98
motorbike 0.0013 72 16 138 67
motorbike 0.0013 52 29 299 276
motorbike 0.0012 467 234 501 309
motorbike 0.0011 84 111 341 329
motorbike 0.0010 138 5 189 68
motorbike 0.0010 335 4 480 79
motorbike 0.0010 249 1 313 53
motorbike 0.0010 475 131 499 215
motorbike 0.0010 299 8 342 75
motorbike 0.0010 146 1 180 43
motorbike 0.0010 191 215 452 370
bottle 0.0107 33 338 167 372
bottle 0.0044 402 338 503 374
bottle 0.0027 178 336 214 375
bottle 0.0024 201 292 250 370
bottle 0.0016 0 264 11 330
bottle 0.0015 299 8 342 75
bottle 0.0014 323 46 343 86
bottle 0.0011 68 353 145 376
bottle 0.0011 172 291 227 372
chair 0.0101 232 0 490 135
chair 0.0074 447 2 496 58
chair 0.0027 0 264 11 330
chair 0.0022 372 6 496 76
chair 0.0017 442 49 500 107
chair 0.0016 0 195 14 348
chair 0.0016 481 28 500 177
chair 0.0016 302 8 338 38
chair 0.0015 189 1 250 55
chair 0.0013 384 3 440 58
chair 0.0013 442 69 500 128
diningtable 0.0042 33 338 167 372
