person 0.0114 26 151 43 210
person 0.0082 0 123 21 208
person 0.0069 18 129 48 210
person 0.0034 0 156 19 204
person 0.0024 24 146 59 214
person 0.0014 6 87 49 209
person 0.0013 85 26 482 342
person 0.0012 0 19 24 198
bicycle 0.0022 20 141 47 213
car 0.0093 102 81 138 101
car 0.0019 232 108 347 164
car 0.0014 151 77 184 98
car 0.0014 18 111 74 134
car 0.0013 97 82 469 353
car 0.0013 1 111 55 134
car 0.0012 50 107 89 135
car 0.0011 25 93 72 121
cat 0.2277 97 82 469 353
dog 0.9512 83 87 426 338
dog 0.0154 177 155 470 347
dog 0.0024 18 129 48 210
dog 0.0020 38 232 466 351
horse 0.0029 85 26 482 342
cow 0.0015 85 26 482 342
chair 0.0078 97 82 469 353
chair 0.0024 0 78 22 216
chair 0.0015 0 138 17 199
sofa 0.0103 102 123 467 360
sofa 0.0025 38 232 466 351
diningtable 0.0015 -23 239 375 351
