person 0.2711 2 102 416 320
person 0.0857 165 112 268 221
person 0.0471 77 111 339 242
person 0.0025 184 163 318 245
person 0.0025 201 109 445 311
person 0.0025 51 231 450 327
person 0.0019 86 158 242 226
chair 0.0057 264 186 330 248
chair 0.0045 51 231 450 327
chair 0.0027 143 164 297 230
chair 0.0025 -5 143 365 328
chair 0.0019 174 155 196 193
chair 0.0018 165 112 268 221
chair 0.0011 235 192 340 273
sofa 0.0165 -3 144 425 316
sofa 0.0083 51 231 450 327
sofa 0.0010 276 256 451 324
diningtable 0.0014 276 256 451 324
