person 0.0291 124 282 157 306
person 0.0267 132 264 155 299
person 0.0069 432 287 467 317
person 0.0069 415 288 450 315
person 0.0039 187 228 210 249
person 0.0034 442 293 474 335
person 0.0033 0 260 27 286
person 0.0026 390 284 429 316
person 0.0025 276 269 316 291
person 0.0019 32 183 135 295
person 0.0016 111 263 139 284
person 0.0015 381 261 409 284
person 0.0010 111 291 148 309
person 0.0010 200 284 242 316
bicycle 0.0294 331 271 476 324
bicycle 0.0227 384 283 414 318
bicycle 0.0135 382 277 444 319
bicycle 0.0024 290 266 434 314
bicycle 0.0012 381 297 418 320
car 0.0106 339 269 380 286
car 0.0060 0 260 27 286
car 0.0043 314 269 352 288
car 0.0022 432 287 467 317
car 0.0022 415 288 450 315
car 0.0013 449 288 481 314
car 0.0011 331 271 476 324
car 0.0011 299 271 338 291
motorbike 0.0023 390 284 429 316
aeroplane 0.3096 33 118 473 310
aeroplane 0.1941 0 182 114 292
aeroplane 0.0749 77 166 509 275
aeroplane 0.0416 0 260 27 286
aeroplane 0.0406 -1 229 52 284
aeroplane 0.0362 35 167 316 306
aeroplane 0.0182 0 245 30 282
aeroplane 0.0157 18 226 76 282
aeroplane 0.0155 76 229 498 324
aeroplane 0.0138 77 186 199 295
aeroplane 0.0125 178 204 488 277
aeroplane 0.0118 331 271 476 324
aeroplane 0.0082 -5 202 75 306
aeroplane 0.0059 290 266 434 314
aeroplane 0.0054 0 203 34 280
aeroplane 0.0052 40 266 96 287
aeroplane 0.0050 27 266 66 289
aeroplane 0.0048 -8 265 127 313
aeroplane 0.0048 439 250 491 306
aeroplane 0.0042 -1 225 32 256
aeroplane 0.0033 177 171 457 228
aeroplane 0.0033 146 193 265 288
aeroplane 0.0029 168 198 339 286
aeroplane 0.0028 478 261 499 294
aeroplane 0.0025 314 288 438 337
aeroplane 0.0025 56 264 114 283
aeroplane 0.0021 0 246 97 304
aeroplane 0.0020 102 260 399 317
aeroplane 0.0018 33 172 134 277
aeroplane 0.0018 60 190 116 245
aeroplane 0.0017 127 184 283 250
aeroplane 0.0015 29 217 133 289
aeroplane 0.0015 0 139 191 298
aeroplane 0.0014 53 229 117 282
aeroplane 0.0014 66 247 110 278
aeroplane 0.0014 112 170 234 268
aeroplane 0.0014 184 202 223 230
aeroplane 0.0013 30 185 93 245
aeroplane 0.0013 132 264 155 299
aeroplane 0.0012 31 181 62 220
aeroplane 0.0012 124 282 157 306
aeroplane 0.0011 -1 168 67 279
aeroplane 0.0011 85 244 127 278
aeroplane 0.0011 162 193 195 231
aeroplane 0.0011 133 260 288 311
bus 0.0053 0 260 27 286
bus 0.0013 0 245 30 282
boat 0.0011 75 179 507 295
boat 0.0011 178 204 488 277
chair 0.0222 452 298 479 334
chair 0.0066 431 287 479 337
chair 0.0031 415 288 450 315
chair 0.0030 390 284 429 316
chair 0.0014 382 277 444 319
chair 0.0013 381 297 418 320
chair 0.0012 124 282 157 306
chair 0.0011 331 271 476 324
