person 0.9803 126 60 268 364
person 0.0167 306 80 496 373
person 0.0080 150 0 179 91
person 0.0067 444 138 500 290
person 0.0044 450 163 486 185
person 0.0037 298 16 339 43
person 0.0034 341 0 380 51
person 0.0025 99 5 181 117
person 0.0022 452 170 499 261
person 0.0019 89 71 401 365
person 0.0018 428 10 500 117
person 0.0016 433 64 503 312
person 0.0016 235 17 270 42
person 0.0015 122 2 174 79
person 0.0013 341 101 371 140
person 0.0013 49 0 72 88
person 0.0012 127 19 152 59
person 0.0011 336 91 384 147
person 0.0011 130 4 157 52
person 0.0010 488 91 500 152
person 0.0010 487 116 499 167
bicycle 0.2220 251 162 342 279
bicycle 0.0088 266 189 337 248
bicycle 0.0072 150 0 179 91
bicycle 0.0059 221 99 353 283
bicycle 0.0031 112 2 181 94
bicycle 0.0027 253 162 305 230
bicycle 0.0025 247 153 314 203
bicycle 0.0016 143 59 357 323
bicycle 0.0016 240 130 347 234
bicycle 0.0016 120 1 171 57
car 0.0174 450 163 486 185
car 0.0056 317 76 498 205
car 0.0016 82 40 413 347
car 0.0012 294 25 334 45
car 0.0011 373 143 406 165
car 0.0010 447 135 502 187
motorbike 0.0052 251 162 342 279
bus 0.0014 343 84 490 185
train 0.0041 338 84 493 185
boat 0.0021 343 84 490 185
bottle 0.0111 345 2 376 47
bottle 0.0036 487 116 499 167
bottle 0.0015 488 91 500 152
bottle 0.0011 273 156 311 188
bottle 0.0011 452 143 499 260
chair 0.0105 108 3 183 110
chair 0.0099 150 0 179 91
chair 0.0029 428 10 500 117
chair 0.0029 122 2 174 79
chair 0.0023 438 0 498 52
chair 0.0022 241 138 286 165
chair 0.0019 127 46 269 356
chair 0.0019 365 3 449 77
chair 0.0018 235 17 270 42
chair 0.0010 477 1 499 39
chair 0.0010 52 0 122 132
chair 0.0010 251 162 342 279
sofa 0.0017 127 46 269 356
sofa 0.0017 452 170 499 261
sofa 0.0014 439 110 500 357
pottedplant 0.1509 452 170 499 261
pottedplant 0.0778 444 138 500 290
pottedplant 0.0205 298 16 339 43
pottedplant 0.0057 470 169 500 296
pottedplant 0.0057 285 7 351 47
pottedplant 0.0055 268 0 390 53
pottedplant 0.0049 450 163 486 185
pottedplant 0.0036 341 0 380 51
pottedplant 0.0033 396 82 498 372
pottedplant 0.0033 454 216 484 255
pottedplant 0.0033 363 87 493 181
pottedplant 0.0027 433 64 503 312
pottedplant 0.0024 439 177 499 365
pottedplant 0.0023 484 132 499 181
pottedplant 0.0021 484 183 499 243
pottedplant 0.0018 487 116 499 167
pottedplant 0.0012 447 135 502 187
pottedplant 0.0011 474 126 499 235
pottedplant 0.0010 481 84 500 197
diningtable 0.0033 306 80 496 373
diningtable 0.0014 191 2 461 148
diningtable 0.0013 170 0 333 51
tvmonitor 0.0013 127 46 269 356
