person 0.0387 70 7 508 320
person 0.0333 395 134 428 166
person 0.0062 386 123 415 158
person 0.0051 58 2 229 177
person 0.0045 0 -18 438 208
person 0.0031 349 215 469 280
person 0.0027 385 118 432 168
person 0.0017 86 39 185 157
person 0.0014 97 74 238 169
person 0.0013 74 7 356 169
person 0.0011 227 174 497 308
bicycle 0.0012 88 69 190 167
car 0.0092 477 82 499 119
car 0.0061 476 97 500 135
car 0.0058 473 73 500 167
car 0.0053 473 123 500 159
car 0.0018 81 70 496 334
car 0.0014 5 -9 429 270
boat 0.0034 81 70 496 334
bird 0.0481 161 133 401 290
bird 0.0102 349 215 469 280
bird 0.0044 70 7 508 320
bird 0.0020 239 201 285 259
bird 0.0014 233 203 369 287
bird 0.0011 309 15 498 298
cat 0.0392 132 133 361 296
cat 0.0331 349 215 469 280
cat 0.0107 75 -1 504 261
cat 0.0087 250 186 379 287
cat 0.0033 212 -2 498 194
cat 0.0027 220 196 347 275
cat 0.0020 60 230 376 331
cat 0.0019 242 203 313 260
cat 0.0015 205 126 436 294
cat 0.0012 373 10 500 260
cat 0.0012 145 211 371 294
dog 0.6045 132 133 361 296
dog 0.1323 75 -1 504 261
dog 0.0647 349 215 469 280
dog 0.0113 174 -7 476 186
dog 0.0064 237 193 367 279
dog 0.0054 93 37 400 218
dog 0.0053 309 15 498 298
dog 0.0041 43 2 469 112
dog 0.0033 205 126 436 294
dog 0.0024 183 132 313 216
dog 0.0014 60 230 376 331
dog 0.0012 239 201 285 259
dog 0.0010 253 208 474 284
horse 0.0084 349 215 469 280
horse 0.0071 75 -1 504 261
sheep 0.0063 349 215 469 280
cow 0.0127 48 -6 462 202
cow 0.0024 349 215 469 280
bottle 0.0056 349 215 469 280
chair 0.4317 -2 61 109 173
chair 0.0043 386 123 415 158
chair 0.0039 88 69 190 167
chair 0.0036 75 -1 504 261
chair 0.0023 395 134 428 166
chair 0.0016 174 -7 476 186
chair 0.0015 60 230 376 331
chair 0.0012 58 2 229 177
chair 0.0010 104 57 224 144
sofa 0.1265 -2 61 109 173
sofa 0.0074 81 70 496 334
sofa 0.0013 4 -1 192 179
sofa 0.0012 -10 79 125 249
pottedplant 0.0039 395 127 425 163
pottedplant 0.0018 64 160 95 178
pottedplant 0.0010 75 -1 504 261
diningtable 0.0073 -2 63 109 170
diningtable 0.0022 81 70 496 334
tvmonitor 0.0050 484 0 500 39
