person 0.9276 67 -1 103 99
person 0.9212 88 -2 174 190
person 0.8711 -1 -4 46 212
person 0.8505 394 -16 499 407
person 0.7267 162 2 201 82
person 0.4930 384 2 436 74
person 0.2465 186 -2 208 37
person 0.1746 175 5 257 85
person 0.1611 298 1 324 81
person 0.1415 404 1 490 80
person 0.1277 32 10 71 68
person 0.1275 250 3 301 75
person 0.0952 3 4 46 90
person 0.0916 36 6 67 47
person 0.0899 396 1 429 40
person 0.0872 257 4 294 39
person 0.0808 475 0 499 42
person 0.0804 458 2 484 47
person 0.0782 179 -2 211 83
person 0.0673 446 0 495 53
person 0.0491 301 2 323 45
person 0.0471 248 2 273 43
person 0.0451 300 13 423 219
person 0.0363 155 0 182 40
person 0.0336 166 2 199 41
person 0.0316 150 -1 181 21
person 0.0310 410 0 459 52
person 0.0301 316 35 432 99
person 0.0290 342 1 440 85
person 0.0280 19 1 42 41
person 0.0253 31 21 62 98
person 0.0243 326 -3 472 294
person 0.0241 319 2 346 43
person 0.0220 241 4 335 81
person 0.0214 142 1 204 135
person 0.0206 423 0 478 56
person 0.0186 291 1 318 40
person 0.0179 304 0 331 21
person 0.0178 71 2 94 48
person 0.0177 420 31 472 83
person 0.0157 416 50 452 79
person 0.0154 79 0 118 86
person 0.0142 57 0 134 95
person 0.0139 290 -15 506 397
person 0.0131 85 0 173 87
person 0.0126 427 43 461 74
person 0.0121 372 5 453 113
person 0.0116 408 20 496 183
person 0.0110 87 0 111 39
person 0.0109 0 72 22 287
person 0.0103 243 1 290 51
person 0.0097 439 24 468 61
person 0.0090 0 89 24 188
person 0.0088 452 20 481 52
person 0.0082 441 1 464 50
person 0.0080 284 0 311 19
person 0.0080 292 14 314 72
person 0.0066 164 -2 202 23
person 0.0063 1 12 27 109
person 0.0062 391 28 431 58
person 0.0060 431 5 501 133
person 0.0056 119 -3 226 200
person 0.0055 281 0 323 56
person 0.0054 86 0 116 20
person 0.0054 151 49 202 151
person 0.0046 379 139 413 209
person 0.0043 213 0 258 58
person 0.0041 3 76 43 197
person 0.0041 128 0 169 17
person 0.0040 316 1 347 74
person 0.0038 16 17 42 61
person 0.0038 16 -2 40 25
person 0.0037 321 21 346 67
person 0.0034 0 34 15 84
person 0.0033 187 15 295 107
person 0.0031 317 0 346 24
person 0.0030 380 4 413 41
person 0.0030 142 45 184 113
person 0.0028 261 1 298 20
person 0.0026 228 1 258 44
person 0.0025 0 16 19 68
person 0.0025 403 0 427 24
person 0.0025 355 2 384 44
person 0.0024 389 21 436 140
person 0.0024 480 18 499 57
person 0.0024 2 2 27 43
person 0.0023 46 24 73 61
person 0.0023 33 57 54 98
person 0.0022 279 0 367 86
person 0.0022 85 -2 485 315
person 0.0022 286 7 323 108
person 0.0020 347 0 374 49
person 0.0020 122 55 171 105
person 0.0019 248 17 272 67
person 0.0019 202 0 229 39
person 0.0018 0 98 24 141
person 0.0018 123 2 170 73
person 0.0017 475 4 499 79
person 0.0016 261 25 296 70
person 0.0015 0 61 23 101
bicycle 0.0360 321 21 346 67
bicycle 0.0090 316 1 347 74
bicycle 0.0076 319 2 346 43
bicycle 0.0054 35 19 68 63
bicycle 0.0052 46 24 73 61
bicycle 0.0039 259 39 295 75
bicycle 0.0022 298 1 324 81
bicycle 0.0012 33 57 54 98
bicycle 0.0012 319 37 343 76
car 0.0080 139 7 307 207
car 0.0034 300 13 423 219
car 0.0022 157 63 279 173
car 0.0014 86 0 116 20
car 0.0012 85 -2 485 315
car 0.0010 35 19 68 63
motorbike 0.6202 79 4 489 360
motorbike 0.0783 295 4 424 271
motorbike 0.0676 250 3 301 75
motorbike 0.0285 321 21 346 67
motorbike 0.0267 298 1 324 81
motorbike 0.0188 316 1 347 74
motorbike 0.0175 241 4 335 81
motorbike 0.0152 259 39 295 75
motorbike 0.0090 139 7 307 207
motorbike 0.0070 46 24 73 61
motorbike 0.0052 186 3 297 88
motorbike 0.0047 379 139 413 209
motorbike 0.0046 35 19 68 63
motorbike 0.0044 292 14 314 72
motorbike 0.0039 138 34 206 181
motorbike 0.0031 319 2 346 43
motorbike 0.0030 279 0 367 86
motorbike 0.0025 157 63 279 173
motorbike 0.0025 286 7 323 108
motorbike 0.0024 108 197 246 380
motorbike 0.0020 306 34 325 86
motorbike 0.0019 297 52 410 189
motorbike 0.0018 47 -34 385 268
motorbike 0.0016 305 27 415 105
motorbike 0.0012 290 -15 506 397
motorbike 0.0012 309 15 352 99
motorbike 0.0011 319 37 343 76
motorbike 0.0011 291 1 318 40
motorbike 0.0010 107 155 395 361
chair 0.0447 321 21 346 67
chair 0.0417 319 2 346 43
chair 0.0348 300 13 423 219
chair 0.0281 316 1 347 74
chair 0.0278 399 65 435 145
chair 0.0188 0 106 18 369
chair 0.0110 427 43 461 74
chair 0.0088 391 28 431 58
chair 0.0088 319 39 426 119
chair 0.0069 389 21 436 140
chair 0.0069 35 19 68 63
chair 0.0067 439 24 468 61
chair 0.0054 475 0 499 42
chair 0.0049 441 1 464 50
chair 0.0048 257 4 294 39
chair 0.0045 384 2 436 74
chair 0.0042 416 50 452 79
chair 0.0038 33 57 54 98
chair 0.0034 407 94 429 143
chair 0.0033 407 76 433 124
chair 0.0031 342 47 408 103
chair 0.0029 343 33 434 168
chair 0.0028 301 7 321 73
chair 0.0028 351 11 439 114
chair 0.0028 46 24 73 61
chair 0.0027 0 176 11 258
chair 0.0025 400 35 434 77
chair 0.0024 410 0 459 52
chair 0.0024 421 6 478 75
chair 0.0024 368 37 427 95
chair 0.0023 250 3 301 75
chair 0.0020 402 29 492 184
chair 0.0020 483 288 499 376
chair 0.0020 375 30 422 52
chair 0.0018 315 -16 480 251
chair 0.0018 291 1 318 40
chair 0.0017 3 314 79 364
chair 0.0016 33 43 55 81
chair 0.0015 347 0 374 49
chair 0.0015 458 2 484 47
chair 0.0014 301 2 323 45
chair 0.0011 342 31 371 57
chair 0.0010 0 252 88 371
chair 0.0010 292 14 314 72
chair 0.0010 446 0 495 53
chair 0.0010 212 53 258 77
chair 0.0010 0 153 17 197
sofa 0.0037 302 38 418 175
sofa 0.0010 315 -16 480 251
diningtable 0.0153 416 50 452 79
diningtable 0.0053 427 43 461 74
diningtable 0.0024 2 314 82 375
diningtable 0.0023 414 62 446 86
diningtable 0.0019 0 139 19 370
diningtable 0.0016 439 24 468 61
