person 0.0066 1 275 48 353
person 0.0060 409 89 495 183
person 0.0021 0 169 19 342
person 0.0012 386 75 495 319
car 0.0332 388 67 493 368
car 0.0039 3 3 127 40
car 0.0023 235 -9 486 326
car 0.0015 27 6 110 30
car 0.0010 409 87 493 192
bus 0.0228 388 67 493 368
bus 0.0013 94 -12 486 329
train 0.0067 386 75 495 319
train 0.0017 316 39 492 339
cat 0.0131 1 275 48 353
dog 0.0018 1 275 48 353
bottle 0.1102 265 0 413 232
bottle 0.0253 108 -10 245 316
bottle 0.0118 243 71 410 369
bottle 0.0090 57 -44 444 412
bottle 0.0077 119 113 274 344
bottle 0.0055 176 4 318 353
bottle 0.0026 235 -9 486 326
bottle 0.0026 1 275 48 353
chair 0.0170 388 67 493 368
chair 0.0147 9 164 118 263
chair 0.0034 2 1 129 290
chair 0.0025 1 275 48 353
chair 0.0022 4 128 128 329
sofa 0.0026 1 275 48 353
pottedplant 0.0021 1 275 48 353
diningtable 0.0437 -23 213 447 382
diningtable 0.0130 51 236 314 369
diningtable 0.0088 8 263 110 352
diningtable 0.0064 57 -44 444 412
diningtable 0.0046 2 224 178 379
diningtable 0.0045 64 290 511 370
diningtable 0.0037 198 236 455 369
diningtable 0.0014 112 293 292 366
diningtable 0.0014 264 298 403 359
