person 0.0361 84 21 485 317
person 0.0149 294 94 506 317
person 0.0092 66 45 348 204
person 0.0069 254 3 477 92
person 0.0047 77 11 417 163
person 0.0036 0 3 128 330
person 0.0011 4 -9 290 336
car 0.0039 143 11 498 321
cat 0.2401 84 21 485 317
cat 0.0289 110 64 394 267
cat 0.0215 294 94 506 317
cat 0.0077 225 81 425 315
cat 0.0055 66 45 348 204
cat 0.0011 77 11 417 163
dog 0.2520 55 16 449 319
dog 0.0095 110 64 394 267
dog 0.0060 294 94 506 317
dog 0.0059 66 45 348 204
dog 0.0011 126 142 511 325
sheep 0.0010 294 94 506 317
chair 0.0398 -1 141 113 331
chair 0.0278 55 16 449 319
chair 0.0052 254 3 477 92
chair 0.0019 301 22 499 320
chair 0.0018 103 38 395 209
chair 0.0017 67 6 348 117
chair 0.0014 384 229 500 324
chair 0.0011 -1 214 72 320
sofa 0.1647 55 16 449 319
sofa 0.0262 -1 141 113 331
sofa 0.0029 294 94 506 317
sofa 0.0029 258 3 489 90
sofa 0.0024 77 5 416 111
sofa 0.0013 11 7 169 325
sofa 0.0011 66 45 348 204
diningtable 0.0062 -1 141 113 331
diningtable 0.0024 90 64 483 327
