person 0.0017 323 149 348 188
person 0.0013 184 135 214 165
bird 0.0057 307 49 324 89
horse 0.0083 106 132 141 187
horse 0.0040 247 157 344 284
horse 0.0015 103 129 137 163
horse 0.0014 63 167 112 199
sheep 0.6995 247 156 345 289
sheep 0.0793 109 136 140 185
sheep 0.0471 304 188 358 259
sheep 0.0428 63 167 112 199
sheep 0.0289 293 164 365 279
sheep 0.0251 103 129 137 163
sheep 0.0122 328 147 369 209
sheep 0.0072 60 165 114 228
sheep 0.0060 332 185 362 217
sheep 0.0045 323 149 348 188
sheep 0.0034 121 143 152 183
sheep 0.0034 94 130 120 160
sheep 0.0026 140 133 169 164
sheep 0.0022 338 145 365 185
sheep 0.0021 325 166 370 237
sheep 0.0014 321 188 354 216
sheep 0.0014 331 191 372 277
sheep 0.0013 167 132 195 160
sheep 0.0012 110 134 165 186
sheep 0.0012 292 138 366 225
sheep 0.0012 305 139 360 197
sheep 0.0012 351 140 375 218
sheep 0.0012 245 147 296 261
sheep 0.0011 286 140 340 192
sheep 0.0011 245 146 336 224
sheep 0.0011 125 130 152 163
cow 0.9507 149 152 203 247
cow 0.6494 140 133 169 164
cow 0.6346 167 132 195 160
cow 0.6321 247 156 345 289
cow 0.4751 109 136 140 185
cow 0.4339 187 138 217 182
cow 0.1455 121 143 152 183
cow 0.1391 133 136 173 182
cow 0.1036 103 129 137 163
cow 0.0948 153 145 197 178
cow 0.0675 184 135 214 165
cow 0.0653 188 139 232 197
cow 0.0527 110 134 165 186
cow 0.0446 304 188 358 259
cow 0.0315 125 130 152 163
cow 0.0168 291 179 364 291
cow 0.0115 194 136 225 160
cow 0.0061 328 147 369 209
cow 0.0033 63 167 112 199
cow 0.0029 332 185 362 217
cow 0.0018 189 162 214 196
cow 0.0016 177 138 219 222
cow 0.0015 141 145 187 228
cow 0.0015 213 149 247 180
cow 0.0013 150 131 202 171
cow 0.0013 117 120 162 135
cow 0.0012 325 166 370 237
cow 0.0011 19 20 356 333
cow 0.0010 138 137 217 193
cow 0.0010 60 165 114 228
cow 0.0010 144 113 236 170
pottedplant 0.0016 -3 210 161 428
pottedplant 0.0013 50 408 180 494
pottedplant 0.0011 45 269 163 375
pottedplant 0.0010 23 335 188 487
