person 0.2622 24 47 326 391
person 0.0317 -15 165 275 378
bird 0.0466 -15 165 275 378
bird 0.0122 24 47 326 391
bird 0.0018 -1 117 184 351
cat 0.0030 -15 165 275 378
dog 0.1277 24 47 326 391
dog 0.0079 -15 165 275 378
horse 0.0190 24 47 326 391
horse 0.0018 -15 165 275 378
sheep 0.0036 -15 165 275 378
sheep 0.0028 24 47 326 391
sheep 0.0026 83 54 286 269
cow 0.0124 24 47 326 391
cow 0.0080 -15 165 275 378
bottle 0.0016 -15 165 275 378
chair 0.0015 24 47 326 391
sofa 0.0024 44 46 357 389
pottedplant 0.0023 0 4 127 199
pottedplant 0.0017 0 31 18 173
pottedplant 0.0013 24 47 326 391
pottedplant 0.0010 -1 36 61 175
diningtable 0.0016 44 46 357 389
