person 0.0212 0 56 24 183
person 0.0110 0 110 17 208
person 0.0110 0 142 12 206
person 0.0067 35 144 464 380
person 0.0065 266 111 283 139
person 0.0061 62 110 111 142
person 0.0045 475 121 500 234
person 0.0045 482 140 499 183
person 0.0044 92 110 119 142
person 0.0040 454 234 483 286
person 0.0036 0 132 24 258
person 0.0031 410 91 440 224
person 0.0029 0 97 19 150
person 0.0020 442 94 498 208
person 0.0018 154 204 362 347
person 0.0014 179 269 276 360
person 0.0014 1 152 44 243
person 0.0013 0 171 18 218
bicycle 0.0031 448 230 484 288
bicycle 0.0017 35 144 464 380
bicycle 0.0014 443 128 495 157
car 0.0205 321 114 357 132
car 0.0180 22 157 262 227
car 0.0113 51 111 83 139
car 0.0106 53 105 117 147
car 0.0067 47 124 85 147
car 0.0056 315 125 359 145
car 0.0053 0 130 13 193
car 0.0041 34 130 66 154
car 0.0034 0 110 17 208
car 0.0034 152 131 208 145
car 0.0033 289 114 352 135
car 0.0027 35 144 464 380
car 0.0020 163 167 208 186
car 0.0020 43 148 89 168
car 0.0018 266 111 283 139
car 0.0016 65 118 110 147
car 0.0016 136 133 193 147
car 0.0016 296 124 343 143
car 0.0015 280 115 315 135
car 0.0015 443 128 495 157
car 0.0014 183 128 217 144
car 0.0012 455 354 500 376
car 0.0010 173 171 219 190
car 0.0010 31 143 75 168
car 0.0010 413 119 442 158
motorbike 0.0186 2 137 421 381
motorbike 0.0015 26 159 239 364
motorbike 0.0013 154 204 362 347
aeroplane 0.0077 4 135 356 381
aeroplane 0.0023 475 121 500 234
aeroplane 0.0015 437 128 498 182
aeroplane 0.0011 387 88 498 277
bus 0.0045 53 105 117 147
train 0.0136 45 87 287 147
train 0.0031 35 144 464 380
train 0.0025 22 157 262 227
train 0.0016 -3 23 293 188
boat 0.0245 2 137 421 381
boat 0.0019 22 157 262 227
boat 0.0016 475 121 500 234
boat 0.0015 154 204 362 347
boat 0.0011 443 128 495 157
dog 0.0058 448 230 484 288
horse 0.0012 448 230 484 288
sheep 0.0070 180 181 225 206
sheep 0.0066 140 184 185 206
sheep 0.0038 163 167 208 186
sheep 0.0028 135 167 185 190
sheep 0.0019 177 175 235 218
sheep 0.0015 173 171 219 190
sheep 0.0014 22 157 262 227
sheep 0.0010 124 163 172 191
cow 0.0011 34 157 240 218
bottle 0.0029 84 250 194 376
bottle 0.0014 266 111 283 139
chair 0.8807 292 257 414 343
chair 0.3542 180 267 290 361
chair 0.0795 160 225 413 369
chair 0.0764 201 205 348 278
chair 0.0522 205 264 378 355
chair 0.0184 255 306 474 372
chair 0.0162 443 128 495 157
chair 0.0115 97 283 484 372
chair 0.0108 258 248 466 366
chair 0.0076 297 212 412 303
chair 0.0072 183 298 263 356
chair 0.0056 448 230 484 288
chair 0.0052 178 302 396 370
chair 0.0048 261 276 299 304
chair 0.0038 63 183 358 355
chair 0.0036 239 251 355 339
chair 0.0035 284 208 349 268
chair 0.0033 191 212 336 331
chair 0.0031 265 260 336 302
chair 0.0030 257 275 297 358
chair 0.0026 223 331 453 368
chair 0.0026 140 184 185 206
chair 0.0022 455 354 500 376
chair 0.0020 77 198 503 394
chair 0.0016 479 150 499 197
chair 0.0016 172 317 304 375
chair 0.0016 454 151 494 176
chair 0.0015 86 117 119 148
chair 0.0014 483 121 499 165
chair 0.0012 246 213 381 291
sofa 0.0039 209 204 344 275
sofa 0.0014 255 327 491 374
sofa 0.0010 155 286 496 371
diningtable 0.1828 210 210 343 290
diningtable 0.0330 255 327 491 374
diningtable 0.0177 160 225 413 369
diningtable 0.0152 205 264 378 355
diningtable 0.0041 77 198 503 394
diningtable 0.0025 261 267 337 290
diningtable 0.0018 235 233 357 322
diningtable 0.0011 455 354 500 376
