person 0.0162 -38 255 377 372
person 0.0058 193 279 406 354
person 0.0043 0 255 18 370
person 0.0027 0 285 243 350
person 0.0018 0 294 12 367
cat 0.0021 70 15 90 56
cat 0.0019 44 14 94 58
bottle 0.0113 70 15 90 56
bottle 0.0030 435 223 458 252
bottle 0.0028 441 123 462 158
bottle 0.0027 0 283 12 340
bottle 0.0020 417 125 445 159
bottle 0.0016 47 14 64 56
bottle 0.0015 0 255 18 370
bottle 0.0014 0 258 14 321
bottle 0.0011 452 215 480 248
chair 0.8055 -1 285 215 369
chair 0.5763 205 286 397 371
chair 0.5470 388 239 463 374
chair 0.1218 0 248 18 342
chair 0.0555 0 284 19 372
chair 0.0393 0 283 12 340
chair 0.0191 479 240 500 380
chair 0.0177 452 238 500 379
chair 0.0161 -1 208 17 307
chair 0.0152 11 278 79 322
chair 0.0138 379 192 486 261
chair 0.0137 478 311 499 348
chair 0.0109 474 311 499 376
chair 0.0097 0 324 18 374
chair 0.0096 -52 288 476 368
chair 0.0090 0 255 61 365
chair 0.0076 94 239 349 308
chair 0.0058 390 236 446 304
chair 0.0057 396 169 469 215
chair 0.0056 -1 246 56 305
chair 0.0053 72 287 287 369
chair 0.0047 18 252 46 289
chair 0.0046 489 259 500 324
chair 0.0044 -2 282 62 335
chair 0.0038 291 210 381 290
chair 0.0038 0 236 14 284
chair 0.0032 189 272 368 314
chair 0.0029 51 274 285 338
chair 0.0028 356 274 405 358
chair 0.0025 441 202 500 339
chair 0.0024 29 240 56 280
chair 0.0024 387 204 479 305
chair 0.0023 -1 273 121 350
chair 0.0023 41 229 148 293
chair 0.0020 484 292 500 341
chair 0.0020 478 189 500 324
chair 0.0019 478 214 500 253
chair 0.0019 325 288 360 309
chair 0.0017 433 210 469 339
chair 0.0017 123 280 203 319
chair 0.0016 397 285 478 370
chair 0.0015 452 215 480 248
chair 0.0014 424 251 463 368
chair 0.0014 10 280 48 305
chair 0.0013 1 238 90 311
chair 0.0012 328 269 418 366
chair 0.0011 209 287 242 312
chair 0.0011 396 266 418 307
chair 0.0011 450 218 500 283
chair 0.0010 12 266 196 331
chair 0.0010 479 235 499 267
sofa 0.5812 205 286 397 371
sofa 0.4459 -6 289 244 371
sofa 0.2463 -52 288 476 368
sofa 0.0323 -16 224 442 380
sofa 0.0097 94 239 349 308
sofa 0.0058 0 248 18 342
sofa 0.0049 86 284 321 370
sofa 0.0048 51 274 285 338
sofa 0.0048 0 284 19 372
sofa 0.0034 379 192 486 261
sofa 0.0031 381 242 460 369
sofa 0.0030 0 255 61 365
sofa 0.0022 137 280 353 343
sofa 0.0020 479 240 500 380
sofa 0.0020 474 311 499 376
sofa 0.0018 -1 273 121 350
sofa 0.0011 11 278 79 322
sofa 0.0011 0 324 18 374
pottedplant 0.1388 47 14 64 56
pottedplant 0.1210 44 14 94 58
pottedplant 0.0662 70 15 90 56
pottedplant 0.0012 41 13 68 68
pottedplant 0.0010 33 0 107 83
diningtable 0.2624 385 234 468 371
diningtable 0.0163 0 258 14 321
diningtable 0.0158 383 216 485 310
diningtable 0.0138 94 239 349 308
diningtable 0.0131 452 238 500 379
diningtable 0.0068 479 240 500 380
diningtable 0.0034 379 192 486 261
diningtable 0.0030 0 255 18 370
diningtable 0.0023 0 283 12 340
diningtable 0.0021 390 236 446 304
diningtable 0.0018 478 311 499 348
diningtable 0.0015 193 279 406 354
diningtable 0.0014 489 259 500 324
diningtable 0.0014 390 238 443 256
diningtable 0.0013 474 311 499 376
diningtable 0.0010 484 292 500 341
tvmonitor 0.7070 217 154 290 215
tvmonitor 0.0042 99 20 121 54
tvmonitor 0.0011 379 192 486 261
