person 0.0022 301 251 333 289
person 0.0017 277 274 322 298
person 0.0014 278 227 322 248
person 0.0012 232 223 321 244
bicycle 0.0042 277 274 322 298
bicycle 0.0041 294 278 331 302
bicycle 0.0028 301 251 333 289
car 0.9004 208 220 340 295
car 0.0040 174 240 199 268
car 0.0034 301 251 333 289
car 0.0027 207 241 233 273
car 0.0018 297 249 333 271
car 0.0018 272 250 332 296
car 0.0010 203 244 235 297
bus 0.0036 201 220 331 291
bird 0.0014 444 190 467 212
dog 0.0012 277 274 322 298
horse 0.0010 277 274 322 298
