person 0.2686 279 27 443 271
person 0.1137 255 173 480 365
person 0.0377 111 8 472 381
person 0.0051 0 235 21 271
person 0.0030 16 243 49 275
person 0.0030 151 165 185 192
person 0.0029 1 217 21 256
person 0.0027 0 231 25 312
person 0.0022 0 68 16 101
person 0.0021 218 109 258 201
person 0.0020 270 180 401 322
person 0.0014 280 35 376 181
bicycle 0.0781 3 162 341 368
bicycle 0.0397 23 230 249 372
bicycle 0.0238 142 94 292 368
bicycle 0.0145 27 56 393 398
bicycle 0.0068 179 171 404 366
bicycle 0.0046 159 199 319 380
bicycle 0.0023 218 109 258 201
bicycle 0.0022 210 120 284 248
bicycle 0.0019 163 130 262 234
bicycle 0.0019 255 173 480 365
bicycle 0.0012 43 255 143 336
bicycle 0.0010 82 195 503 386
car 0.0067 299 123 331 149
car 0.0040 291 112 316 155
car 0.0011 60 204 86 230
car 0.0010 0 -1 19 19
motorbike 0.1489 23 230 249 372
motorbike 0.1250 3 162 341 368
motorbike 0.0183 46 254 151 345
motorbike 0.0119 142 94 292 368
motorbike 0.0102 27 56 393 398
motorbike 0.0022 151 165 185 192
motorbike 0.0017 141 153 192 206
motorbike 0.0017 163 130 262 234
motorbike 0.0016 210 120 284 248
motorbike 0.0014 179 171 404 366
boat 0.0027 23 230 249 372
boat 0.0021 112 42 470 401
boat 0.0012 7 87 336 374
bird 0.0052 151 165 185 192
bird 0.0013 130 78 153 120
cat 0.0053 255 173 480 365
dog 0.0016 233 180 429 359
horse 0.0011 233 180 429 359
sheep 0.0123 255 173 480 365
bottle 0.0018 46 254 151 345
bottle 0.0014 206 211 232 247
bottle 0.0011 266 305 288 348
bottle 0.0010 177 227 221 315
chair 0.0213 23 230 249 372
chair 0.0097 224 17 492 378
chair 0.0063 411 217 501 324
chair 0.0044 284 28 436 345
chair 0.0034 233 180 429 359
chair 0.0034 46 254 151 345
chair 0.0017 473 183 499 330
chair 0.0017 99 128 483 396
chair 0.0010 130 201 302 378
sofa 0.0023 233 180 429 359
pottedplant 0.0331 91 -1 255 207
pottedplant 0.0165 151 165 185 192
pottedplant 0.0131 0 236 59 366
pottedplant 0.0125 3 -17 342 397
pottedplant 0.0098 141 57 285 326
pottedplant 0.0078 9 313 115 369
pottedplant 0.0076 218 98 259 187
pottedplant 0.0072 141 129 192 188
pottedplant 0.0071 168 0 262 65
pottedplant 0.0070 -1 246 117 363
pottedplant 0.0067 141 153 192 206
pottedplant 0.0061 110 125 134 157
pottedplant 0.0061 0 225 26 362
pottedplant 0.0055 145 143 177 180
pottedplant 0.0051 211 0 260 55
pottedplant 0.0050 153 96 250 217
pottedplant 0.0047 174 30 256 194
pottedplant 0.0022 16 253 53 282
pottedplant 0.0022 -2 241 62 297
pottedplant 0.0019 138 109 159 139
pottedplant 0.0019 0 163 14 197
pottedplant 0.0017 0 243 20 294
pottedplant 0.0017 0 235 21 271
pottedplant 0.0017 142 162 161 189
pottedplant 0.0015 152 165 204 223
pottedplant 0.0015 163 181 199 211
pottedplant 0.0015 -3 71 192 305
pottedplant 0.0015 183 117 217 190
pottedplant 0.0015 153 173 182 211
pottedplant 0.0015 7 3 181 216
pottedplant 0.0015 0 290 26 370
pottedplant 0.0014 173 137 198 181
pottedplant 0.0014 -2 300 61 367
pottedplant 0.0013 131 38 220 186
pottedplant 0.0012 132 143 224 231
pottedplant 0.0012 147 121 181 153
pottedplant 0.0011 140 138 160 179
pottedplant 0.0010 106 141 132 177
diningtable 0.0010 99 128 483 396
tvmonitor 0.4959 260 22 483 214
tvmonitor 0.0433 371 22 500 190
tvmonitor 0.0106 224 17 492 378
tvmonitor 0.0035 291 112 316 155
tvmonitor 0.0031 284 28 436 345
tvmonitor 0.0020 288 86 319 159
tvmonitor 0.0018 280 35 376 181
tvmonitor 0.0010 241 -2 431 168
