person 0.0273 90 65 119 102
person 0.0105 151 79 177 110
person 0.0098 105 82 142 104
person 0.0094 250 35 267 90
person 0.0033 130 69 161 101
person 0.0032 152 19 272 151
person 0.0025 195 27 298 154
person 0.0020 71 39 188 161
person 0.0019 86 54 126 74
person 0.0018 145 68 174 102
person 0.0017 80 44 102 73
person 0.0017 95 8 316 173
person 0.0016 78 67 105 97
aeroplane 0.0037 133 6 271 80
aeroplane 0.0025 152 17 206 71
bottle 0.0026 250 35 267 90
chair 0.0064 402 213 490 291
chair 0.0030 77 254 210 328
chair 0.0015 10 175 342 326
chair 0.0012 93 286 201 328
sofa 0.0011 396 189 488 294
sofa 0.0011 380 236 494 323
diningtable 0.0012 10 175 342 326
tvmonitor 0.7782 55 7 307 176
tvmonitor 0.0612 314 151 360 202
tvmonitor 0.0072 25 0 331 324
tvmonitor 0.0052 71 39 188 161
tvmonitor 0.0039 414 170 478 213
tvmonitor 0.0038 321 107 355 168
tvmonitor 0.0031 195 27 298 154
tvmonitor 0.0028 243 34 274 93
tvmonitor 0.0018 0 59 17 255
tvmonitor 0.0016 4 -4 93 248
tvmonitor 0.0015 155 16 285 106
tvmonitor 0.0014 212 35 270 90
tvmonitor 0.0011 13 4 199 188
