person 0.0036 0 298 16 344
person 0.0010 481 156 499 183
person 0.0010 7 234 37 256
car 0.0033 6 199 39 218
car 0.0010 -1 201 32 222
aeroplane 0.0018 1 287 25 316
bus 0.0019 282 156 323 178
train 0.4609 130 161 453 264
train 0.1975 97 156 334 227
train 0.0768 309 197 432 266
train 0.0347 231 189 447 261
train 0.0303 73 147 213 201
train 0.0266 402 195 473 213
train 0.0230 282 156 323 178
train 0.0186 48 147 460 346
train 0.0176 233 159 286 180
train 0.0148 118 174 171 197
train 0.0137 197 151 244 173
train 0.0122 142 153 335 192
train 0.0117 388 194 502 256
train 0.0103 180 170 335 238
train 0.0089 254 159 298 180
train 0.0079 222 158 265 176
train 0.0078 200 146 247 163
train 0.0052 115 153 144 178
train 0.0047 302 179 479 242
train 0.0046 119 165 200 207
train 0.0041 377 204 439 220
train 0.0039 143 140 184 162
train 0.0038 104 143 147 166
train 0.0037 132 169 190 197
train 0.0035 98 161 233 212
train 0.0035 22 150 165 204
train 0.0033 122 160 162 184
train 0.0033 91 125 255 178
train 0.0029 182 158 231 176
train 0.0029 226 180 302 227
train 0.0029 123 140 168 162
train 0.0028 320 179 364 197
train 0.0027 213 161 431 224
train 0.0026 373 181 490 236
train 0.0023 45 152 324 271
train 0.0022 71 115 196 179
train 0.0020 113 144 179 191
train 0.0019 66 141 107 159
train 0.0019 161 162 201 182
train 0.0015 105 167 257 239
train 0.0015 417 202 489 250
train 0.0012 327 152 359 176
train 0.0012 399 188 468 227
train 0.0012 221 151 371 188
train 0.0011 164 171 198 200
train 0.0011 134 160 191 186
train 0.0011 1 154 108 216
train 0.0010 156 124 345 178
train 0.0010 184 141 225 159
train 0.0010 225 167 298 212
boat 0.0012 1 287 25 316
bird 0.0031 7 234 37 256
bird 0.0018 0 208 28 237
bird 0.0010 482 197 500 228
chair 0.0039 7 234 37 256
chair 0.0017 0 208 28 237
pottedplant 0.0039 481 199 500 239
pottedplant 0.0013 167 213 198 237
