person 0.9282 303 203 356 309
person 0.0146 269 187 290 214
person 0.0130 316 197 341 222
person 0.0118 408 180 426 215
person 0.0099 298 204 353 261
person 0.0082 386 185 405 211
person 0.0054 313 217 353 256
person 0.0051 325 176 343 212
person 0.0037 250 186 271 210
person 0.0014 38 174 309 318
person 0.0013 307 230 338 264
person 0.0012 317 229 349 265
person 0.0011 421 175 451 217
bicycle 0.0037 307 253 350 325
bicycle 0.0032 422 202 454 227
bicycle 0.0010 432 191 456 225
car 0.9710 2 221 46 276
car 0.9096 75 207 126 256
car 0.8624 36 216 86 264
car 0.7998 127 210 165 248
car 0.4471 154 191 203 239
car 0.4076 113 211 138 251
car 0.3785 145 208 176 246
car 0.2497 200 182 230 216
car 0.0807 308 200 337 221
car 0.0537 34 219 72 250
car 0.0315 386 185 405 211
car 0.0280 297 187 332 211
car 0.0227 286 189 322 209
car 0.0169 269 187 290 214
car 0.0140 408 180 426 215
car 0.0138 70 210 101 256
car 0.0096 188 190 204 233
car 0.0059 0 220 21 275
car 0.0052 8 220 43 252
car 0.0046 79 204 123 232
car 0.0032 325 176 343 212
car 0.0026 421 175 451 217
car 0.0020 250 186 271 210
car 0.0019 110 206 145 233
motorbike 0.8867 307 253 350 325
motorbike 0.0209 302 209 357 332
motorbike 0.0026 269 187 290 214
motorbike 0.0024 309 267 338 317
motorbike 0.0012 386 185 405 211
bus 0.1502 200 182 230 216
bus 0.0132 154 191 203 239
bus 0.0030 297 187 332 211
bus 0.0030 286 189 322 209
bus 0.0018 386 185 405 211
bus 0.0016 269 187 290 214
bus 0.0015 408 180 426 215
bus 0.0013 421 175 451 217
bus 0.0011 308 200 337 221
pottedplant 0.0032 269 187 290 214
