person 0.0023 491 20 500 100
bicycle 0.7026 92 59 395 287
bicycle 0.0208 72 91 285 306
bicycle 0.0074 202 134 290 265
bicycle 0.0068 228 62 406 263
bicycle 0.0049 39 54 313 220
bicycle 0.0042 0 -2 353 267
bicycle 0.0021 1 99 206 308
bicycle 0.0011 156 101 264 219
car 0.0017 200 0 285 16
boat 0.0032 79 87 413 295
bird 0.0147 152 90 213 118
cat 0.0010 152 90 213 118
bottle 0.0227 225 153 258 198
bottle 0.0091 249 151 270 199
bottle 0.0085 244 136 272 176
bottle 0.0084 218 175 263 255
bottle 0.0081 238 132 276 222
bottle 0.0064 222 204 257 239
bottle 0.0062 239 168 278 260
bottle 0.0057 249 172 270 216
bottle 0.0050 264 171 292 254
bottle 0.0025 206 177 229 216
bottle 0.0024 269 136 290 177
bottle 0.0022 238 127 279 151
bottle 0.0020 268 156 288 194
bottle 0.0016 250 189 271 243
bottle 0.0016 229 172 256 212
bottle 0.0015 217 120 255 152
bottle 0.0015 218 115 238 155
chair 0.0010 152 90 213 118
tvmonitor 0.0011 491 20 500 100
