person 0.9617 89 83 194 302
person 0.6028 408 160 502 372
person 0.0252 164 149 198 211
person 0.0152 403 185 421 239
person 0.0096 168 137 189 174
person 0.0068 256 145 279 180
person 0.0050 62 117 79 164
person 0.0043 234 147 287 209
person 0.0038 471 192 501 352
person 0.0035 415 137 500 233
person 0.0030 405 179 427 225
person 0.0025 432 142 500 201
person 0.0022 413 190 438 228
person 0.0019 415 186 442 214
person 0.0018 246 160 278 190
person 0.0016 446 102 498 149
person 0.0014 259 152 284 190
person 0.0014 484 152 500 204
person 0.0013 475 244 500 378
person 0.0012 206 147 236 168
person 0.0012 390 189 410 241
person 0.0011 442 171 499 224
person 0.0010 111 95 203 222
bicycle 0.0812 81 181 124 247
bicycle 0.0139 78 187 207 284
bicycle 0.0111 86 94 204 327
bicycle 0.0068 90 210 120 249
bicycle 0.0050 83 173 176 258
bicycle 0.0045 44 129 129 246
bicycle 0.0042 38 168 150 258
bicycle 0.0026 15 103 174 342
bicycle 0.0023 68 158 114 244
bicycle 0.0018 50 165 235 348
bicycle 0.0018 39 161 87 242
bicycle 0.0016 126 202 170 276
bicycle 0.0013 410 214 500 373
bicycle 0.0011 97 202 186 310
car 0.0080 432 138 498 189
car 0.0032 415 186 442 214
car 0.0025 413 137 500 217
car 0.0014 409 189 500 361
motorbike 0.7380 116 145 389 375
motorbike 0.0277 240 151 405 382
motorbike 0.0180 408 160 502 372
motorbike 0.0093 85 162 280 350
motorbike 0.0036 86 94 204 327
motorbike 0.0027 326 225 385 285
motorbike 0.0026 96 189 227 283
motorbike 0.0022 412 297 498 373
motorbike 0.0017 317 157 391 288
motorbike 0.0013 438 225 500 372
motorbike 0.0011 296 291 407 373
motorbike 0.0011 232 156 286 234
motorbike 0.0010 310 170 353 259
bottle 0.0062 403 185 421 239
bottle 0.0019 415 186 442 214
chair 0.0403 81 181 124 247
chair 0.0062 403 185 421 239
chair 0.0030 405 179 427 225
chair 0.0030 413 190 438 228
chair 0.0029 0 148 33 171
chair 0.0025 415 186 442 214
chair 0.0025 432 142 500 201
chair 0.0020 34 114 104 247
chair 0.0020 475 103 499 146
chair 0.0016 415 137 500 233
chair 0.0013 0 77 32 239
chair 0.0013 0 144 33 220
chair 0.0012 84 143 174 260
chair 0.0012 39 161 87 242
chair 0.0010 407 183 443 244
chair 0.0010 81 143 126 218
pottedplant 0.0010 326 225 385 285
tvmonitor 0.0033 261 64 305 95
tvmonitor 0.0011 406 160 434 185
tvmonitor 0.0010 475 103 499 146
