person 0.0146 50 13 79 46
person 0.0055 22 12 332 159
person 0.0052 -12 -19 429 213
person 0.0044 244 26 322 138
person 0.0031 284 84 315 125
person 0.0025 254 46 304 120
person 0.0020 350 49 477 159
person 0.0019 274 68 320 131
person 0.0018 364 50 399 78
person 0.0018 277 106 309 134
person 0.0017 342 87 397 145
person 0.0016 282 64 309 100
person 0.0016 256 29 311 95
person 0.0015 268 62 296 101
person 0.0014 284 42 316 74
person 0.0010 439 58 499 199
bird 0.0016 250 134 465 210
bird 0.0010 463 181 501 252
cat 0.6517 12 103 238 163
cat 0.2378 253 135 481 208
cat 0.1430 22 12 332 159
cat 0.0766 255 126 404 193
cat 0.0484 356 144 461 204
cat 0.0058 348 65 471 178
cat 0.0044 111 94 244 156
cat 0.0032 227 104 498 233
cat 0.0032 386 127 499 213
cat 0.0031 55 10 517 256
cat 0.0029 380 114 447 158
cat 0.0028 94 31 256 148
cat 0.0024 0 60 346 198
cat 0.0017 226 109 356 175
cat 0.0017 376 137 450 190
cat 0.0013 223 97 248 133
cat 0.0012 181 99 316 166
cat 0.0010 183 28 316 141
dog 0.4957 18 107 196 160
dog 0.1243 339 135 462 207
dog 0.0639 22 12 332 159
dog 0.0434 247 124 461 204
dog 0.0088 -1 48 49 147
dog 0.0085 351 54 503 215
dog 0.0080 386 127 499 213
dog 0.0034 55 10 517 256
dog 0.0032 47 99 282 160
dog 0.0030 439 58 499 199
dog 0.0027 439 130 500 186
dog 0.0023 54 57 109 105
dog 0.0022 437 115 501 241
dog 0.0018 58 23 106 100
dog 0.0018 94 31 256 148
dog 0.0016 227 104 498 233
dog 0.0014 380 114 447 158
dog 0.0013 18 115 82 158
dog 0.0012 376 137 450 190
dog 0.0011 0 41 104 133
dog 0.0010 0 89 99 154
bottle 0.0012 223 97 248 133
chair 0.0244 0 41 47 112
chair 0.0084 1 10 368 259
chair 0.0029 183 28 316 141
chair 0.0014 54 58 523 274
chair 0.0012 3 209 195 262
chair 0.0011 2 39 63 161
chair 0.0010 351 54 503 215
sofa 0.0454 0 41 47 112
sofa 0.0297 -13 11 431 261
sofa 0.0122 22 12 332 159
sofa 0.0034 330 48 497 210
sofa 0.0015 2 39 63 161
diningtable 0.0043 54 58 523 274
diningtable 0.0030 0 41 47 112
diningtable 0.0015 24 148 542 251
diningtable 0.0010 20 -16 476 205
