person 0.0243 47 -43 457 411
person 0.0072 -11 -42 218 408
person 0.0063 119 257 207 337
person 0.0025 183 255 208 288
person 0.0025 109 14 475 237
person 0.0017 213 -12 503 330
person 0.0015 157 254 207 303
person 0.0011 329 -17 481 389
bicycle 0.0011 4 -47 420 416
car 0.0140 115 256 211 340
car 0.0037 47 -43 457 411
car 0.0015 170 254 204 285
motorbike 0.0031 47 -43 457 411
bird 0.0081 119 257 207 337
bird 0.0024 170 254 204 285
bird 0.0017 128 258 202 302
cat 0.0758 47 -43 457 411
cat 0.0100 109 14 475 237
dog 0.0877 98 -39 475 401
dog 0.0189 109 14 475 237
dog 0.0033 -5 -27 362 343
horse 0.0101 98 -39 475 401
horse 0.0011 119 257 207 337
sheep 0.0053 98 -39 475 401
cow 0.1998 98 -39 475 401
bottle 0.1003 115 256 211 340
bottle 0.0070 123 268 178 329
bottle 0.0025 130 272 163 303
chair 0.0089 47 -43 457 411
sofa 0.0419 4 -47 420 416
sofa 0.0072 164 -29 475 390
sofa 0.0019 109 14 475 237
sofa 0.0011 -11 -42 218 408
sofa 0.0010 433 41 499 194
diningtable 0.0076 47 -43 457 411
tvmonitor 0.0019 432 39 501 197
