person 0.9683 267 49 396 380
person 0.9414 143 92 274 365
person 0.9393 5 81 163 373
person 0.9385 381 59 497 366
person 0.0044 395 226 484 364
person 0.0038 480 101 500 327
person 0.0037 343 207 406 372
person 0.0027 166 93 485 353
person 0.0026 480 229 500 354
person 0.0025 380 62 450 211
person 0.0022 486 259 500 325
person 0.0018 2 222 60 375
person 0.0018 171 97 270 220
person 0.0015 0 233 17 389
person 0.0015 454 193 497 355
person 0.0014 0 56 63 396
person 0.0011 488 245 500 306
bottle 0.0181 48 225 80 258
bottle 0.0080 300 207 328 254
bottle 0.0039 403 347 429 376
bottle 0.0032 43 210 90 265
bottle 0.0027 201 234 230 275
bottle 0.0024 72 203 97 230
bottle 0.0016 200 221 232 257
bottle 0.0013 72 213 95 259
bottle 0.0012 51 204 82 234
bottle 0.0010 137 213 162 251
chair 0.0203 381 59 497 366
chair 0.0087 194 225 233 288
chair 0.0070 135 140 287 371
chair 0.0055 395 226 484 364
chair 0.0046 158 209 241 323
chair 0.0045 454 193 497 355
chair 0.0042 50 154 143 280
chair 0.0038 168 191 235 284
chair 0.0025 5 81 163 373
chair 0.0023 267 49 396 380
chair 0.0016 129 231 153 272
chair 0.0016 78 166 173 273
chair 0.0015 316 174 506 363
chair 0.0013 201 234 230 275
chair 0.0012 480 229 500 354
chair 0.0011 486 259 500 325
chair 0.0010 137 213 162 251
chair 0.0010 12 156 99 285
sofa 0.0048 166 93 485 353
sofa 0.0046 47 156 450 371
sofa 0.0022 92 163 272 366
sofa 0.0016 381 59 497 366
sofa 0.0013 230 148 424 377
sofa 0.0011 316 174 506 363
