person 0.1375 397 5 502 77
person 0.0299 443 1 499 66
person 0.0047 344 2 460 70
person 0.0047 -1 71 61 320
person 0.0035 -3 50 112 338
person 0.0035 399 18 496 119
person 0.0030 404 67 471 194
person 0.0022 39 0 158 75
person 0.0017 385 -1 501 169
person 0.0014 -24 -12 244 393
person 0.0014 410 20 458 76
person 0.0013 481 4 499 94
person 0.0011 474 196 499 325
person 0.0011 0 2 61 97
person 0.0011 230 218 493 382
cat 0.8612 96 -9 312 241
cat 0.1209 4 -14 341 329
cat 0.0014 38 131 228 347
dog 0.0124 7 -18 345 398
dog 0.0011 96 -9 312 241
bottle 0.7309 412 68 462 189
bottle 0.2768 345 10 367 53
bottle 0.2078 327 12 355 54
bottle 0.0655 308 9 333 48
bottle 0.0421 298 67 350 137
bottle 0.0352 365 103 386 148
bottle 0.0276 364 62 390 144
bottle 0.0206 368 128 390 164
bottle 0.0190 367 78 383 134
bottle 0.0161 485 44 500 99
bottle 0.0160 338 133 363 168
bottle 0.0155 329 5 374 57
bottle 0.0125 354 106 395 183
bottle 0.0122 476 173 500 275
bottle 0.0113 377 34 409 68
bottle 0.0101 365 60 381 117
bottle 0.0096 303 92 328 130
bottle 0.0083 478 220 500 266
bottle 0.0078 418 66 457 143
bottle 0.0065 357 11 378 49
bottle 0.0064 373 182 495 225
bottle 0.0057 342 21 363 61
bottle 0.0054 361 28 414 77
bottle 0.0054 340 111 371 138
bottle 0.0050 4 -2 93 136
bottle 0.0050 329 94 408 199
bottle 0.0041 322 2 352 22
bottle 0.0041 310 18 363 72
bottle 0.0040 292 8 316 45
bottle 0.0039 487 28 500 80
bottle 0.0039 302 3 343 54
bottle 0.0038 430 96 466 189
bottle 0.0034 291 30 373 139
bottle 0.0031 479 60 500 106
bottle 0.0030 0 0 53 96
bottle 0.0030 357 169 382 201
bottle 0.0028 305 2 338 25
bottle 0.0027 410 20 458 76
bottle 0.0025 481 4 499 94
bottle 0.0023 327 128 357 165
bottle 0.0023 396 37 418 68
bottle 0.0023 481 192 500 248
bottle 0.0022 333 115 375 175
bottle 0.0020 306 25 360 113
bottle 0.0020 426 66 451 112
bottle 0.0019 375 180 500 261
bottle 0.0019 291 107 314 140
bottle 0.0018 406 54 491 165
bottle 0.0018 282 1 316 22
bottle 0.0017 380 19 408 52
bottle 0.0017 474 196 499 325
bottle 0.0014 381 53 498 245
bottle 0.0014 399 18 496 119
bottle 0.0013 382 119 404 171
bottle 0.0012 291 2 381 74
bottle 0.0012 374 47 410 78
bottle 0.0012 321 113 361 182
bottle 0.0012 54 0 114 45
bottle 0.0012 285 28 311 144
bottle 0.0011 303 66 344 97
bottle 0.0010 323 147 350 188
bottle 0.0010 354 44 408 93
bottle 0.0010 344 4 376 23
chair 0.4445 -3 284 125 381
chair 0.0636 0 156 116 384
chair 0.0103 4 -14 341 329
chair 0.0080 0 289 49 378
chair 0.0075 0 145 56 310
chair 0.0048 -2 231 192 374
chair 0.0016 0 0 66 140
chair 0.0014 344 2 460 70
chair 0.0014 -1 2 119 299
chair 0.0014 50 184 208 338
chair 0.0011 7 3 114 126
sofa 0.0118 4 -14 341 329
sofa 0.0021 -3 50 112 338
sofa 0.0020 4 82 497 381
pottedplant 0.0026 397 5 502 77
pottedplant 0.0024 404 67 471 194
pottedplant 0.0010 475 198 500 278
diningtable 0.0258 1 -32 494 418
diningtable 0.0159 30 176 474 370
diningtable 0.0104 58 228 354 373
diningtable 0.0063 -1 2 119 299
diningtable 0.0062 208 67 513 388
diningtable 0.0018 0 156 116 384
diningtable 0.0016 404 67 471 194
diningtable 0.0013 441 55 501 202
diningtable 0.0010 381 53 498 245
tvmonitor 0.0010 -3 284 125 381
