person 0.1926 470 208 497 255
person 0.0185 460 210 490 257
person 0.0041 437 182 467 226
person 0.0039 456 199 497 307
person 0.0032 437 220 466 256
person 0.0031 448 189 499 251
person 0.0018 458 198 494 238
person 0.0011 359 147 380 181
person 0.0011 433 202 474 261
cat 0.0011 67 271 91 312
bottle 0.0151 67 271 91 312
bottle 0.0093 60 184 80 240
bottle 0.0070 16 200 34 235
bottle 0.0065 44 156 66 192
bottle 0.0044 32 236 53 277
bottle 0.0042 55 261 79 289
bottle 0.0029 130 238 160 305
bottle 0.0026 51 160 82 240
bottle 0.0022 33 258 58 286
bottle 0.0021 146 190 168 236
bottle 0.0017 36 214 59 249
bottle 0.0011 31 198 59 237
chair 0.0024 483 143 500 180
chair 0.0021 437 182 467 226
chair 0.0021 463 151 490 189
pottedplant 0.0010 16 200 34 235
tvmonitor 0.0554 186 135 361 211
