person 0.3217 24 71 326 369
person 0.1161 178 79 325 372
person 0.0085 180 83 336 201
person 0.0062 204 76 303 140
person 0.0036 230 65 284 127
person 0.0023 31 66 219 310
person 0.0016 1 128 185 378
bottle 0.0832 301 92 322 116
bottle 0.0194 208 357 243 375
chair 0.0802 192 86 395 371
chair 0.0123 317 98 354 114
chair 0.0037 40 74 377 367
chair 0.0013 301 92 322 116
chair 0.0010 0 2 34 41
chair 0.0010 281 98 320 115
chair 0.0010 264 94 296 117
chair 0.0010 0 108 21 249
sofa 0.2897 73 79 417 371
sofa 0.0348 5 68 269 373
sofa 0.0270 188 149 401 361
sofa 0.0141 -13 224 438 372
sofa 0.0056 178 79 325 372
sofa 0.0020 -2 109 134 363
sofa 0.0018 41 278 383 376
sofa 0.0015 365 161 496 372
sofa 0.0013 146 302 349 370
pottedplant 0.0017 301 92 322 116
diningtable 0.0011 301 92 322 116
diningtable 0.0011 317 98 354 114
tvmonitor 0.0020 188 91 361 193
