person 0.0400 308 183 333 223
person 0.0228 320 185 345 219
person 0.0180 77 191 91 234
person 0.0120 263 197 286 230
person 0.0097 150 188 180 213
person 0.0077 8 185 35 209
person 0.0065 286 181 310 219
person 0.0049 266 184 287 220
person 0.0047 151 168 179 194
person 0.0047 1 184 25 209
person 0.0036 288 195 312 225
person 0.0021 33 188 58 216
person 0.0018 163 190 190 213
person 0.0015 337 203 365 224
person 0.0015 54 186 85 212
person 0.0014 338 187 363 214
person 0.0012 293 178 339 227
person 0.0012 0 192 19 228
person 0.0011 72 182 88 220
person 0.0010 129 166 156 193
person 0.0010 113 167 142 192
bicycle 0.0074 54 186 85 212
bicycle 0.0026 8 185 35 209
bicycle 0.0018 77 191 91 234
bicycle 0.0011 33 188 58 216
car 0.0244 -3 288 184 372
car 0.0097 1 184 25 209
car 0.0053 8 185 35 209
car 0.0053 0 274 19 304
car 0.0027 54 186 85 212
car 0.0023 444 204 496 219
car 0.0019 433 202 470 218
car 0.0015 413 202 453 217
car 0.0015 33 188 58 216
car 0.0013 7 240 257 371
car 0.0013 0 156 27 200
car 0.0012 0 152 32 175
car 0.0011 292 310 416 363
car 0.0010 0 254 15 298
motorbike 0.0025 8 185 35 209
motorbike 0.0011 54 186 85 212
bus 0.9808 91 146 380 283
bus 0.0091 0 149 52 213
bus 0.0078 0 156 27 200
bus 0.0021 269 154 372 277
bus 0.0018 1 184 25 209
train 0.0035 0 151 34 211
train 0.0012 -33 -3 455 165
chair 0.0010 77 191 91 234
pottedplant 0.0459 54 186 85 212
pottedplant 0.0024 8 185 35 209
pottedplant 0.0013 451 139 500 215
pottedplant 0.0012 51 196 86 224
pottedplant 0.0011 33 188 58 216
pottedplant 0.0010 42 175 89 222
