person 0.0162 94 120 256 321
person 0.0071 85 265 137 317
person 0.0046 471 71 500 245
person 0.0041 475 100 500 138
person 0.0027 232 113 290 163
person 0.0025 130 166 227 279
person 0.0024 184 128 253 193
person 0.0021 172 130 272 265
person 0.0017 178 105 303 186
person 0.0012 120 115 276 196
person 0.0011 249 121 280 158
person 0.0011 18 178 230 339
person 0.0010 25 38 397 343
car 0.0012 475 100 500 138
cat 0.4931 226 244 343 368
cat 0.1071 85 265 137 317
cat 0.0244 120 115 276 196
cat 0.0220 184 128 253 193
cat 0.0095 225 126 261 155
cat 0.0057 85 253 189 329
cat 0.0056 40 258 148 328
cat 0.0022 220 114 272 161
cat 0.0016 91 294 125 317
cat 0.0013 206 113 240 150
cat 0.0012 249 121 280 158
cat 0.0011 174 124 267 223
cat 0.0011 312 269 335 320
cat 0.0011 23 225 168 313
cat 0.0010 388 180 410 207
dog 0.3605 226 241 339 373
dog 0.0460 85 265 137 317
dog 0.0088 184 128 253 193
dog 0.0065 162 116 287 196
dog 0.0047 85 253 189 329
dog 0.0042 40 258 148 328
dog 0.0040 225 126 261 155
dog 0.0031 121 118 234 191
dog 0.0030 220 114 272 161
dog 0.0018 388 180 410 207
dog 0.0011 249 121 280 158
dog 0.0010 91 294 125 317
bottle 0.0025 249 121 280 158
bottle 0.0024 53 64 84 101
bottle 0.0016 82 62 106 100
bottle 0.0015 246 151 280 168
bottle 0.0012 0 220 21 259
bottle 0.0011 225 126 261 155
chair 0.9969 283 120 357 261
chair 0.8925 394 91 504 306
chair 0.3115 475 100 500 138
chair 0.2373 123 111 294 276
chair 0.2299 98 166 137 188
chair 0.2228 18 178 230 339
chair 0.1287 291 110 346 182
chair 0.1193 119 121 223 189
chair 0.0830 208 160 293 273
chair 0.0755 397 88 476 201
chair 0.0594 66 218 201 321
chair 0.0536 398 197 504 313
chair 0.0519 473 81 500 272
chair 0.0508 130 166 227 279
chair 0.0381 37 188 214 270
chair 0.0262 114 144 239 211
chair 0.0232 473 95 499 192
chair 0.0227 129 111 295 194
chair 0.0204 249 110 294 166
chair 0.0201 354 120 386 242
chair 0.0186 175 153 263 285
chair 0.0178 27 111 235 290
chair 0.0169 118 169 176 191
chair 0.0165 133 215 220 328
chair 0.0143 40 181 99 202
chair 0.0128 30 97 110 204
chair 0.0124 33 163 146 213
chair 0.0110 459 98 484 137
chair 0.0106 238 107 341 201
chair 0.0104 0 168 20 264
chair 0.0104 444 214 499 322
chair 0.0098 105 182 184 199
chair 0.0089 471 149 500 320
chair 0.0085 32 162 233 223
chair 0.0084 382 138 418 252
chair 0.0072 208 110 303 169
chair 0.0070 479 156 498 204
chair 0.0067 252 110 291 133
chair 0.0066 358 115 424 250
chair 0.0065 9 217 106 317
chair 0.0058 0 235 23 262
chair 0.0056 140 79 338 236
chair 0.0051 223 248 362 369
chair 0.0049 441 104 499 274
chair 0.0047 215 110 299 245
chair 0.0042 0 205 26 305
chair 0.0040 479 80 499 133
chair 0.0040 0 185 98 273
chair 0.0038 38 253 86 299
chair 0.0036 77 160 139 196
chair 0.0035 400 90 462 146
chair 0.0034 13 131 110 223
chair 0.0030 354 125 373 178
chair 0.0029 39 167 102 195
chair 0.0029 448 80 498 154
chair 0.0024 335 50 479 254
chair 0.0022 209 107 365 266
chair 0.0021 14 90 112 286
chair 0.0020 0 97 23 260
chair 0.0019 85 253 189 329
chair 0.0019 0 194 14 243
chair 0.0018 100 121 139 190
chair 0.0017 388 180 410 207
chair 0.0017 200 170 238 298
chair 0.0017 264 54 373 253
chair 0.0016 2 200 46 311
chair 0.0016 38 204 175 300
chair 0.0016 -1 262 26 288
chair 0.0014 442 101 471 137
chair 0.0014 393 211 433 289
chair 0.0014 174 124 267 223
chair 0.0014 0 172 47 266
chair 0.0014 0 167 14 231
chair 0.0014 180 91 303 156
chair 0.0013 483 167 499 218
chair 0.0012 173 112 223 135
chair 0.0012 61 156 230 202
chair 0.0011 464 73 483 130
chair 0.0011 378 106 454 281
chair 0.0011 265 127 379 304
chair 0.0011 432 75 501 214
chair 0.0011 398 213 464 288
chair 0.0011 77 212 135 303
chair 0.0011 192 110 245 136
chair 0.0010 372 78 392 128
chair 0.0010 449 25 493 135
chair 0.0010 425 90 480 142
sofa 0.1737 129 111 295 194
sofa 0.0878 123 111 294 276
sofa 0.0156 140 79 338 236
sofa 0.0149 119 121 223 189
sofa 0.0050 114 144 239 211
sofa 0.0047 174 124 267 223
sofa 0.0031 18 138 231 319
sofa 0.0030 151 100 297 151
sofa 0.0028 0 168 20 264
sofa 0.0024 184 128 253 193
sofa 0.0022 210 105 302 213
sofa 0.0017 130 166 227 279
sofa 0.0013 256 317 379 375
pottedplant 0.1709 357 24 434 130
pottedplant 0.1545 42 13 124 115
pottedplant 0.1542 75 7 124 77
pottedplant 0.0255 -1 61 26 215
pottedplant 0.0224 8 4 119 211
pottedplant 0.0165 39 53 102 101
pottedplant 0.0156 24 60 112 156
pottedplant 0.0119 11 -3 109 100
pottedplant 0.0077 0 123 21 165
pottedplant 0.0075 0 49 53 106
pottedplant 0.0075 5 41 100 116
pottedplant 0.0068 180 91 303 156
pottedplant 0.0068 335 50 479 254
pottedplant 0.0063 232 113 290 163
pottedplant 0.0033 92 21 121 66
pottedplant 0.0032 66 -7 133 100
pottedplant 0.0030 14 62 45 102
pottedplant 0.0029 281 22 460 203
pottedplant 0.0026 -1 45 47 196
pottedplant 0.0022 246 151 280 168
pottedplant 0.0020 361 36 402 126
pottedplant 0.0019 21 49 80 103
pottedplant 0.0018 0 8 54 282
pottedplant 0.0018 369 70 406 130
pottedplant 0.0018 53 64 84 101
pottedplant 0.0018 329 55 422 159
pottedplant 0.0017 249 121 280 158
pottedplant 0.0016 0 220 21 259
pottedplant 0.0016 354 52 465 152
pottedplant 0.0013 475 100 500 138
pottedplant 0.0012 1 90 41 226
pottedplant 0.0012 0 6 27 162
pottedplant 0.0011 -4 21 70 142
pottedplant 0.0010 82 62 106 100
pottedplant 0.0010 40 0 94 93
pottedplant 0.0010 74 21 107 65
diningtable 0.2366 18 178 230 339
diningtable 0.1445 219 151 294 270
diningtable 0.0832 471 71 500 245
diningtable 0.0507 398 84 497 208
diningtable 0.0304 475 100 500 138
diningtable 0.0225 474 117 500 153
diningtable 0.0162 394 91 504 306
diningtable 0.0145 33 163 146 213
diningtable 0.0130 34 181 216 256
diningtable 0.0128 405 196 500 308
diningtable 0.0075 335 50 479 254
diningtable 0.0068 459 98 484 137
diningtable 0.0068 358 115 424 250
diningtable 0.0068 451 81 497 235
diningtable 0.0046 476 131 499 186
diningtable 0.0039 66 218 201 321
diningtable 0.0039 87 162 137 189
diningtable 0.0038 479 156 498 204
diningtable 0.0033 32 162 233 223
diningtable 0.0031 168 131 318 303
diningtable 0.0030 354 120 386 242
diningtable 0.0028 453 119 486 148
diningtable 0.0025 246 151 280 168
diningtable 0.0023 210 105 302 213
diningtable 0.0022 448 80 498 154
diningtable 0.0020 247 112 282 131
diningtable 0.0017 130 166 227 279
diningtable 0.0015 286 115 359 264
diningtable 0.0014 0 220 21 259
diningtable 0.0014 237 138 291 225
diningtable 0.0011 94 120 256 321
diningtable 0.0011 175 153 263 285
diningtable 0.0010 442 101 471 137
diningtable 0.0010 236 161 286 183
tvmonitor 0.0181 39 53 102 101
