person 0.1521 254 62 313 113
person 0.1337 131 64 186 108
person 0.0935 119 74 171 114
person 0.0687 316 73 363 128
person 0.0558 321 95 351 129
person 0.0528 128 69 162 104
person 0.0382 238 64 346 132
person 0.0336 261 78 325 118
person 0.0230 285 63 360 143
person 0.0215 315 86 357 149
person 0.0198 57 161 77 187
person 0.0178 154 61 206 108
person 0.0170 322 61 353 92
person 0.0131 269 49 366 120
person 0.0075 228 37 350 112
person 0.0072 117 83 146 114
person 0.0066 348 82 369 122
person 0.0064 226 62 292 107
person 0.0062 273 67 312 97
person 0.0035 300 83 338 118
person 0.0033 90 59 193 134
person 0.0033 116 70 146 102
person 0.0023 301 64 335 99
person 0.0020 101 145 136 174
person 0.0019 174 83 202 109
person 0.0015 20 168 42 202
person 0.0012 419 187 433 249
person 0.0012 110 48 206 116
person 0.0011 319 123 354 187
person 0.0010 324 126 351 158
bicycle 0.0021 18 171 42 210
car 0.9451 457 146 498 247
car 0.4008 40 36 389 329
car 0.0099 476 140 500 181
car 0.0014 268 69 364 131
car 0.0012 316 73 363 128
car 0.0012 319 87 351 124
car 0.0011 57 161 77 187
car 0.0010 461 155 488 198
bus 0.0018 93 15 477 342
dog 0.0096 254 62 313 113
dog 0.0076 261 78 325 118
dog 0.0047 238 64 346 132
dog 0.0024 119 74 171 114
dog 0.0023 321 95 351 129
dog 0.0015 131 64 186 108
chair 0.0055 348 82 369 122
chair 0.0015 18 171 42 210
