person 0.6663 -7 8 311 488
person 0.0324 228 222 306 338
person 0.0272 223 389 252 435
person 0.0196 197 149 304 354
person 0.0190 174 155 301 485
person 0.0077 -1 219 168 507
person 0.0067 233 394 262 436
person 0.0039 216 383 268 441
person 0.0031 -42 25 340 257
person 0.0030 161 238 203 319
person 0.0019 -1 41 149 457
person 0.0014 173 223 210 300
person 0.0013 242 217 271 252
bicycle 0.0086 291 345 321 439
bicycle 0.0014 186 255 317 492
bicycle 0.0013 274 325 346 481
car 0.0059 317 474 374 499
car 0.0013 185 285 318 502
car 0.0011 233 458 385 500
car 0.0011 300 449 369 501
motorbike 0.0037 185 285 318 502
bird 0.0052 223 389 252 435
bird 0.0013 216 383 268 441
dog 0.0013 223 389 252 435
horse 0.0029 223 389 252 435
horse 0.0015 216 383 268 441
bottle 0.1119 177 253 302 494
bottle 0.0110 183 136 292 450
bottle 0.0015 228 222 306 338
bottle 0.0012 192 212 278 365
chair 0.0058 177 253 302 494
chair 0.0037 -2 232 205 490
chair 0.0014 -25 7 323 366
chair 0.0014 166 478 200 499
chair 0.0012 278 326 317 430
chair 0.0010 -15 129 320 502
sofa 0.0040 177 253 302 494
diningtable 0.0018 -16 214 323 503
diningtable 0.0012 177 253 302 494
