person 0.8360 73 -6 423 385
person 0.4707 327 156 347 193
person 0.4667 377 159 400 189
person 0.3629 346 152 374 194
person 0.1980 303 156 330 195
person 0.0738 292 158 317 193
person 0.0581 307 147 334 183
person 0.0413 460 143 479 179
person 0.0372 357 158 390 189
person 0.0347 334 301 467 376
person 0.0291 350 147 384 181
person 0.0227 456 141 481 218
person 0.0215 418 143 441 176
person 0.0205 441 145 472 177
person 0.0186 344 152 394 207
person 0.0185 341 178 365 213
person 0.0172 323 226 472 372
person 0.0145 481 135 499 179
person 0.0079 347 189 432 276
person 0.0069 385 300 498 376
person 0.0066 319 153 350 209
person 0.0053 475 152 499 241
person 0.0049 442 156 468 195
person 0.0046 332 174 351 213
person 0.0045 435 160 468 238
person 0.0042 481 156 499 194
person 0.0035 373 160 415 207
person 0.0033 461 181 483 225
person 0.0029 382 215 499 373
person 0.0028 0 180 24 205
person 0.0027 409 254 497 348
person 0.0025 399 178 420 216
person 0.0024 442 174 464 223
person 0.0023 32 154 60 189
person 0.0022 399 182 430 248
person 0.0018 420 162 443 196
person 0.0017 282 147 323 198
person 0.0015 32 157 64 242
person 0.0015 49 183 79 255
person 0.0014 301 180 336 204
person 0.0013 53 179 74 208
person 0.0013 277 154 364 226
person 0.0012 1 103 30 133
person 0.0012 478 123 500 197
person 0.0012 200 13 504 364
person 0.0011 313 172 423 223
person 0.0010 313 127 330 164
bottle 0.0063 332 174 351 213
bottle 0.0035 114 193 141 236
bottle 0.0025 341 178 365 213
bottle 0.0025 331 259 400 357
bottle 0.0024 307 147 334 183
bottle 0.0021 303 156 330 195
bottle 0.0020 118 180 144 219
bottle 0.0018 108 165 151 235
bottle 0.0016 0 180 24 205
bottle 0.0011 32 154 60 189
chair 0.7712 -2 198 48 268
chair 0.5706 -1 249 109 373
chair 0.3690 352 183 402 209
chair 0.3378 413 200 498 319
chair 0.2541 420 174 442 216
chair 0.2185 428 189 449 245
chair 0.1783 399 178 420 216
chair 0.1674 464 188 485 234
chair 0.1268 369 176 411 209
chair 0.1212 57 206 110 257
chair 0.1212 436 186 455 242
chair 0.0993 31 192 60 265
chair 0.0922 434 181 469 246
chair 0.0852 454 184 487 245
chair 0.0819 68 198 99 241
chair 0.0800 442 174 464 223
chair 0.0582 49 183 79 255
chair 0.0566 332 174 351 213
chair 0.0556 341 178 365 213
chair 0.0520 334 209 424 295
chair 0.0460 0 214 29 262
chair 0.0414 418 164 450 235
chair 0.0411 8 210 40 264
chair 0.0404 89 191 113 243
chair 0.0319 401 190 423 240
chair 0.0313 377 159 400 189
chair 0.0262 357 158 390 189
chair 0.0238 0 180 24 205
chair 0.0224 420 162 443 196
chair 0.0203 2 197 44 229
chair 0.0180 114 193 141 236
chair 0.0176 51 216 73 258
chair 0.0171 409 254 497 348
chair 0.0161 476 189 499 320
chair 0.0154 8 188 100 264
chair 0.0154 346 152 374 194
chair 0.0153 301 180 336 204
chair 0.0147 327 156 347 193
chair 0.0139 68 179 92 206
chair 0.0127 476 189 496 237
chair 0.0126 456 196 492 271
chair 0.0121 387 220 426 294
chair 0.0120 424 358 477 376
chair 0.0119 0 199 27 232
chair 0.0116 12 184 43 206
chair 0.0116 473 161 499 273
chair 0.0097 303 156 330 195
chair 0.0090 442 156 468 195
chair 0.0082 399 166 427 201
chair 0.0082 479 173 499 224
chair 0.0079 457 149 479 196
chair 0.0076 360 203 421 230
chair 0.0075 339 173 413 214
chair 0.0074 53 179 74 208
chair 0.0071 -1 184 33 256
chair 0.0068 -1 224 104 304
chair 0.0067 292 158 317 193
chair 0.0066 -2 195 63 302
chair 0.0063 44 177 135 257
chair 0.0055 425 199 483 265
chair 0.0050 480 207 499 268
chair 0.0047 9 335 114 375
chair 0.0046 83 198 117 260
chair 0.0043 361 189 421 246
chair 0.0043 0 206 28 382
chair 0.0040 47 230 77 263
chair 0.0040 415 263 488 317
chair 0.0040 481 135 499 179
chair 0.0040 481 156 499 194
chair 0.0039 37 179 60 208
chair 0.0038 397 170 434 225
chair 0.0037 420 219 487 286
chair 0.0035 64 237 102 261
chair 0.0033 35 247 138 366
chair 0.0032 76 36 422 389
chair 0.0032 88 181 112 214
chair 0.0032 70 343 107 374
chair 0.0031 2 221 187 366
chair 0.0028 420 208 443 250
chair 0.0028 331 249 409 348
chair 0.0026 323 180 486 358
chair 0.0026 328 194 353 223
chair 0.0024 391 196 427 270
chair 0.0023 399 291 503 376
chair 0.0022 444 320 498 375
chair 0.0022 350 217 394 255
chair 0.0021 131 226 435 370
chair 0.0021 445 356 492 374
chair 0.0020 444 225 498 321
chair 0.0020 0 140 21 180
chair 0.0019 118 180 144 219
chair 0.0019 382 215 499 373
chair 0.0019 103 185 146 238
chair 0.0018 463 212 485 257
chair 0.0017 25 312 147 373
chair 0.0016 85 162 116 239
chair 0.0015 0 170 27 196
chair 0.0014 411 196 451 262
chair 0.0013 65 164 105 238
chair 0.0013 389 239 423 274
sofa 0.0210 329 196 424 264
sofa 0.0058 346 207 428 295
sofa 0.0051 413 200 498 319
sofa 0.0027 409 254 497 348
sofa 0.0024 23 155 412 367
sofa 0.0021 385 300 498 376
sofa 0.0017 335 256 450 363
sofa 0.0014 131 226 435 370
sofa 0.0012 313 172 423 223
pottedplant 0.2506 45 145 95 199
pottedplant 0.2463 58 135 113 193
pottedplant 0.2311 80 99 173 218
pottedplant 0.1237 21 157 45 191
pottedplant 0.1149 32 154 60 189
pottedplant 0.0913 23 150 73 196
pottedplant 0.0759 303 156 330 195
pottedplant 0.0627 49 161 87 197
pottedplant 0.0468 67 160 94 199
pottedplant 0.0428 0 170 27 196
pottedplant 0.0370 141 159 189 205
pottedplant 0.0350 69 141 100 183
pottedplant 0.0343 3 124 103 188
pottedplant 0.0292 82 141 120 212
pottedplant 0.0287 6 150 52 201
pottedplant 0.0278 0 180 24 205
pottedplant 0.0234 442 156 468 195
pottedplant 0.0199 17 135 103 237
pottedplant 0.0191 50 128 147 245
pottedplant 0.0169 12 184 43 206
pottedplant 0.0161 61 44 193 248
pottedplant 0.0159 420 162 443 196
pottedplant 0.0150 108 165 151 235
pottedplant 0.0143 20 149 50 181
pottedplant 0.0143 33 129 134 196
pottedplant 0.0126 85 162 116 239
pottedplant 0.0124 87 157 113 197
pottedplant 0.0115 99 123 155 231
pottedplant 0.0080 53 179 74 208
pottedplant 0.0073 457 149 479 196
pottedplant 0.0072 307 147 334 183
pottedplant 0.0059 301 180 336 204
pottedplant 0.0058 0 140 21 180
pottedplant 0.0056 68 179 92 206
pottedplant 0.0052 117 146 164 210
pottedplant 0.0048 -2 137 59 188
pottedplant 0.0045 32 157 64 242
pottedplant 0.0042 436 144 473 214
pottedplant 0.0037 -1 143 31 204
pottedplant 0.0036 88 181 112 214
pottedplant 0.0036 341 178 365 213
pottedplant 0.0035 464 188 485 234
pottedplant 0.0034 296 163 342 219
pottedplant 0.0034 65 164 105 238
pottedplant 0.0034 441 145 472 177
pottedplant 0.0033 89 0 247 212
pottedplant 0.0028 118 93 205 210
pottedplant 0.0025 2 169 46 229
pottedplant 0.0024 99 60 182 189
pottedplant 0.0023 4 107 39 127
pottedplant 0.0020 418 143 441 176
pottedplant 0.0020 129 159 157 203
pottedplant 0.0019 50 163 84 238
pottedplant 0.0018 37 179 60 208
pottedplant 0.0018 481 135 499 179
pottedplant 0.0015 62 189 110 250
pottedplant 0.0015 21 99 172 275
pottedplant 0.0013 85 142 115 185
pottedplant 0.0012 89 191 113 243
pottedplant 0.0012 481 156 499 194
pottedplant 0.0010 332 174 351 213
pottedplant 0.0010 9 134 81 151
diningtable 0.2332 352 183 402 209
diningtable 0.2212 329 196 424 264
diningtable 0.1623 -1 249 109 373
diningtable 0.0928 420 174 442 216
diningtable 0.0614 369 176 411 209
diningtable 0.0599 8 188 100 264
diningtable 0.0515 12 184 43 206
diningtable 0.0455 -2 198 48 268
diningtable 0.0431 0 180 24 205
diningtable 0.0404 57 206 110 257
diningtable 0.0390 341 178 365 213
diningtable 0.0363 301 180 336 204
diningtable 0.0363 357 158 390 189
diningtable 0.0349 428 189 449 245
diningtable 0.0335 313 172 423 223
diningtable 0.0307 334 201 419 222
diningtable 0.0240 377 159 400 189
diningtable 0.0206 442 174 464 223
diningtable 0.0200 68 198 99 241
diningtable 0.0174 49 183 79 255
diningtable 0.0171 423 250 482 269
diningtable 0.0140 461 181 483 225
diningtable 0.0137 44 177 135 257
diningtable 0.0133 336 201 375 218
diningtable 0.0129 332 174 351 213
diningtable 0.0120 2 197 44 229
diningtable 0.0118 420 162 443 196
diningtable 0.0117 442 156 468 195
diningtable 0.0111 -1 224 104 304
diningtable 0.0108 346 152 374 194
diningtable 0.0108 385 300 498 376
diningtable 0.0107 435 160 468 238
diningtable 0.0104 444 320 498 375
diningtable 0.0098 31 188 62 258
diningtable 0.0083 418 164 450 235
diningtable 0.0071 0 199 27 232
diningtable 0.0065 399 178 420 216
diningtable 0.0060 334 301 467 376
diningtable 0.0053 68 179 92 206
diningtable 0.0052 436 186 455 242
diningtable 0.0050 399 166 427 201
diningtable 0.0047 481 156 499 194
diningtable 0.0047 479 173 499 224
diningtable 0.0042 415 192 499 317
diningtable 0.0042 89 191 113 243
diningtable 0.0041 414 152 489 233
diningtable 0.0040 361 189 421 246
diningtable 0.0040 53 179 74 208
diningtable 0.0039 37 179 60 208
diningtable 0.0037 327 156 347 193
diningtable 0.0031 278 185 375 265
diningtable 0.0031 51 216 73 258
diningtable 0.0030 8 210 40 264
diningtable 0.0029 457 149 479 196
diningtable 0.0029 131 226 435 370
diningtable 0.0027 335 164 376 216
diningtable 0.0027 185 318 450 378
diningtable 0.0027 1 224 26 273
diningtable 0.0026 418 258 483 280
diningtable 0.0025 99 287 474 376
diningtable 0.0025 -1 184 33 256
diningtable 0.0024 420 219 487 286
diningtable 0.0021 328 194 353 223
diningtable 0.0020 303 156 330 195
diningtable 0.0020 424 358 477 376
diningtable 0.0019 359 169 463 225
diningtable 0.0018 17 135 103 237
diningtable 0.0018 285 167 387 229
diningtable 0.0018 114 193 141 236
diningtable 0.0018 476 189 496 237
diningtable 0.0018 454 161 484 233
diningtable 0.0017 415 253 483 303
diningtable 0.0016 296 163 342 219
diningtable 0.0014 2 169 46 229
diningtable 0.0013 344 152 394 207
diningtable 0.0013 103 185 146 238
diningtable 0.0012 401 190 423 240
diningtable 0.0012 441 145 472 177
diningtable 0.0011 335 256 450 363
diningtable 0.0011 2 221 187 366
diningtable 0.0010 418 143 441 176
diningtable 0.0010 332 210 386 263
diningtable 0.0010 332 186 378 250
diningtable 0.0010 409 254 497 348
diningtable 0.0010 183 349 467 387
tvmonitor 0.0528 481 135 499 179
tvmonitor 0.0421 441 145 472 177
tvmonitor 0.0300 418 143 441 176
tvmonitor 0.0219 460 143 479 179
tvmonitor 0.0170 424 137 478 182
tvmonitor 0.0052 464 188 485 234
tvmonitor 0.0032 478 123 500 197
tvmonitor 0.0025 481 156 499 194
tvmonitor 0.0017 0 140 21 180
tvmonitor 0.0016 451 137 491 185
tvmonitor 0.0011 475 189 500 282
tvmonitor 0.0010 454 184 487 245
