person 0.6511 122 25 314 326
person 0.0474 4 247 133 330
person 0.0106 -8 5 290 338
person 0.0019 268 188 368 312
person 0.0012 305 213 360 286
person 0.0011 96 89 468 325
bicycle 0.0201 235 167 492 340
bicycle 0.0016 227 243 448 331
bicycle 0.0010 107 21 388 327
motorbike 0.3036 100 157 409 335
motorbike 0.0754 10 189 347 324
motorbike 0.0417 124 45 313 336
motorbike 0.0059 72 252 323 329
motorbike 0.0052 235 167 492 340
motorbike 0.0046 189 239 317 333
motorbike 0.0027 268 188 368 312
motorbike 0.0020 114 3 447 340
motorbike 0.0017 84 208 263 294
motorbike 0.0013 4 247 133 330
motorbike 0.0010 243 223 414 328
boat 0.0075 10 189 347 324
boat 0.0064 41 256 288 328
boat 0.0032 4 247 133 330
bottle 0.0036 319 185 351 210
bottle 0.0012 -3 247 140 333
bottle 0.0012 288 183 345 212
chair 0.0033 336 286 492 326
chair 0.0031 4 247 133 330
chair 0.0024 227 243 448 331
sofa 0.0029 10 189 347 324
sofa 0.0010 4 247 133 330
