person 0.6636 276 77 351 213
person 0.6526 299 160 421 347
person 0.3481 127 87 285 305
person 0.2978 201 127 289 259
person 0.2346 184 95 290 189
person 0.2177 188 115 301 334
person 0.1918 281 103 368 259
person 0.1895 314 173 402 293
person 0.1535 1 89 169 360
person 0.0806 232 86 358 295
person 0.0583 67 79 433 374
person 0.0459 305 129 406 255
person 0.0265 192 93 248 177
person 0.0190 23 88 249 296
person 0.0170 244 122 274 150
person 0.0152 115 92 202 204
person 0.0145 238 130 282 193
person 0.0143 196 139 254 209
person 0.0113 185 168 398 355
person 0.0103 305 256 421 344
person 0.0081 329 188 388 246
person 0.0077 339 206 440 336
person 0.0074 158 94 276 150
person 0.0070 306 126 365 191
person 0.0068 173 106 228 174
person 0.0049 276 79 328 154
person 0.0044 183 122 223 190
person 0.0043 198 99 249 138
person 0.0039 243 115 269 139
person 0.0039 108 95 217 150
person 0.0036 230 79 330 202
person 0.0032 282 102 304 137
person 0.0030 234 168 281 228
person 0.0029 328 130 477 318
person 0.0029 487 99 499 145
person 0.0027 97 96 143 148
person 0.0027 244 136 275 176
person 0.0025 277 104 441 286
person 0.0022 202 200 298 323
person 0.0019 114 220 382 370
person 0.0017 367 161 453 291
person 0.0017 261 297 290 337
person 0.0017 476 166 500 309
person 0.0016 184 78 310 247
person 0.0016 291 127 415 191
person 0.0015 223 100 256 138
person 0.0014 247 190 336 334
person 0.0014 55 175 299 363
person 0.0013 0 126 22 308
person 0.0013 114 82 178 147
person 0.0013 266 219 303 321
person 0.0012 103 109 140 139
person 0.0012 235 96 290 149
person 0.0012 255 89 302 150
person 0.0012 200 136 276 187
person 0.0012 285 107 338 200
person 0.0012 283 79 308 123
person 0.0011 273 215 445 365
person 0.0011 481 228 499 318
person 0.0011 484 212 500 257
person 0.0011 347 198 397 263
person 0.0011 457 15 492 38
person 0.0010 243 258 348 357
bicycle 0.0018 481 228 499 318
cat 0.0010 198 135 294 294
bottle 0.0074 365 226 396 247
bottle 0.0066 269 221 293 255
bottle 0.0065 489 262 500 321
bottle 0.0035 487 99 499 145
bottle 0.0024 454 253 477 285
bottle 0.0016 373 295 405 333
bottle 0.0014 208 185 237 210
bottle 0.0013 418 212 444 253
chair 0.8829 387 73 495 298
chair 0.2139 1 138 170 374
chair 0.1294 381 137 413 177
chair 0.1107 170 119 204 149
chair 0.0824 439 155 499 297
chair 0.0683 367 161 453 291
chair 0.0604 414 70 492 213
chair 0.0501 375 135 422 221
chair 0.0367 299 160 421 347
chair 0.0290 1 84 283 377
chair 0.0261 476 166 500 309
chair 0.0206 115 92 202 204
chair 0.0174 360 138 387 180
chair 0.0162 244 122 274 150
chair 0.0151 305 129 406 255
chair 0.0145 103 109 140 139
chair 0.0143 173 106 228 174
chair 0.0141 168 114 209 167
chair 0.0129 368 172 427 260
chair 0.0121 351 131 402 186
chair 0.0113 0 145 22 322
chair 0.0103 259 128 288 151
chair 0.0102 178 121 215 156
chair 0.0100 487 99 499 145
chair 0.0094 328 130 477 318
chair 0.0080 171 90 273 200
chair 0.0071 484 212 500 257
chair 0.0067 190 136 215 177
chair 0.0063 471 123 500 273
chair 0.0059 485 191 500 242
chair 0.0055 352 138 395 220
chair 0.0052 356 91 453 203
chair 0.0041 274 256 395 347
chair 0.0037 314 173 402 293
chair 0.0037 178 109 217 139
chair 0.0037 99 114 137 152
chair 0.0035 130 205 160 232
chair 0.0034 400 211 498 290
chair 0.0032 201 127 289 259
chair 0.0031 215 128 265 150
chair 0.0031 482 233 500 275
chair 0.0031 2 136 41 334
chair 0.0031 482 93 500 188
chair 0.0030 487 240 500 308
chair 0.0030 437 80 501 352
chair 0.0029 363 181 394 216
chair 0.0027 16 268 160 357
chair 0.0027 449 217 500 288
chair 0.0023 243 115 269 139
chair 0.0023 244 136 275 176
chair 0.0023 111 101 304 334
chair 0.0020 183 122 223 190
chair 0.0019 377 180 412 216
chair 0.0019 85 221 332 375
chair 0.0019 202 200 298 323
chair 0.0019 321 118 419 195
chair 0.0017 196 123 247 148
chair 0.0016 282 102 304 137
chair 0.0015 281 103 368 259
chair 0.0015 356 162 391 190
chair 0.0015 304 165 326 189
chair 0.0014 234 221 430 367
chair 0.0014 95 125 127 157
chair 0.0012 481 61 499 148
chair 0.0012 390 197 426 227
chair 0.0012 185 168 398 355
chair 0.0012 344 160 402 234
chair 0.0011 223 100 256 138
chair 0.0011 261 134 284 175
chair 0.0011 386 179 432 288
chair 0.0011 356 115 392 131
chair 0.0011 105 112 185 236
chair 0.0011 119 102 243 179
chair 0.0010 451 117 496 238
chair 0.0010 8 111 175 195
chair 0.0010 265 109 298 136
chair 0.0010 107 220 143 242
chair 0.0010 112 82 460 366
chair 0.0010 108 95 217 150
sofa 0.2623 13 85 253 369
sofa 0.2292 67 79 433 374
sofa 0.0646 111 101 304 334
sofa 0.0317 115 92 202 204
sofa 0.0154 114 220 382 370
sofa 0.0149 170 119 204 149
sofa 0.0149 299 160 421 347
sofa 0.0128 191 90 298 304
sofa 0.0115 55 175 299 363
sofa 0.0100 193 110 385 337
sofa 0.0078 171 90 273 200
sofa 0.0074 173 106 228 174
sofa 0.0065 -2 150 148 367
sofa 0.0065 168 114 209 167
sofa 0.0059 119 102 243 179
sofa 0.0051 274 256 395 347
sofa 0.0042 234 221 430 367
sofa 0.0039 202 200 298 323
sofa 0.0030 257 179 338 333
sofa 0.0030 8 111 175 195
sofa 0.0029 183 122 223 190
sofa 0.0029 99 81 198 158
sofa 0.0024 97 106 141 163
sofa 0.0021 3 90 168 293
sofa 0.0019 0 194 423 393
sofa 0.0019 263 213 300 300
sofa 0.0018 190 136 215 177
sofa 0.0017 103 109 140 139
sofa 0.0017 300 216 496 369
sofa 0.0015 0 145 22 322
sofa 0.0014 178 121 215 156
sofa 0.0014 1 98 108 188
sofa 0.0014 346 256 447 340
sofa 0.0013 271 304 451 360
sofa 0.0013 141 129 265 220
sofa 0.0012 274 86 368 284
sofa 0.0012 205 128 298 227
sofa 0.0011 238 130 282 193
sofa 0.0011 378 72 491 211
sofa 0.0010 105 112 185 236
sofa 0.0010 243 258 348 357
sofa 0.0010 158 94 276 150
sofa 0.0010 259 128 288 151
diningtable 0.0064 321 118 419 195
diningtable 0.0052 357 134 430 228
diningtable 0.0051 305 129 406 255
diningtable 0.0041 351 131 402 186
diningtable 0.0032 355 125 400 143
diningtable 0.0025 170 119 204 149
diningtable 0.0023 376 127 417 150
diningtable 0.0015 360 138 387 180
diningtable 0.0012 243 115 269 139
diningtable 0.0012 244 122 274 150
diningtable 0.0011 381 137 413 177
diningtable 0.0011 277 104 441 286
diningtable 0.0010 370 115 417 175
diningtable 0.0010 356 162 391 190
tvmonitor 0.5930 355 73 409 119
tvmonitor 0.0144 378 72 491 211
tvmonitor 0.0102 415 75 493 173
tvmonitor 0.0049 170 119 204 149
tvmonitor 0.0031 374 72 408 104
tvmonitor 0.0027 356 115 392 131
tvmonitor 0.0022 97 106 141 163
tvmonitor 0.0021 103 109 140 139
tvmonitor 0.0021 99 81 198 158
