person 0.5723 166 163 357 343
person 0.4606 4 181 200 463
person 0.1156 85 203 120 286
person 0.0969 119 150 251 360
person 0.0849 87 178 208 389
person 0.0693 46 238 72 306
person 0.0406 13 173 362 476
person 0.0336 178 217 342 413
person 0.0281 0 452 18 502
person 0.0171 151 189 224 330
person 0.0166 109 161 192 264
person 0.0106 222 193 382 458
person 0.0100 164 164 195 238
person 0.0099 205 206 332 316
person 0.0093 167 153 239 290
person 0.0077 181 167 356 262
person 0.0065 200 222 232 253
person 0.0065 84 191 286 449
person 0.0063 125 220 200 370
person 0.0051 251 227 345 336
person 0.0040 116 196 196 306
person 0.0039 170 205 229 277
person 0.0035 260 221 291 256
person 0.0033 87 237 109 284
person 0.0030 174 196 265 319
person 0.0022 301 201 372 361
person 0.0020 58 214 176 368
person 0.0019 188 217 242 268
person 0.0016 165 174 185 229
person 0.0015 81 198 155 301
person 0.0013 246 181 340 302
person 0.0011 117 175 162 200
person 0.0011 -20 95 249 418
person 0.0011 7 248 85 389
person 0.0010 163 273 201 358
person 0.0010 112 118 408 397
car 0.0012 11 473 45 500
bird 0.0018 201 320 311 404
cat 0.0022 203 231 313 333
cat 0.0013 260 221 291 256
cat 0.0010 191 319 316 396
dog 0.1690 203 229 325 335
dog 0.1620 173 184 352 386
dog 0.0272 186 217 280 341
dog 0.0124 217 238 278 320
dog 0.0054 247 230 336 362
dog 0.0053 210 230 270 287
dog 0.0045 198 263 330 389
dog 0.0027 214 265 262 329
dog 0.0021 264 240 321 313
dog 0.0019 260 221 291 256
dog 0.0019 160 191 232 334
dog 0.0018 246 204 347 311
dog 0.0010 201 320 311 404
bottle 0.0301 191 319 316 396
bottle 0.0227 152 240 201 316
bottle 0.0184 203 324 256 381
bottle 0.0173 166 276 195 308
bottle 0.0155 139 214 210 346
bottle 0.0149 246 329 309 382
bottle 0.0067 133 230 181 290
bottle 0.0067 220 333 253 373
bottle 0.0067 162 237 188 277
bottle 0.0066 182 340 209 379
bottle 0.0055 235 322 272 347
bottle 0.0045 278 337 309 380
bottle 0.0038 200 339 225 375
bottle 0.0037 163 273 201 358
bottle 0.0037 186 318 203 362
bottle 0.0033 254 320 292 344
bottle 0.0030 179 357 210 384
bottle 0.0026 218 323 254 357
bottle 0.0025 0 452 18 502
bottle 0.0025 195 224 231 331
bottle 0.0024 116 196 196 306
bottle 0.0022 176 326 215 385
bottle 0.0022 200 321 228 355
bottle 0.0019 199 273 224 320
bottle 0.0019 279 322 308 354
bottle 0.0018 237 336 267 374
bottle 0.0017 141 237 172 283
bottle 0.0016 253 341 299 375
bottle 0.0015 137 236 186 362
bottle 0.0010 138 277 166 307
chair 0.0122 0 445 43 501
chair 0.0119 5 268 47 294
chair 0.0110 0 452 18 502
chair 0.0104 11 473 45 500
chair 0.0098 208 188 380 386
chair 0.0091 246 204 347 311
chair 0.0087 75 163 370 482
chair 0.0078 7 246 46 270
chair 0.0053 3 286 44 307
chair 0.0052 1 245 46 308
chair 0.0048 83 319 356 484
chair 0.0045 30 397 118 496
chair 0.0037 0 317 39 394
chair 0.0037 3 236 46 251
chair 0.0034 9 294 211 492
chair 0.0033 -13 287 390 512
chair 0.0033 -2 353 43 401
chair 0.0033 139 162 332 405
chair 0.0031 47 251 70 302
chair 0.0031 181 167 356 262
chair 0.0029 2 384 67 496
chair 0.0029 8 299 87 405
chair 0.0028 288 181 377 480
chair 0.0027 0 303 19 329
chair 0.0024 48 239 71 281
chair 0.0016 343 192 370 218
chair 0.0016 301 201 372 361
chair 0.0015 118 407 332 497
chair 0.0014 0 321 18 360
chair 0.0014 308 438 347 499
chair 0.0013 335 406 371 498
chair 0.0013 83 211 120 293
chair 0.0013 335 189 373 327
chair 0.0012 2 299 44 370
chair 0.0012 332 299 373 376
chair 0.0012 0 338 21 365
chair 0.0011 0 395 46 466
chair 0.0011 165 174 185 229
chair 0.0010 5 297 40 327
sofa 0.1483 173 184 352 386
sofa 0.0217 222 193 382 458
sofa 0.0090 73 136 375 445
sofa 0.0067 181 167 356 262
sofa 0.0062 -13 287 390 512
sofa 0.0047 105 170 256 389
sofa 0.0022 246 204 347 311
sofa 0.0021 9 294 211 492
sofa 0.0017 8 299 87 405
sofa 0.0014 0 229 72 339
sofa 0.0013 81 369 360 497
sofa 0.0012 301 201 372 361
sofa 0.0010 30 397 118 496
pottedplant 0.0015 0 452 18 502
diningtable 0.0570 83 319 356 484
diningtable 0.0118 6 229 372 505
diningtable 0.0057 125 327 311 414
diningtable 0.0051 113 373 274 430
diningtable 0.0026 -45 335 421 521
diningtable 0.0023 5 268 47 294
diningtable 0.0017 7 246 46 270
diningtable 0.0010 131 195 330 442
diningtable 0.0010 3 286 44 307
tvmonitor 0.0015 106 154 164 209
