person 0.0161 403 337 434 365
person 0.0126 2 321 41 374
person 0.0080 200 287 243 307
person 0.0068 168 285 189 312
person 0.0046 0 322 33 354
person 0.0041 11 342 41 378
person 0.0037 244 283 287 304
person 0.0036 12 32 96 149
person 0.0034 190 286 220 310
person 0.0034 37 196 61 226
person 0.0027 213 280 265 306
person 0.0019 277 280 321 300
person 0.0019 1 256 43 360
person 0.0018 381 323 402 365
person 0.0013 414 341 440 377
person 0.0011 377 306 399 342
person 0.0010 392 318 440 372
car 0.9665 64 276 414 378
car 0.2332 2 321 41 374
car 0.0202 0 294 42 362
car 0.0194 456 379 491 398
car 0.0120 180 274 379 366
car 0.0106 274 319 395 370
car 0.0088 0 322 33 354
car 0.0075 43 85 452 385
car 0.0058 403 337 434 365
car 0.0031 67 311 109 365
car 0.0024 61 213 433 355
car 0.0023 91 173 406 304
car 0.0022 167 257 393 306
car 0.0017 381 323 402 365
car 0.0017 1 269 101 373
car 0.0015 11 342 41 378
car 0.0015 75 280 200 363
car 0.0014 366 308 395 333
car 0.0011 123 209 397 282
car 0.0010 1 321 109 383
car 0.0010 48 325 150 373
car 0.0010 159 276 362 305
motorbike 0.0183 2 321 41 374
aeroplane 0.0059 2 321 41 374
aeroplane 0.0040 0 322 33 354
aeroplane 0.0012 33 188 140 234
bus 0.0082 2 321 41 374
bus 0.0034 2 72 418 398
train 0.0040 43 85 452 385
boat 0.0026 2 321 41 374
boat 0.0014 0 322 33 354
cat 0.0214 348 188 463 377
cat 0.0181 345 194 454 230
cat 0.0018 348 190 452 278
cat 0.0010 353 201 444 222
chair 0.0024 456 379 491 398
pottedplant 0.0095 354 215 451 349
tvmonitor 0.1783 91 18 406 154
tvmonitor 0.0606 12 32 96 149
tvmonitor 0.0367 399 24 488 155
tvmonitor 0.0088 -2 -19 426 193
tvmonitor 0.0035 111 5 392 64
tvmonitor 0.0016 390 10 496 228
