person 0.9343 115 193 147 283
person 0.9287 161 187 189 286
person 0.8972 366 173 380 246
person 0.8968 225 193 255 261
person 0.8545 78 183 102 262
person 0.8482 392 196 430 281
person 0.7485 380 183 396 246
person 0.6201 443 178 463 245
person 0.4749 479 188 498 250
person 0.3461 420 172 435 225
person 0.2091 381 189 408 278
person 0.0399 417 174 439 246
person 0.0291 401 197 427 233
person 0.0255 55 187 78 217
person 0.0242 131 198 152 236
person 0.0158 384 202 403 260
person 0.0145 381 183 399 220
person 0.0140 410 175 430 219
person 0.0126 399 135 434 249
person 0.0111 169 193 190 238
person 0.0104 189 156 208 202
person 0.0101 117 197 138 234
person 0.0099 347 198 367 231
person 0.0099 153 207 176 247
person 0.0085 152 172 187 259
person 0.0076 477 186 499 217
person 0.0052 223 156 250 187
person 0.0048 77 182 99 217
person 0.0045 396 205 421 257
person 0.0044 203 158 233 192
person 0.0043 91 206 107 256
person 0.0041 308 180 352 216
person 0.0041 385 229 406 277
person 0.0037 244 208 266 249
person 0.0037 204 208 232 250
person 0.0035 400 146 427 199
person 0.0034 116 203 137 257
person 0.0033 172 154 195 196
person 0.0033 94 188 186 281
person 0.0032 445 213 469 249
person 0.0032 222 141 264 246
person 0.0030 371 159 445 261
person 0.0029 164 143 199 239
person 0.0028 171 173 193 221
person 0.0025 460 195 481 230
person 0.0025 90 196 107 235
person 0.0024 449 181 490 253
person 0.0022 236 197 266 261
person 0.0020 399 233 427 279
person 0.0019 314 197 351 218
person 0.0015 189 200 214 238
person 0.0014 409 190 440 272
person 0.0013 453 217 484 250
person 0.0010 226 180 251 214
bicycle 0.0063 391 213 431 281
bicycle 0.0031 228 204 251 259
bicycle 0.0016 479 204 499 256
bicycle 0.0012 399 233 427 279
bicycle 0.0010 385 229 406 277
car 0.0568 303 182 344 213
car 0.0300 245 198 268 236
car 0.0135 55 187 78 217
car 0.0112 479 204 499 256
car 0.0050 43 161 175 221
car 0.0048 314 197 351 218
car 0.0036 295 172 352 219
car 0.0024 263 178 301 220
car 0.0022 224 187 256 257
car 0.0021 443 178 463 245
car 0.0019 77 182 99 217
car 0.0012 248 170 267 223
motorbike 0.0025 55 187 78 217
aeroplane 0.0043 43 161 175 221
aeroplane 0.0027 29 118 260 241
bus 0.5794 172 129 265 252
bus 0.3724 51 117 272 241
bus 0.1357 53 132 192 226
bus 0.0881 260 170 305 218
bus 0.0511 295 172 352 219
bus 0.0460 303 182 344 213
bus 0.0104 164 143 199 239
bus 0.0076 244 159 264 196
bus 0.0068 239 157 267 231
bus 0.0055 222 141 264 246
bus 0.0037 250 168 355 218
bus 0.0032 248 170 267 223
bus 0.0018 223 156 250 187
bus 0.0015 192 144 251 211
bus 0.0012 179 152 215 230
train 0.0113 51 117 272 241
train 0.0086 172 123 262 241
train 0.0063 43 161 175 221
boat 0.0022 29 118 260 241
boat 0.0019 53 132 192 226
dog 0.0031 391 213 431 281
dog 0.0030 385 229 406 277
dog 0.0011 399 233 427 279
horse 0.0017 78 183 102 262
horse 0.0011 225 193 255 261
chair 0.0102 479 204 499 256
chair 0.0020 445 213 469 249
chair 0.0015 453 217 484 250
chair 0.0011 443 178 463 245
chair 0.0010 391 213 431 281
diningtable 0.0024 479 204 499 256
diningtable 0.0010 445 213 469 249
