person 0.0091 479 13 500 110
person 0.0062 294 305 354 332
person 0.0049 0 17 52 301
person 0.0049 0 0 24 43
person 0.0037 0 10 26 296
person 0.0032 170 293 414 332
person 0.0026 180 114 213 149
person 0.0026 1 -6 41 125
person 0.0026 115 155 247 242
person 0.0023 0 3 28 78
person 0.0019 377 313 403 331
person 0.0017 231 45 258 123
person 0.0013 479 3 500 45
person 0.0012 1 -1 44 58
person 0.0011 287 104 314 139
person 0.0011 -21 152 447 325
person 0.0010 10 0 99 101
car 0.0093 0 158 498 323
car 0.0087 157 215 474 328
car 0.0066 16 226 408 324
car 0.0012 284 297 462 329
bus 0.0482 85 11 490 321
bus 0.0125 0 158 498 323
bus 0.0052 155 199 477 317
bus 0.0010 71 -9 437 202
train 0.0035 71 -9 437 202
train 0.0018 85 11 490 321
train 0.0011 157 215 474 328
bird 0.0055 231 45 258 123
bottle 0.0872 11 0 122 269
bottle 0.0245 0 17 52 301
bottle 0.0064 231 45 258 123
bottle 0.0047 473 36 499 199
bottle 0.0043 287 104 314 139
bottle 0.0036 452 75 501 199
bottle 0.0035 467 114 500 201
bottle 0.0033 412 91 493 188
bottle 0.0031 28 56 115 204
bottle 0.0023 0 -4 30 243
bottle 0.0022 479 13 500 110
bottle 0.0019 477 131 500 172
bottle 0.0018 368 66 457 137
bottle 0.0015 290 108 344 136
bottle 0.0014 143 203 174 264
bottle 0.0014 57 11 80 62
bottle 0.0010 437 78 458 115
bottle 0.0010 85 11 490 321
chair 0.0056 480 24 499 135
chair 0.0051 454 203 500 263
chair 0.0022 453 189 500 317
chair 0.0020 475 203 499 340
chair 0.0017 116 100 176 157
chair 0.0014 467 114 500 201
chair 0.0014 485 42 500 110
chair 0.0013 473 36 499 199
pottedplant 0.0257 11 0 122 269
pottedplant 0.0227 40 1 87 68
pottedplant 0.0044 10 0 99 101
pottedplant 0.0041 57 11 80 62
pottedplant 0.0010 27 7 117 153
pottedplant 0.0010 35 30 92 91
pottedplant 0.0010 39 16 65 61
diningtable 0.0028 -19 227 381 322
diningtable 0.0012 49 290 381 330
tvmonitor 0.0260 71 -9 437 202
tvmonitor 0.0156 180 114 213 149
tvmonitor 0.0028 -12 -7 368 334
tvmonitor 0.0025 115 155 247 242
tvmonitor 0.0017 480 24 499 135
tvmonitor 0.0010 156 110 219 155
