person 0.6142 19 202 179 482
person 0.0225 16 204 318 518
person 0.0051 93 261 184 381
person 0.0046 187 264 206 305
person 0.0037 129 37 257 135
person 0.0033 110 14 275 167
person 0.0027 173 11 211 43
person 0.0019 73 212 247 450
person 0.0014 144 289 254 351
person 0.0013 198 253 232 310
person 0.0011 216 286 256 314
bicycle 0.0018 125 66 263 146
car 0.0327 110 14 275 167
car 0.0088 120 51 241 138
car 0.0082 104 79 245 174
bird 0.0045 173 11 211 43
bottle 0.0299 206 257 228 305
bottle 0.0203 222 259 245 297
bottle 0.0167 187 264 206 305
bottle 0.0131 261 263 280 297
bottle 0.0119 237 263 258 300
bottle 0.0092 275 320 305 357
bottle 0.0079 146 264 175 295
bottle 0.0070 261 316 284 360
bottle 0.0060 202 274 225 311
bottle 0.0043 208 363 243 422
bottle 0.0037 220 252 243 280
bottle 0.0037 262 297 311 363
bottle 0.0031 28 134 49 168
bottle 0.0017 121 261 209 337
bottle 0.0016 265 332 290 369
bottle 0.0016 234 276 265 312
bottle 0.0016 156 346 185 379
bottle 0.0015 269 299 306 334
bottle 0.0015 216 286 256 314
bottle 0.0014 188 345 212 374
bottle 0.0013 253 266 291 326
bottle 0.0012 152 266 192 300
bottle 0.0012 212 251 230 280
bottle 0.0011 123 259 149 299
bottle 0.0011 299 308 319 359
bottle 0.0011 259 298 290 330
chair 0.0336 110 14 275 167
chair 0.0148 52 401 219 501
chair 0.0112 17 299 179 510
chair 0.0083 34 318 313 498
chair 0.0079 111 267 203 376
chair 0.0075 65 439 263 500
chair 0.0070 157 301 273 356
chair 0.0068 103 395 320 491
chair 0.0048 154 302 204 323
chair 0.0030 157 305 230 326
chair 0.0028 129 37 257 135
chair 0.0027 156 309 232 350
chair 0.0027 -7 445 198 499
chair 0.0026 129 79 261 163
chair 0.0025 5 383 192 485
chair 0.0024 94 87 165 189
chair 0.0019 152 305 204 359
chair 0.0018 262 297 311 363
chair 0.0017 261 448 331 502
chair 0.0016 174 311 328 365
chair 0.0014 86 404 161 457
chair 0.0014 146 347 184 374
chair 0.0014 187 323 301 391
chair 0.0013 152 255 274 336
chair 0.0012 96 302 137 381
chair 0.0012 154 322 196 350
chair 0.0011 97 305 130 332
sofa 0.0220 18 203 179 498
sofa 0.0194 102 264 326 472
sofa 0.0140 153 309 278 358
sofa 0.0128 93 261 184 381
sofa 0.0035 52 401 219 501
sofa 0.0029 105 317 318 394
sofa 0.0027 144 289 254 351
sofa 0.0026 -2 288 239 520
sofa 0.0020 187 323 301 391
sofa 0.0018 116 336 210 404
sofa 0.0011 157 305 230 326
sofa 0.0011 152 255 274 336
diningtable 0.2622 96 325 332 491
diningtable 0.0094 130 389 338 477
diningtable 0.0065 175 357 306 451
diningtable 0.0047 97 374 292 453
diningtable 0.0032 105 317 318 394
diningtable 0.0027 187 323 301 391
diningtable 0.0016 99 257 181 383
diningtable 0.0014 299 398 326 426
diningtable 0.0014 115 356 275 425
diningtable 0.0011 3 406 200 499
diningtable 0.0011 206 305 334 493
diningtable 0.0011 116 336 210 404
diningtable 0.0011 134 338 299 409
diningtable 0.0010 225 391 330 487
tvmonitor 0.0010 187 323 301 391
