person 0.0236 395 0 505 119
person 0.0154 374 3 505 211
person 0.0142 157 141 496 363
person 0.0119 393 104 440 149
person 0.0083 258 -1 472 154
person 0.0039 396 61 498 172
person 0.0031 356 65 440 161
person 0.0029 360 4 437 132
person 0.0026 -1 77 433 377
person 0.0014 483 90 500 187
person 0.0012 432 3 499 88
person 0.0012 477 22 499 184
person 0.0011 326 44 496 254
person 0.0010 480 113 500 278
person 0.0010 0 108 22 324
cat 0.2463 158 83 488 380
cat 0.0543 393 104 440 149
cat 0.0067 398 97 497 205
cat 0.0031 365 46 501 255
cat 0.0015 345 102 459 192
cat 0.0010 356 65 440 161
dog 0.5147 158 83 488 380
dog 0.0580 393 104 440 149
dog 0.0112 398 97 497 205
dog 0.0079 -6 144 432 376
dog 0.0052 356 65 440 161
dog 0.0046 326 44 496 254
dog 0.0032 315 85 493 364
dog 0.0014 345 102 459 192
dog 0.0014 374 3 505 211
dog 0.0013 127 166 381 363
dog 0.0012 259 0 475 204
sheep 0.0022 101 138 480 367
cow 0.0012 157 141 496 363
bottle 0.0062 0 291 23 373
bottle 0.0049 483 90 500 187
bottle 0.0044 0 293 20 337
bottle 0.0010 396 116 432 150
chair 0.0088 220 0 433 150
chair 0.0058 311 -5 496 162
chair 0.0046 395 0 505 119
chair 0.0034 360 4 437 132
chair 0.0027 368 13 412 116
chair 0.0023 2 0 332 145
chair 0.0019 101 138 480 367
chair 0.0014 44 -6 463 316
chair 0.0014 326 0 418 144
chair 0.0012 96 59 336 239
chair 0.0012 269 3 387 132
sofa 0.0233 101 138 480 367
sofa 0.0122 326 44 496 254
sofa 0.0067 366 82 498 369
sofa 0.0042 -24 13 445 370
sofa 0.0025 220 0 433 150
sofa 0.0020 311 -5 496 162
sofa 0.0015 77 -53 503 210
diningtable 0.0235 101 92 493 373
diningtable 0.0021 2 0 332 145
diningtable 0.0014 0 73 356 371
diningtable 0.0013 366 82 498 369
diningtable 0.0010 44 -6 463 316
