person 0.0038 229 180 260 213
person 0.0035 320 187 356 215
person 0.0030 197 139 243 212
person 0.0029 434 181 462 208
person 0.0029 205 139 240 171
person 0.0028 235 144 280 212
person 0.0026 244 176 272 213
person 0.0024 195 137 219 161
person 0.0022 240 139 279 166
person 0.0020 260 185 290 213
person 0.0019 218 143 265 212
person 0.0016 218 138 255 166
person 0.0016 324 141 359 164
person 0.0013 191 131 248 180
car 0.0266 434 181 462 208
car 0.0094 447 180 499 206
car 0.0071 404 148 499 202
car 0.0065 352 179 391 210
car 0.0038 334 186 374 213
car 0.0025 349 174 389 188
car 0.0019 370 186 415 211
car 0.0015 421 178 452 209
car 0.0014 396 186 434 211
car 0.0014 330 171 475 214
aeroplane 0.5071 96 102 410 219
aeroplane 0.0942 185 130 384 212
aeroplane 0.0272 2 65 431 255
aeroplane 0.0060 172 122 315 193
aeroplane 0.0051 187 99 307 164
aeroplane 0.0038 204 95 367 173
aeroplane 0.0033 257 145 378 211
aeroplane 0.0024 28 -4 473 202
