person 0.9623 355 159 400 271
person 0.0782 186 167 209 190
person 0.0463 40 184 61 217
person 0.0230 286 137 310 171
person 0.0216 177 167 198 198
person 0.0159 221 166 258 186
person 0.0084 472 146 499 176
person 0.0062 341 160 414 235
person 0.0049 381 174 405 211
person 0.0041 199 170 244 186
person 0.0037 461 157 493 189
person 0.0035 238 167 273 188
person 0.0032 457 150 499 244
person 0.0031 26 183 47 217
person 0.0030 338 176 363 213
person 0.0023 352 161 400 195
person 0.0023 315 152 407 275
person 0.0020 0 167 14 224
person 0.0019 402 161 459 188
person 0.0018 453 148 495 173
person 0.0014 240 185 279 213
person 0.0011 350 194 369 226
person 0.0011 210 181 265 205
person 0.0010 151 184 294 225
person 0.0010 330 165 371 219
bicycle 0.0033 99 200 124 233
bicycle 0.0028 41 193 62 226
bicycle 0.0026 103 199 139 230
bicycle 0.0010 84 83 129 108
car 0.7816 400 154 495 225
car 0.6670 152 184 296 231
car 0.5914 462 155 501 241
car 0.5389 389 163 438 188
car 0.2996 472 146 499 176
car 0.2892 338 176 363 213
car 0.1407 402 161 459 188
car 0.1162 437 153 472 166
car 0.1038 377 163 418 189
car 0.0997 345 160 405 202
car 0.0994 453 148 495 173
car 0.0842 396 156 436 172
car 0.0732 410 157 450 172
car 0.0568 330 164 368 198
car 0.0291 40 184 61 217
car 0.0262 461 157 493 189
car 0.0205 0 207 21 237
car 0.0202 345 155 455 218
car 0.0138 423 161 477 185
car 0.0122 195 170 355 226
car 0.0110 392 169 441 223
car 0.0097 437 142 496 240
car 0.0090 323 157 378 205
car 0.0082 352 177 398 212
car 0.0078 381 174 405 211
car 0.0076 341 160 414 235
car 0.0046 465 135 501 188
car 0.0040 311 134 351 155
car 0.0037 378 156 419 175
car 0.0033 467 187 500 238
car 0.0031 404 193 460 226
car 0.0025 352 156 392 174
car 0.0021 224 179 291 226
car 0.0019 238 167 273 188
car 0.0018 240 185 279 213
car 0.0018 397 196 436 225
car 0.0015 221 166 258 186
car 0.0014 210 181 265 205
car 0.0011 470 220 499 243
car 0.0010 193 182 247 201
car 0.0010 26 183 47 217
motorbike 0.0107 338 176 363 213
motorbike 0.0037 40 184 61 217
motorbike 0.0030 381 174 405 211
motorbike 0.0013 462 155 501 241
motorbike 0.0012 470 220 499 243
bus 0.0054 323 157 378 205
bus 0.0022 139 179 347 227
bus 0.0021 330 164 368 198
bus 0.0019 51 169 95 193
bus 0.0014 36 147 98 197
train 0.0011 0 154 20 241
bottle 0.0015 286 137 310 171
chair 0.0112 103 199 139 230
chair 0.0034 99 200 124 233
pottedplant 0.0140 41 193 62 226
pottedplant 0.0028 0 207 21 237
pottedplant 0.0024 69 194 94 231
pottedplant 0.0017 99 200 124 233
pottedplant 0.0013 286 137 310 171
pottedplant 0.0010 101 188 138 216
diningtable 0.0031 103 199 139 230
tvmonitor 0.0014 164 2 187 29
