person 0.0363 69 31 501 359
person 0.0068 368 12 497 361
person 0.0045 184 261 310 345
person 0.0027 47 184 309 338
person 0.0025 14 92 357 353
person 0.0020 -5 130 195 332
person 0.0018 131 252 274 330
person 0.0015 394 229 497 369
person 0.0014 131 16 511 225
person 0.0010 65 216 204 321
cat 0.0973 47 184 309 338
cat 0.0548 -19 92 445 353
cat 0.0154 184 261 310 345
cat 0.0049 7 229 347 370
cat 0.0044 65 216 204 321
cat 0.0038 -5 130 195 332
cat 0.0034 231 162 428 369
cat 0.0030 131 252 274 330
cat 0.0029 0 106 282 266
cat 0.0023 143 258 196 320
cat 0.0021 148 240 424 370
cat 0.0016 361 146 468 231
dog 0.4001 72 83 498 370
dog 0.1900 373 5 500 204
dog 0.1097 47 184 309 338
dog 0.0103 231 162 428 369
dog 0.0099 316 0 501 292
dog 0.0092 239 3 495 138
dog 0.0078 6 41 365 342
dog 0.0067 0 106 282 266
dog 0.0058 184 261 310 345
dog 0.0053 -5 130 195 332
dog 0.0053 7 229 347 370
dog 0.0026 350 6 476 128
dog 0.0017 156 56 483 232
dog 0.0016 440 1 499 157
dog 0.0014 426 -14 505 303
dog 0.0011 -5 87 140 288
horse 0.0043 72 83 498 370
cow 0.0166 72 83 498 370
chair 0.0111 -20 38 444 347
chair 0.0066 315 1 500 156
chair 0.0056 174 6 477 131
chair 0.0044 474 -1 499 171
chair 0.0041 82 4 338 128
chair 0.0037 440 1 499 157
chair 0.0027 203 49 375 120
chair 0.0023 473 2 500 85
chair 0.0013 474 1 499 36
chair 0.0010 65 7 511 232
chair 0.0010 0 38 20 201
chair 0.0010 143 73 487 380
sofa 0.2204 -19 92 445 353
sofa 0.0121 68 12 507 308
sofa 0.0086 365 -8 500 298
sofa 0.0076 364 156 502 368
sofa 0.0037 7 229 347 370
sofa 0.0022 141 125 493 378
sofa 0.0019 270 0 509 372
sofa 0.0013 315 1 500 156
sofa 0.0013 -15 312 356 371
diningtable 0.0012 -15 312 356 371
