person 0.0676 0 85 21 127
person 0.0075 275 -29 517 406
person 0.0044 280 0 308 44
person 0.0043 269 2 297 47
person 0.0033 388 -20 499 393
person 0.0026 0 -5 242 128
person 0.0025 -1 70 25 135
person 0.0013 259 -1 335 138
person 0.0013 257 2 302 76
person 0.0011 0 60 19 220
boat 0.0018 -5 -3 210 128
bird 0.0046 0 85 21 127
cat 0.0031 0 85 21 127
bottle 0.0027 0 85 21 127
chair 0.1224 -5 -3 210 128
chair 0.0378 184 0 252 94
chair 0.0203 215 0 252 81
chair 0.0161 256 9 335 137
chair 0.0120 219 46 249 80
chair 0.0039 389 -15 501 321
chair 0.0031 0 85 21 127
chair 0.0026 221 71 252 98
chair 0.0018 106 0 249 92
chair 0.0016 12 130 173 321
chair 0.0015 284 35 368 167
chair 0.0015 144 4 356 149
chair 0.0015 185 60 207 101
chair 0.0013 280 0 308 44
chair 0.0013 210 1 236 53
chair 0.0012 184 12 294 107
chair 0.0011 193 49 248 102
chair 0.0010 213 57 239 97
sofa 0.0058 -5 -3 210 128
sofa 0.0026 0 52 179 327
pottedplant 0.0097 58 61 444 384
pottedplant 0.0017 173 84 329 226
pottedplant 0.0015 243 204 392 372
pottedplant 0.0010 99 109 306 354
diningtable 0.2969 58 61 444 384
diningtable 0.0040 0 52 179 327
diningtable 0.0027 275 -29 517 406
diningtable 0.0018 52 99 218 290
diningtable 0.0018 7 221 173 376
diningtable 0.0018 219 46 249 80
diningtable 0.0011 -5 -3 210 128
diningtable 0.0010 221 71 252 98
tvmonitor 0.0015 -5 -3 210 128
tvmonitor 0.0011 388 -4 501 227
