person 0.1766 183 193 213 238
person 0.1581 204 171 225 214
person 0.1556 308 130 331 168
person 0.1494 285 122 308 163
person 0.1229 340 122 369 164
person 0.1171 274 121 292 162
person 0.0915 204 186 224 240
person 0.0706 358 124 383 159
person 0.0665 351 140 390 168
person 0.0594 171 198 203 237
person 0.0501 205 169 223 195
person 0.0493 186 183 217 212
person 0.0186 245 146 261 175
person 0.0170 459 165 485 198
person 0.0156 157 192 212 241
person 0.0108 437 155 461 193
person 0.0106 321 122 348 165
person 0.0084 142 188 175 209
person 0.0083 184 169 223 232
person 0.0080 190 210 218 245
person 0.0065 242 153 265 186
person 0.0063 343 121 397 165
person 0.0058 170 187 200 211
person 0.0056 473 197 500 269
person 0.0049 482 199 500 233
person 0.0039 301 121 337 166
person 0.0031 154 148 177 196
person 0.0030 193 163 216 197
person 0.0028 385 120 405 163
person 0.0026 460 141 481 180
person 0.0022 485 172 499 222
person 0.0020 484 147 498 205
person 0.0019 207 214 232 245
person 0.0019 137 200 186 230
person 0.0018 480 87 499 262
person 0.0016 264 111 294 167
person 0.0016 437 148 459 179
person 0.0014 167 144 185 200
person 0.0014 400 119 417 163
person 0.0013 457 178 488 201
person 0.0012 280 127 316 179
person 0.0011 450 145 489 204
person 0.0011 3 160 25 192
bicycle 0.0257 204 186 224 240
bicycle 0.0077 190 210 218 245
bicycle 0.0063 207 214 232 245
bicycle 0.0055 183 193 213 238
bicycle 0.0041 205 169 223 195
bicycle 0.0021 242 153 265 186
bicycle 0.0021 457 178 488 201
bicycle 0.0021 459 165 485 198
bicycle 0.0011 204 171 225 214
bicycle 0.0010 171 198 203 237
car 0.0704 44 187 90 212
car 0.0515 24 186 78 211
car 0.0408 457 178 488 201
car 0.0251 430 187 472 205
car 0.0089 420 180 451 204
car 0.0083 63 183 96 203
car 0.0062 424 160 452 191
car 0.0030 459 165 485 198
car 0.0027 35 165 64 190
car 0.0026 47 171 85 192
car 0.0023 7 184 53 213
car 0.0018 482 199 500 233
car 0.0016 136 185 165 209
car 0.0016 437 155 461 193
car 0.0011 476 213 501 260
car 0.0010 47 197 85 221
motorbike 0.0034 181 188 223 245
motorbike 0.0026 204 186 224 240
bus 0.7925 244 72 415 261
train 0.0756 244 72 415 261
train 0.0013 133 51 449 285
boat 0.0021 457 178 488 201
bird 0.0014 47 197 85 221
dog 0.0035 190 210 218 245
dog 0.0016 340 131 369 168
dog 0.0011 351 140 390 168
chair 0.0457 473 197 500 269
chair 0.0315 183 193 213 238
chair 0.0313 427 208 466 247
chair 0.0308 171 198 203 237
chair 0.0237 454 209 490 252
chair 0.0132 204 186 224 240
chair 0.0109 482 199 500 233
chair 0.0092 190 210 218 245
chair 0.0068 157 192 212 241
chair 0.0064 473 235 500 266
chair 0.0047 431 203 464 230
chair 0.0044 207 214 232 245
chair 0.0039 227 223 261 247
chair 0.0036 166 212 199 239
chair 0.0029 447 205 494 227
chair 0.0021 167 144 185 200
chair 0.0020 154 148 177 196
chair 0.0018 244 72 415 261
chair 0.0017 142 188 175 209
chair 0.0014 422 194 479 245
chair 0.0013 134 198 167 227
chair 0.0012 137 200 186 230
chair 0.0012 443 191 498 246
chair 0.0010 415 215 458 243
chair 0.0010 351 140 390 168
pottedplant 0.0068 473 235 500 266
pottedplant 0.0026 457 178 488 201
pottedplant 0.0015 154 148 177 196
pottedplant 0.0011 142 188 175 209
diningtable 0.0742 445 205 502 258
diningtable 0.0399 447 205 494 227
diningtable 0.0364 142 188 175 209
diningtable 0.0290 137 200 186 230
diningtable 0.0047 482 199 500 233
diningtable 0.0039 476 213 501 260
diningtable 0.0021 421 206 479 254
diningtable 0.0021 431 203 464 230
diningtable 0.0021 171 198 203 237
diningtable 0.0016 170 187 200 211
diningtable 0.0014 183 193 213 238
diningtable 0.0012 473 235 500 266
diningtable 0.0011 457 178 488 201
diningtable 0.0010 430 187 472 205
