person 0.0054 1 97 253 178
person 0.0020 478 32 500 167
person 0.0016 46 92 229 154
person 0.0012 485 69 499 131
person 0.0011 226 93 251 142
bird 0.0011 449 73 497 132
bird 0.0010 454 90 485 126
cat 0.0017 0 197 49 268
cat 0.0016 0 229 20 271
cat 0.0010 339 152 385 187
bottle 0.0085 0 229 20 271
bottle 0.0021 481 192 500 244
bottle 0.0014 448 179 498 260
bottle 0.0011 247 134 271 171
chair 0.4913 280 117 461 264
chair 0.4842 214 83 255 146
chair 0.0487 226 93 251 142
chair 0.0384 215 87 238 140
chair 0.0129 0 197 49 268
chair 0.0089 8 100 216 259
chair 0.0075 330 115 470 179
chair 0.0034 427 125 485 148
chair 0.0028 177 92 231 143
chair 0.0028 210 95 260 176
chair 0.0028 218 100 305 193
chair 0.0018 378 120 492 230
chair 0.0017 293 158 510 364
chair 0.0017 0 107 27 212
chair 0.0015 0 95 42 263
chair 0.0014 40 135 175 240
chair 0.0012 0 229 20 271
chair 0.0012 380 127 506 319
chair 0.0010 284 131 392 252
chair 0.0010 142 153 264 270
chair 0.0010 225 128 258 153
sofa 0.8067 280 117 461 264
sofa 0.7314 21 93 262 257
sofa 0.0360 33 97 231 197
sofa 0.0337 413 128 501 242
sofa 0.0246 293 158 510 364
sofa 0.0232 402 102 499 198
sofa 0.0210 383 99 504 276
sofa 0.0085 330 115 470 179
sofa 0.0070 397 171 504 285
sofa 0.0056 -2 97 413 348
sofa 0.0044 30 136 219 232
sofa 0.0035 17 203 474 386
sofa 0.0023 50 95 241 154
sofa 0.0016 41 165 174 257
sofa 0.0015 157 109 338 273
sofa 0.0015 315 91 493 153
sofa 0.0012 105 147 263 242
sofa 0.0011 214 83 255 146
sofa 0.0011 0 107 27 212
pottedplant 0.4348 431 125 501 257
pottedplant 0.3513 255 112 315 178
pottedplant 0.0929 449 73 497 132
pottedplant 0.0793 433 74 501 208
pottedplant 0.0546 454 90 485 126
pottedplant 0.0501 443 88 500 149
pottedplant 0.0488 282 119 316 160
pottedplant 0.0405 474 74 499 203
pottedplant 0.0348 247 134 271 171
pottedplant 0.0320 479 34 500 131
pottedplant 0.0272 263 135 294 177
pottedplant 0.0222 218 100 305 193
pottedplant 0.0209 383 99 504 276
pottedplant 0.0163 400 83 504 158
pottedplant 0.0106 436 146 498 213
pottedplant 0.0104 448 179 498 260
pottedplant 0.0097 282 141 311 177
pottedplant 0.0085 480 113 498 167
pottedplant 0.0080 423 115 491 163
pottedplant 0.0071 397 171 504 285
pottedplant 0.0066 378 117 493 204
pottedplant 0.0060 432 158 462 197
pottedplant 0.0056 438 20 501 143
pottedplant 0.0056 239 112 286 172
pottedplant 0.0055 437 103 472 130
pottedplant 0.0045 214 83 255 146
pottedplant 0.0044 431 159 478 225
pottedplant 0.0043 423 124 488 194
pottedplant 0.0037 486 49 500 114
pottedplant 0.0028 485 69 499 131
pottedplant 0.0028 427 125 485 148
pottedplant 0.0025 457 0 497 127
pottedplant 0.0023 228 124 334 222
pottedplant 0.0023 297 123 322 158
pottedplant 0.0022 480 96 498 146
pottedplant 0.0019 247 81 328 170
pottedplant 0.0019 333 106 495 175
pottedplant 0.0018 475 138 499 255
pottedplant 0.0015 483 37 499 91
pottedplant 0.0014 450 154 487 192
pottedplant 0.0013 408 138 459 211
pottedplant 0.0013 189 148 249 168
pottedplant 0.0012 285 114 346 172
pottedplant 0.0011 226 93 251 142
pottedplant 0.0011 387 18 501 208
diningtable 0.1480 293 158 510 364
diningtable 0.0843 137 157 265 266
diningtable 0.0075 397 171 504 285
diningtable 0.0058 17 203 474 386
diningtable 0.0053 -2 97 413 348
diningtable 0.0043 387 220 507 298
diningtable 0.0035 58 188 356 334
diningtable 0.0034 185 229 304 295
diningtable 0.0024 144 141 265 212
diningtable 0.0022 359 215 503 373
diningtable 0.0019 187 126 327 227
diningtable 0.0011 131 236 357 370
diningtable 0.0010 41 95 277 264
