person 0.0026 328 146 354 175
person 0.0018 426 178 501 259
person 0.0018 487 196 501 260
person 0.0018 343 137 363 170
person 0.0011 0 29 30 55
car 0.7879 425 196 501 261
car 0.0115 425 201 475 227
car 0.0104 484 195 501 236
car 0.0023 481 172 500 217
car 0.0013 431 200 503 231
car 0.0012 425 145 503 252
motorbike 0.0030 419 182 500 257
aeroplane 0.0023 -16 20 299 190
bus 0.0013 426 194 501 262
train 0.8339 -6 40 292 214
train 0.0039 -3 14 177 194
train 0.0030 -12 37 434 296
train 0.0021 282 135 319 165
train 0.0012 216 102 347 174
train 0.0011 80 92 341 221
train 0.0010 328 146 354 175
pottedplant 0.0078 56 30 82 66
pottedplant 0.0035 31 25 62 60
pottedplant 0.0024 71 41 102 74
pottedplant 0.0020 21 15 72 71
pottedplant 0.0016 36 22 94 73
