person 0.0059 86 311 409 370
person 0.0013 -17 204 444 382
person 0.0012 0 310 194 370
person 0.0012 0 99 23 210
person 0.0011 1 76 66 310
person 0.0010 -7 286 442 367
car 0.0096 18 -2 406 366
car 0.0072 265 219 289 254
car 0.0048 301 216 337 245
car 0.0039 266 206 290 233
car 0.0039 209 226 240 248
car 0.0033 147 259 175 276
car 0.0026 381 224 413 252
car 0.0023 275 221 317 249
car 0.0018 117 238 162 271
car 0.0018 59 287 432 364
car 0.0016 274 206 318 231
car 0.0014 298 208 339 236
car 0.0014 223 337 378 375
car 0.0014 233 325 477 374
car 0.0013 192 188 280 272
car 0.0012 -17 204 444 382
car 0.0011 0 310 194 370
aeroplane 0.0014 -7 286 442 367
bus 0.0012 18 -2 406 366
train 0.0018 65 -3 434 309
boat 0.0026 18 -2 406 366
bird 0.0015 146 241 174 274
bird 0.0013 147 259 175 276
cat 0.0012 65 -3 434 309
dog 0.0012 65 -3 434 309
cow 0.0010 117 238 162 271
chair 0.0161 1 317 205 373
chair 0.0142 0 97 65 296
chair 0.0064 233 325 477 374
chair 0.0020 0 99 23 210
chair 0.0018 177 317 403 371
chair 0.0013 223 337 378 375
sofa 0.0024 1 317 205 373
pottedplant 0.2680 0 91 68 286
pottedplant 0.0114 1 66 90 365
pottedplant 0.0045 0 99 23 210
pottedplant 0.0035 18 46 161 320
pottedplant 0.0023 8 102 50 211
pottedplant 0.0018 0 89 24 301
pottedplant 0.0010 176 225 230 281
diningtable 0.0176 233 325 477 374
diningtable 0.0020 0 310 194 370
diningtable 0.0013 438 329 498 378
diningtable 0.0013 342 319 525 378
tvmonitor 0.0121 10 61 415 377
