person 0.8189 60 35 259 322
person 0.0282 29 13 391 331
person 0.0085 441 3 499 79
person 0.0055 448 -1 496 19
person 0.0035 169 1 223 48
person 0.0028 207 0 232 38
person 0.0024 365 0 500 85
person 0.0024 188 4 219 45
person 0.0022 167 4 192 47
person 0.0021 49 49 118 98
person 0.0019 145 77 291 318
person 0.0019 160 -8 495 350
person 0.0019 475 151 500 236
person 0.0019 216 0 273 50
person 0.0018 467 313 501 333
person 0.0015 482 182 500 235
person 0.0015 150 0 282 47
person 0.0015 -1 100 69 305
person 0.0014 52 40 80 76
person 0.0012 317 3 503 155
person 0.0012 223 2 255 40
person 0.0011 475 185 500 323
person 0.0011 187 17 223 136
person 0.0011 47 62 86 94
person 0.0010 117 0 165 55
person 0.0010 470 -1 498 18
person 0.0010 134 8 222 91
bicycle 0.0127 305 158 494 327
bicycle 0.0103 160 -8 495 350
bicycle 0.0080 398 226 495 327
bicycle 0.0039 343 232 445 325
bicycle 0.0037 449 203 500 304
bicycle 0.0020 236 256 361 330
bicycle 0.0011 180 251 302 332
bicycle 0.0011 401 140 495 254
bicycle 0.0010 194 278 241 333
car 0.0069 160 -8 495 350
car 0.0046 321 2 504 125
car 0.0022 228 124 280 151
car 0.0020 29 13 391 331
car 0.0010 476 85 500 114
motorbike 0.4201 160 -8 495 350
motorbike 0.0714 305 158 494 327
motorbike 0.0062 343 232 445 325
motorbike 0.0058 29 13 391 331
motorbike 0.0046 80 144 500 313
motorbike 0.0038 177 150 397 327
motorbike 0.0023 433 221 502 323
motorbike 0.0022 321 2 504 125
motorbike 0.0021 474 225 500 320
motorbike 0.0020 254 252 392 327
motorbike 0.0014 310 187 426 308
motorbike 0.0013 208 115 282 160
motorbike 0.0010 356 53 504 131
aeroplane 0.0013 160 -8 495 350
bus 0.0011 29 13 391 331
train 0.0011 160 -8 495 350
boat 0.0011 29 13 391 331
cow 0.0011 367 3 501 98
bottle 0.0160 216 51 267 116
bottle 0.0108 191 255 245 333
bottle 0.0097 220 57 251 97
bottle 0.0058 0 74 27 118
bottle 0.0050 192 15 210 61
bottle 0.0032 186 15 216 108
bottle 0.0026 0 66 25 97
bottle 0.0023 198 289 237 333
bottle 0.0020 28 7 78 78
bottle 0.0015 215 48 267 76
bottle 0.0014 201 108 239 137
bottle 0.0013 208 59 228 101
bottle 0.0012 207 0 232 38
bottle 0.0012 214 31 270 90
bottle 0.0012 392 250 430 322
bottle 0.0011 283 0 315 37
bottle 0.0011 167 4 192 47
bottle 0.0011 173 12 199 56
bottle 0.0010 223 116 284 163
bottle 0.0010 194 292 221 331
bottle 0.0010 219 129 273 155
bottle 0.0010 349 233 433 324
chair 0.0511 0 111 66 291
chair 0.0100 318 0 420 54
chair 0.0054 305 158 494 327
chair 0.0054 321 15 384 62
chair 0.0037 41 164 241 332
chair 0.0036 15 0 125 115
chair 0.0029 224 -3 326 42
chair 0.0025 447 9 499 104
chair 0.0024 475 151 500 236
chair 0.0022 -2 25 108 308
chair 0.0021 365 0 500 85
chair 0.0019 169 1 223 48
chair 0.0018 17 91 156 314
chair 0.0018 476 85 500 114
chair 0.0017 42 65 140 135
chair 0.0016 214 31 270 90
chair 0.0015 150 0 282 47
chair 0.0015 49 49 118 98
chair 0.0014 451 151 498 234
chair 0.0012 321 2 504 125
chair 0.0012 117 0 165 55
chair 0.0011 320 0 387 18
chair 0.0010 385 134 495 213
sofa 0.2069 0 111 66 291
sofa 0.0058 -2 25 108 308
sofa 0.0039 367 3 501 98
sofa 0.0010 17 91 156 314
pottedplant 0.0054 0 -1 22 37
pottedplant 0.0019 -1 -6 27 58
pottedplant 0.0017 0 -3 26 21
diningtable 0.0013 51 53 242 330
diningtable 0.0013 0 111 66 291
diningtable 0.0010 44 12 454 331
tvmonitor 0.0361 15 0 125 115
tvmonitor 0.0150 269 48 323 119
tvmonitor 0.0136 28 7 78 78
tvmonitor 0.0109 367 3 501 98
tvmonitor 0.0069 475 151 500 236
tvmonitor 0.0056 257 38 350 125
tvmonitor 0.0028 49 49 118 98
tvmonitor 0.0027 350 32 483 128
tvmonitor 0.0019 0 111 66 291
tvmonitor 0.0018 451 151 498 234
tvmonitor 0.0016 317 3 503 155
tvmonitor 0.0012 0 -9 60 115
