person 0.0443 173 -1 202 26
bicycle 0.0010 173 -1 202 26
bird 0.0018 173 -1 202 26
bird 0.0015 265 259 302 331
bird 0.0010 284 256 312 294
dog 0.0033 173 -1 202 26
horse 0.0114 173 -1 202 26
sheep 0.9943 102 183 333 344
sheep 0.9519 135 96 333 197
sheep 0.0811 263 85 328 192
sheep 0.0091 250 262 348 347
sheep 0.0058 173 -1 202 26
sheep 0.0023 265 259 302 331
sheep 0.0020 139 164 186 188
sheep 0.0020 133 163 159 188
sheep 0.0012 164 90 188 109
sheep 0.0011 97 168 194 270
sheep 0.0011 289 94 331 182
cow 0.0039 173 -1 202 26
