person 0.7451 46 49 244 530
person 0.7284 194 51 335 530
person 0.0119 154 144 280 490
person 0.0077 191 95 216 126
person 0.0067 140 80 232 504
person 0.0067 189 96 223 159
person 0.0057 19 148 346 481
person 0.0042 134 91 154 121
person 0.0023 118 109 151 143
person 0.0017 125 50 232 131
person 0.0016 39 149 178 485
person 0.0014 189 68 227 140
person 0.0011 251 379 346 501
car 0.0012 42 49 242 473
aeroplane 0.0012 42 49 242 473
train 0.0020 42 49 242 473
chair 0.0134 324 380 356 410
chair 0.0086 323 371 358 500
chair 0.0016 7 71 63 93
chair 0.0016 251 379 346 501
chair 0.0015 48 310 220 501
chair 0.0015 -3 98 71 114
chair 0.0012 4 60 61 83
chair 0.0012 319 375 339 414
chair 0.0010 66 150 117 173
sofa 0.0202 323 371 358 500
sofa 0.0068 251 379 346 501
sofa 0.0037 83 313 352 497
sofa 0.0021 301 364 342 503
sofa 0.0016 19 148 346 481
sofa 0.0013 324 380 356 410
pottedplant 0.0073 0 373 71 497
pottedplant 0.0048 323 371 358 500
diningtable 0.0011 324 380 356 410
