person 0.9644 280 166 344 334
person 0.9068 117 135 161 248
person 0.8700 399 167 434 302
person 0.7468 420 178 456 301
person 0.4794 375 198 413 304
person 0.2554 223 195 264 347
person 0.0979 164 178 191 204
person 0.0865 365 176 392 212
person 0.0505 371 161 442 311
person 0.0382 176 273 198 321
person 0.0327 157 275 201 338
person 0.0282 344 194 394 287
person 0.0239 358 170 396 228
person 0.0214 119 135 200 255
person 0.0170 361 169 392 191
person 0.0133 397 165 435 229
person 0.0104 374 178 400 211
person 0.0092 386 210 409 254
person 0.0087 176 187 263 337
person 0.0076 381 196 406 235
person 0.0066 106 141 175 281
person 0.0062 361 196 389 235
person 0.0052 373 164 410 273
person 0.0036 423 169 452 191
person 0.0036 379 168 405 190
person 0.0035 171 287 201 331
person 0.0028 242 166 263 199
person 0.0026 401 164 430 195
person 0.0025 425 174 450 212
person 0.0023 408 250 426 296
person 0.0021 392 193 473 308
person 0.0018 158 171 199 230
person 0.0018 428 179 459 263
person 0.0017 147 270 186 347
person 0.0016 109 216 134 248
person 0.0013 278 157 357 213
person 0.0013 334 169 370 187
person 0.0012 39 162 278 318
person 0.0011 144 182 176 283
person 0.0010 0 216 20 256
person 0.0010 295 159 342 186
car 0.5089 323 164 357 185
car 0.1715 423 169 452 191
car 0.1455 379 168 405 190
car 0.0897 361 169 392 191
car 0.0516 334 169 370 187
car 0.0410 401 164 430 195
car 0.0315 27 202 62 230
car 0.0094 295 159 342 186
car 0.0077 0 188 60 248
car 0.0059 432 161 461 187
car 0.0041 365 176 392 212
car 0.0032 399 174 432 215
car 0.0030 7 206 51 236
car 0.0027 0 216 20 256
car 0.0017 452 157 485 184
car 0.0016 297 184 334 213
car 0.0016 374 178 400 211
car 0.0014 335 186 378 208
car 0.0012 4 217 48 247
car 0.0010 389 161 439 204
bus 0.0438 452 157 485 184
bus 0.0429 475 155 497 184
bus 0.0159 323 164 357 185
bus 0.0036 432 161 461 187
bus 0.0023 423 169 452 191
bus 0.0018 379 168 405 190
bus 0.0014 446 142 498 186
train 0.0023 475 155 497 184
dog 0.0308 341 187 405 296
dog 0.0017 408 250 426 296
dog 0.0016 386 283 408 306
horse 0.9760 53 165 262 354
horse 0.3335 341 187 405 296
horse 0.0251 176 187 263 337
horse 0.0065 225 181 267 252
horse 0.0060 279 157 345 324
horse 0.0047 358 195 430 305
horse 0.0040 168 172 268 260
horse 0.0038 157 275 201 338
horse 0.0038 352 181 396 249
horse 0.0036 136 153 281 321
horse 0.0034 164 178 191 204
horse 0.0025 221 184 267 332
horse 0.0023 365 176 392 212
horse 0.0016 176 273 198 321
horse 0.0016 361 196 389 235
horse 0.0012 363 208 388 254
horse 0.0011 341 228 360 281
horse 0.0010 244 220 268 252
sheep 0.0040 337 191 403 306
cow 0.0316 340 194 407 300
cow 0.0013 375 198 413 304
pottedplant 0.0016 0 170 24 258
pottedplant 0.0013 0 134 58 258
