person 0.0868 118 -2 204 101
person 0.0424 213 34 258 92
person 0.0291 115 0 162 93
person 0.0166 147 0 187 93
person 0.0070 176 11 256 126
person 0.0068 328 7 406 123
person 0.0067 80 -5 255 157
person 0.0066 101 7 190 149
person 0.0051 159 14 196 102
person 0.0048 172 56 256 149
person 0.0034 207 20 299 129
person 0.0033 216 25 238 58
person 0.0025 183 2 214 92
person 0.0020 147 37 163 87
person 0.0016 244 15 326 133
person 0.0014 0 94 50 159
person 0.0013 203 17 247 83
person 0.0011 31 17 313 184
person 0.0010 223 24 260 54
bicycle 0.1860 0 102 52 166
bicycle 0.1179 39 17 455 351
bicycle 0.0090 207 82 390 289
bicycle 0.0081 0 79 55 202
bicycle 0.0072 341 139 409 188
bicycle 0.0068 304 145 403 246
bicycle 0.0060 264 13 449 213
bicycle 0.0058 0 84 32 161
bicycle 0.0053 328 7 406 123
bicycle 0.0043 244 15 326 133
bicycle 0.0036 0 117 26 159
bicycle 0.0032 236 3 420 141
bicycle 0.0024 -1 92 103 181
bicycle 0.0022 345 151 398 235
bicycle 0.0020 353 154 393 194
bicycle 0.0019 0 97 23 147
bicycle 0.0017 0 167 50 188
bicycle 0.0017 192 16 387 208
bicycle 0.0017 317 114 424 208
bicycle 0.0016 242 136 331 256
bicycle 0.0012 -1 112 33 192
bicycle 0.0010 207 20 299 129
car 0.0045 0 -10 359 383
car 0.0012 170 0 340 145
car 0.0010 28 166 230 358
motorbike 0.3301 39 17 455 351
motorbike 0.0749 0 102 52 166
motorbike 0.0185 212 20 435 269
motorbike 0.0166 244 15 326 133
motorbike 0.0135 207 20 299 129
motorbike 0.0114 304 145 403 246
motorbike 0.0108 28 166 230 358
motorbike 0.0102 201 0 385 150
motorbike 0.0088 213 34 258 92
motorbike 0.0083 0 79 55 202
motorbike 0.0068 209 126 379 302
motorbike 0.0064 268 71 328 135
motorbike 0.0031 328 7 406 123
motorbike 0.0024 200 9 297 83
motorbike 0.0023 0 167 50 188
motorbike 0.0021 242 136 331 256
motorbike 0.0019 272 44 326 119
motorbike 0.0017 -1 91 34 182
motorbike 0.0017 226 62 331 139
motorbike 0.0014 -1 92 103 181
motorbike 0.0013 0 25 50 358
motorbike 0.0013 345 151 398 235
motorbike 0.0012 263 103 452 270
motorbike 0.0011 341 139 409 188
motorbike 0.0010 289 170 376 274
motorbike 0.0010 317 114 424 208
aeroplane 0.0027 4 0 418 379
boat 0.0147 39 17 455 351
boat 0.0039 31 17 313 184
dog 0.0012 0 94 50 159
bottle 0.0013 213 34 258 92
chair 0.0021 417 352 486 375
chair 0.0016 480 93 500 293
chair 0.0013 458 105 497 368
chair 0.0012 207 20 299 129
chair 0.0011 389 122 501 387
pottedplant 0.0013 229 14 261 42
