person 0.0172 -4 145 430 382
person 0.0040 71 38 505 335
person 0.0026 111 11 288 147
person 0.0017 150 179 261 253
person 0.0013 162 3 413 150
person 0.0011 -7 151 193 368
person 0.0010 43 176 316 353
person 0.0010 200 -2 244 63
bird 0.7657 150 179 261 253
bird 0.0074 151 177 352 265
bird 0.0033 184 176 257 222
bird 0.0019 215 182 260 252
bird 0.0011 447 200 491 225
bird 0.0010 482 195 499 243
cat 0.0602 111 11 288 147
cat 0.0161 150 179 261 253
cat 0.0040 -5 143 131 251
cat 0.0028 261 106 325 159
cat 0.0024 199 102 358 170
cat 0.0019 157 6 269 69
cat 0.0018 139 62 273 144
cat 0.0018 195 175 366 262
cat 0.0016 187 123 321 175
cat 0.0014 106 10 232 72
cat 0.0014 187 82 296 155
cat 0.0014 197 4 244 68
cat 0.0012 235 220 357 281
cat 0.0011 187 10 204 62
cat 0.0010 211 92 279 150
dog 0.0517 111 11 288 147
dog 0.0122 150 179 261 253
dog 0.0102 139 62 273 144
dog 0.0032 -5 143 131 251
dog 0.0017 83 73 426 222
dog 0.0014 187 123 321 175
dog 0.0011 187 82 296 155
sheep 0.0270 374 216 500 293
sheep 0.0046 175 140 346 181
sheep 0.0029 373 281 507 327
sheep 0.0024 475 191 499 277
sheep 0.0024 477 208 499 254
sheep 0.0023 -5 143 131 251
sheep 0.0019 353 236 476 300
sheep 0.0018 445 192 502 239
sheep 0.0017 482 195 499 243
sheep 0.0016 452 239 500 305
sheep 0.0015 471 220 500 325
sheep 0.0015 295 215 459 291
sheep 0.0015 445 204 501 266
sheep 0.0014 192 155 366 197
sheep 0.0014 447 200 491 225
sheep 0.0013 400 258 502 321
sheep 0.0011 195 175 366 262
sheep 0.0011 433 207 501 316
cow 0.0103 -2 71 127 154
cow 0.0067 -1 142 125 252
cow 0.0027 -4 113 117 170
cow 0.0020 -1 97 65 150
cow 0.0016 0 80 22 158
cow 0.0014 -4 65 140 245
cow 0.0011 0 53 122 102
chair 0.0016 200 -2 244 63
chair 0.0013 -6 75 429 370
chair 0.0013 228 4 246 48
chair 0.0011 84 147 201 241
sofa 0.0261 -4 145 430 382
sofa 0.0193 38 31 468 346
sofa 0.0015 -5 143 131 251
sofa 0.0011 83 73 426 222
pottedplant 0.0010 228 4 246 48
