person 0.9658 141 57 230 279
person 0.1065 323 120 372 229
person 0.1020 255 99 287 170
person 0.0164 223 95 286 173
person 0.0154 144 47 235 134
person 0.0084 181 60 239 160
person 0.0057 324 23 374 255
person 0.0055 182 73 307 207
person 0.0047 353 107 372 216
person 0.0044 154 45 259 188
person 0.0042 114 13 371 269
person 0.0040 272 96 293 118
person 0.0029 46 103 63 126
person 0.0023 354 65 373 173
person 0.0016 223 100 244 170
person 0.0015 53 104 72 124
person 0.0011 350 162 373 215
bicycle 0.0069 88 92 105 119
car 0.0032 58 95 75 121
car 0.0018 183 87 248 183
car 0.0013 88 92 105 119
car 0.0011 101 91 119 122
bird 0.0107 313 144 368 233
bird 0.0022 257 100 291 166
bird 0.0017 234 129 370 259
bird 0.0013 144 101 225 276
bird 0.0011 284 219 302 244
cat 0.0701 320 140 373 233
cat 0.0056 350 162 373 215
cat 0.0031 352 123 373 225
cat 0.0029 288 125 375 260
dog 0.1776 313 144 368 233
dog 0.0132 250 166 351 233
dog 0.0083 234 129 370 259
dog 0.0063 227 182 313 231
dog 0.0038 143 101 228 184
dog 0.0022 321 115 375 268
dog 0.0019 183 87 248 183
dog 0.0017 289 105 374 236
dog 0.0015 349 168 374 241
dog 0.0010 141 71 234 145
dog 0.0010 352 123 373 225
horse 0.0078 322 136 371 240
horse 0.0075 236 96 294 172
horse 0.0024 234 129 370 259
horse 0.0017 144 101 225 276
sheep 0.0237 323 120 372 229
sheep 0.0043 333 117 369 140
sheep 0.0039 290 121 334 142
sheep 0.0023 289 105 374 236
sheep 0.0022 356 114 372 145
sheep 0.0021 234 129 370 259
sheep 0.0019 289 111 371 159
sheep 0.0016 354 110 372 185
sheep 0.0010 144 101 225 276
cow 0.0052 313 144 368 233
cow 0.0013 289 105 374 236
cow 0.0010 234 129 370 259
bottle 0.0066 284 219 302 244
bottle 0.0021 275 194 310 240
bottle 0.0020 352 176 373 210
chair 0.0011 350 162 373 215
pottedplant 0.0408 0 66 34 142
pottedplant 0.0358 2 43 67 133
pottedplant 0.0278 46 103 63 126
pottedplant 0.0209 58 95 75 121
pottedplant 0.0172 53 104 72 124
pottedplant 0.0122 -1 84 73 140
pottedplant 0.0105 19 106 48 133
pottedplant 0.0100 1 4 87 154
pottedplant 0.0091 -2 101 46 137
pottedplant 0.0055 0 23 24 127
pottedplant 0.0046 0 106 20 136
pottedplant 0.0044 321 127 372 230
pottedplant 0.0040 352 123 373 225
pottedplant 0.0030 0 75 22 102
pottedplant 0.0030 0 85 16 119
pottedplant 0.0019 0 68 23 88
pottedplant 0.0015 2 93 33 112
pottedplant 0.0015 329 111 373 146
pottedplant 0.0015 272 96 293 118
diningtable 0.0017 234 129 370 259
