person 0.2917 19 37 303 340
person 0.0162 40 53 171 195
person 0.0156 223 24 318 349
person 0.0114 181 2 322 258
person 0.0101 294 31 318 187
person 0.0098 44 62 209 317
person 0.0070 103 201 279 349
person 0.0068 120 116 265 261
person 0.0067 147 200 239 273
person 0.0054 -1 0 23 50
person 0.0042 30 3 340 210
person 0.0036 280 -2 323 207
person 0.0035 18 4 236 143
person 0.0033 207 138 263 251
person 0.0032 0 64 88 369
person 0.0032 275 21 318 350
person 0.0028 121 207 204 289
person 0.0027 0 -1 83 37
person 0.0025 67 89 251 226
person 0.0024 92 216 173 294
person 0.0023 -1 113 50 382
person 0.0022 40 125 168 364
person 0.0022 -16 31 180 348
person 0.0021 275 -3 320 101
person 0.0020 -1 235 45 378
person 0.0019 294 46 319 107
person 0.0019 297 81 320 220
person 0.0018 243 -1 316 88
person 0.0017 13 203 306 384
person 0.0015 80 169 238 321
person 0.0011 68 280 307 378
person 0.0010 187 145 313 352
person 0.0010 298 149 320 215
person 0.0010 137 149 225 231
person 0.0010 -2 1 45 251
cat 0.0063 122 172 268 320
cat 0.0056 147 194 240 260
dog 0.0191 142 206 235 284
dog 0.0120 122 172 268 320
dog 0.0016 120 116 265 261
dog 0.0013 18 47 305 386
dog 0.0010 159 193 257 260
bottle 0.0037 49 156 112 257
chair 0.0560 0 229 82 376
chair 0.0124 18 47 305 386
chair 0.0056 -1 113 50 382
chair 0.0031 0 274 47 371
chair 0.0031 26 222 179 375
chair 0.0016 18 4 236 143
chair 0.0015 295 51 319 195
chair 0.0015 4 5 315 208
chair 0.0012 294 1 320 101
chair 0.0010 -1 39 83 272
chair 0.0010 243 -1 316 88
sofa 0.0191 14 19 307 306
sofa 0.0026 0 229 82 376
sofa 0.0021 13 203 306 384
sofa 0.0020 0 6 317 157
sofa 0.0019 68 280 307 378
sofa 0.0017 223 24 318 349
sofa 0.0015 26 222 179 375
sofa 0.0013 92 233 164 307
sofa 0.0012 270 65 316 363
sofa 0.0011 -1 39 83 272
