person 0.0101 0 138 20 182
person 0.0049 0 330 16 375
person 0.0027 52 149 76 179
person 0.0014 0 284 22 372
car 0.0056 0 138 20 182
bus 0.0285 0 138 20 182
bus 0.0041 72 138 111 169
bus 0.0015 134 135 238 153
bus 0.0010 57 134 121 179
train 0.4558 26 132 256 173
train 0.2014 118 132 244 158
train 0.0896 0 138 20 182
train 0.0650 4 132 123 183
train 0.0318 57 134 121 179
train 0.0309 168 134 234 152
train 0.0233 72 138 111 169
train 0.0105 73 135 124 157
train 0.0070 109 135 238 222
train 0.0041 52 149 76 179
train 0.0037 197 133 242 149
train 0.0029 17 118 152 173
train 0.0022 0 130 19 161
train 0.0022 315 188 400 288
train 0.0022 130 133 157 154
train 0.0019 172 140 225 164
train 0.0019 29 150 73 172
train 0.0019 9 149 40 175
train 0.0018 4 86 265 213
train 0.0017 72 124 132 168
train 0.0016 92 136 163 156
train 0.0013 127 139 165 162
train 0.0011 87 75 490 371
boat 0.0028 0 138 20 182
horse 0.0010 1 152 18 188
cow 0.0012 1 152 18 188
chair 0.0015 0 284 22 372
chair 0.0010 0 330 16 375
