person 0.0069 12 5 169 88
person 0.0021 0 70 19 106
person 0.0019 446 68 501 400
person 0.0017 6 152 254 310
person 0.0017 268 190 391 337
person 0.0015 120 145 386 312
person 0.0012 0 77 44 137
person 0.0012 453 161 499 210
person 0.0011 480 158 500 360
person 0.0011 21 49 401 341
car 0.0051 14 38 411 288
car 0.0040 40 62 386 178
car 0.0015 121 98 371 152
car 0.0011 18 -25 482 193
bird 0.0017 149 161 249 272
bird 0.0016 453 161 499 210
bird 0.0014 6 152 254 310
bird 0.0012 475 51 500 85
cat 0.0943 142 161 258 273
cat 0.0730 6 152 254 310
cat 0.0046 118 100 315 148
cat 0.0039 120 145 386 312
cat 0.0037 63 117 294 280
cat 0.0026 -2 92 136 299
cat 0.0012 188 404 396 458
cat 0.0010 50 110 372 170
cat 0.0010 40 62 386 178
cat 0.0010 69 84 435 378
dog 0.6693 268 190 391 337
dog 0.0736 6 152 254 310
dog 0.0372 149 161 249 272
dog 0.0321 120 145 386 312
dog 0.0052 451 162 501 236
dog 0.0050 69 84 435 378
dog 0.0034 302 169 493 442
dog 0.0025 188 404 396 458
dog 0.0022 63 117 294 280
horse 0.0393 142 161 258 273
horse 0.0024 120 145 386 312
sheep 0.1406 142 161 258 273
sheep 0.0404 6 152 254 310
sheep 0.0132 188 404 396 458
sheep 0.0074 120 145 386 312
sheep 0.0019 475 51 500 85
sheep 0.0018 188 160 240 209
sheep 0.0014 4 70 425 393
sheep 0.0012 312 208 497 473
sheep 0.0011 63 117 294 280
sheep 0.0010 93 204 333 397
cow 0.0281 276 192 390 333
cow 0.0250 142 161 258 273
cow 0.0186 120 145 386 312
cow 0.0128 69 84 435 378
cow 0.0085 118 100 315 148
cow 0.0074 108 118 409 160
cow 0.0061 6 152 254 310
cow 0.0041 40 62 386 178
cow 0.0022 475 51 500 85
cow 0.0016 76 91 414 218
cow 0.0015 451 162 501 236
cow 0.0015 229 221 286 266
cow 0.0011 266 208 305 278
cow 0.0010 184 225 333 290
cow 0.0010 12 1 413 248
chair 0.0152 451 162 501 236
chair 0.0104 10 54 236 104
chair 0.0049 1 9 246 138
chair 0.0034 2 5 178 84
chair 0.0019 445 152 501 309
chair 0.0012 446 68 501 400
chair 0.0010 454 164 501 201
sofa 0.0247 69 84 435 378
sofa 0.0031 103 111 398 274
sofa 0.0029 -13 7 222 137
sofa 0.0013 154 205 492 464
sofa 0.0012 46 96 383 215
pottedplant 0.0019 397 8 502 85
diningtable 0.0015 14 73 248 145
