person 0.9445 299 112 369 328
person 0.7514 60 169 226 329
person 0.0608 68 163 147 314
person 0.0125 202 170 237 230
person 0.0100 123 151 230 226
person 0.0095 180 206 219 234
person 0.0077 444 230 496 276
person 0.0067 0 143 14 209
person 0.0055 0 131 17 301
person 0.0054 135 177 222 328
person 0.0052 173 170 233 231
person 0.0046 198 157 299 236
person 0.0034 303 146 339 206
person 0.0031 335 117 374 240
person 0.0029 484 213 500 263
person 0.0023 129 167 165 313
person 0.0022 136 173 230 251
person 0.0020 67 166 110 308
person 0.0019 481 231 499 269
person 0.0016 208 197 233 235
person 0.0015 281 203 311 238
person 0.0015 170 214 203 241
person 0.0015 107 156 315 317
person 0.0013 309 115 363 169
person 0.0013 56 144 156 246
person 0.0012 480 185 500 282
person 0.0010 0 188 13 244
person 0.0010 142 170 219 186
person 0.0010 206 169 230 199
person 0.0010 62 150 142 197
person 0.0010 226 126 370 323
bicycle 0.0030 0 143 14 209
car 0.3057 52 148 145 214
car 0.0619 38 155 210 227
car 0.0256 64 160 219 323
car 0.0238 198 157 299 236
car 0.0235 0 146 60 203
car 0.0202 63 158 145 305
car 0.0180 123 151 230 226
car 0.0096 40 141 154 190
car 0.0081 0 143 14 209
car 0.0054 0 130 116 195
car 0.0041 444 230 496 276
car 0.0041 136 173 230 251
car 0.0033 217 144 341 238
car 0.0030 30 135 230 187
car 0.0024 53 149 125 176
car 0.0022 304 117 365 279
car 0.0020 107 156 315 317
car 0.0020 223 197 291 241
car 0.0016 57 163 118 221
car 0.0014 0 119 17 270
car 0.0013 173 170 233 231
car 0.0010 151 180 210 241
car 0.0010 5 178 53 202
dog 0.0033 64 160 219 323
horse 0.0044 60 169 226 329
sheep 0.0086 60 169 226 329
sheep 0.0014 68 163 147 314
bottle 0.0056 206 170 233 216
chair 0.0011 210 186 273 241
chair 0.0010 444 230 496 276
