person 0.0311 248 215 272 254
person 0.0197 285 218 303 255
person 0.0104 255 227 278 250
person 0.0043 222 148 240 207
person 0.0038 255 242 284 285
person 0.0033 243 213 275 275
person 0.0024 349 235 376 257
person 0.0014 52 179 89 260
person 0.0013 74 0 122 25
person 0.0013 278 245 312 280
bird 0.0017 77 21 123 43
bird 0.0013 74 0 122 25
bottle 0.0278 181 288 210 354
bottle 0.0039 60 182 88 224
chair 0.7390 61 271 132 331
chair 0.7304 149 256 203 309
chair 0.6577 -5 351 178 500
chair 0.4319 -2 335 90 493
chair 0.3314 323 248 375 297
chair 0.3256 21 270 138 349
chair 0.2997 322 258 352 292
chair 0.1923 255 242 284 285
chair 0.1920 297 242 324 281
chair 0.1781 278 245 312 280
chair 0.1322 246 246 271 283
chair 0.1200 165 252 227 299
chair 0.1085 307 256 327 292
chair 0.0781 350 238 375 269
chair 0.0637 219 259 250 286
chair 0.0461 194 254 229 289
chair 0.0441 185 254 217 293
chair 0.0440 59 236 388 488
chair 0.0425 104 245 184 320
chair 0.0395 351 254 375 298
chair 0.0298 13 282 63 340
chair 0.0265 207 225 252 288
chair 0.0238 128 284 379 443
chair 0.0218 263 243 324 284
chair 0.0187 57 277 79 320
chair 0.0153 51 273 148 390
chair 0.0143 200 281 236 315
chair 0.0143 343 236 372 257
chair 0.0139 306 258 379 406
chair 0.0137 64 275 94 316
chair 0.0124 32 274 272 462
chair 0.0124 246 284 301 310
chair 0.0123 140 262 189 327
chair 0.0122 187 264 243 318
chair 0.0113 150 254 235 332
chair 0.0111 197 206 244 270
chair 0.0111 96 267 139 331
chair 0.0110 246 247 294 297
chair 0.0096 181 288 210 354
chair 0.0091 202 254 256 301
chair 0.0088 38 262 350 395
chair 0.0079 235 274 350 312
chair 0.0071 79 412 191 500
chair 0.0069 116 260 159 332
chair 0.0066 171 219 261 277
chair 0.0063 178 278 346 355
chair 0.0060 69 269 132 294
chair 0.0057 143 236 168 269
chair 0.0057 285 218 303 255
chair 0.0057 175 204 218 267
chair 0.0056 100 241 152 311
chair 0.0055 58 265 108 289
chair 0.0055 230 317 369 423
chair 0.0055 356 281 377 426
chair 0.0055 230 283 282 310
chair 0.0053 149 266 296 316
chair 0.0051 186 286 210 320
chair 0.0049 40 277 88 346
chair 0.0048 105 274 132 326
chair 0.0048 146 260 175 302
chair 0.0045 175 257 216 335
chair 0.0042 56 255 99 273
chair 0.0040 0 262 91 330
chair 0.0037 86 324 204 383
chair 0.0035 1 463 78 499
chair 0.0035 159 250 197 271
chair 0.0034 65 261 173 339
chair 0.0033 256 290 331 314
chair 0.0032 46 250 80 272
chair 0.0032 61 305 173 410
chair 0.0025 83 317 287 387
chair 0.0024 287 246 330 297
chair 0.0024 52 263 113 305
chair 0.0023 248 215 272 254
chair 0.0023 293 234 318 259
chair 0.0023 12 464 184 502
chair 0.0023 144 270 171 321
chair 0.0022 20 320 61 345
chair 0.0021 66 290 96 341
chair 0.0020 106 263 138 297
chair 0.0019 304 252 383 315
chair 0.0019 242 304 302 322
chair 0.0019 35 264 94 288
chair 0.0019 3 220 36 262
chair 0.0018 124 289 253 368
chair 0.0018 5 266 151 481
chair 0.0018 306 288 357 305
chair 0.0017 85 289 114 339
chair 0.0017 165 215 186 260
chair 0.0016 0 218 21 263
chair 0.0016 244 360 300 428
chair 0.0016 52 228 77 261
chair 0.0016 -7 436 180 500
chair 0.0014 261 300 321 322
chair 0.0014 58 370 309 501
chair 0.0013 321 339 376 417
chair 0.0013 312 238 362 292
chair 0.0013 307 270 363 365
chair 0.0012 353 284 375 310
chair 0.0012 3 259 74 307
sofa 0.0165 323 248 375 297
sofa 0.0108 66 262 386 404
sofa 0.0092 199 272 334 313
sofa 0.0076 255 242 284 285
sofa 0.0034 322 258 352 292
sofa 0.0031 306 258 379 406
sofa 0.0028 148 269 326 326
sofa 0.0024 278 245 312 280
sofa 0.0024 350 238 375 269
sofa 0.0023 229 285 354 321
sofa 0.0018 297 242 324 281
sofa 0.0017 263 243 324 284
sofa 0.0016 178 278 346 355
sofa 0.0015 246 284 301 310
sofa 0.0015 102 233 170 323
sofa 0.0015 149 256 203 309
sofa 0.0010 256 290 331 314
sofa 0.0010 8 265 125 342
pottedplant 0.3917 111 232 164 300
pottedplant 0.0540 188 253 238 298
pottedplant 0.0251 196 249 226 285
pottedplant 0.0210 104 245 184 320
pottedplant 0.0126 148 231 169 262
pottedplant 0.0117 185 254 217 293
pottedplant 0.0092 349 235 376 257
pottedplant 0.0079 116 260 159 332
pottedplant 0.0071 248 213 268 243
pottedplant 0.0051 219 259 250 286
pottedplant 0.0040 286 212 302 245
pottedplant 0.0029 193 236 244 289
pottedplant 0.0027 255 242 284 285
pottedplant 0.0025 255 227 278 250
pottedplant 0.0023 236 142 269 254
pottedplant 0.0022 246 246 271 283
pottedplant 0.0021 120 238 159 276
pottedplant 0.0015 201 192 220 213
pottedplant 0.0015 126 262 153 302
pottedplant 0.0014 165 215 186 260
pottedplant 0.0013 54 163 73 204
pottedplant 0.0011 148 234 205 296
pottedplant 0.0011 149 255 235 304
pottedplant 0.0010 240 139 258 186
pottedplant 0.0010 256 210 274 246
pottedplant 0.0010 293 234 318 259
pottedplant 0.0010 220 148 249 211
diningtable 0.4800 61 281 383 444
diningtable 0.1292 278 245 312 280
diningtable 0.0441 255 242 284 285
diningtable 0.0304 263 243 324 284
diningtable 0.0264 330 256 373 295
diningtable 0.0231 27 269 138 354
diningtable 0.0213 96 278 357 371
diningtable 0.0198 199 272 334 313
diningtable 0.0164 339 240 373 273
diningtable 0.0141 297 242 324 281
diningtable 0.0139 246 246 271 283
diningtable 0.0109 285 218 303 255
diningtable 0.0095 255 227 278 250
diningtable 0.0072 106 307 345 406
diningtable 0.0070 8 264 73 287
diningtable 0.0068 -1 342 169 495
diningtable 0.0062 349 235 376 257
diningtable 0.0054 124 289 253 368
diningtable 0.0049 83 317 287 387
diningtable 0.0044 37 311 247 495
diningtable 0.0044 351 254 375 298
diningtable 0.0038 13 262 287 391
diningtable 0.0033 248 215 272 254
diningtable 0.0031 0 262 91 330
diningtable 0.0029 7 246 316 491
diningtable 0.0028 322 258 352 292
diningtable 0.0027 204 237 323 280
diningtable 0.0026 307 256 327 292
diningtable 0.0025 229 285 354 321
diningtable 0.0022 71 370 380 498
diningtable 0.0022 219 247 331 306
diningtable 0.0022 35 264 94 288
diningtable 0.0021 219 259 250 286
diningtable 0.0021 256 290 331 314
diningtable 0.0018 171 219 261 277
diningtable 0.0018 293 234 318 259
diningtable 0.0016 86 324 204 383
diningtable 0.0014 185 254 217 293
diningtable 0.0013 69 269 132 294
diningtable 0.0013 3 259 74 307
diningtable 0.0012 46 250 80 272
diningtable 0.0012 12 464 184 502
diningtable 0.0011 58 265 108 289
diningtable 0.0011 37 289 169 416
diningtable 0.0010 148 269 326 326
diningtable 0.0010 104 245 184 320
tvmonitor 0.0287 180 204 203 248
tvmonitor 0.0237 197 206 244 270
tvmonitor 0.0082 203 205 226 242
tvmonitor 0.0074 175 204 218 267
tvmonitor 0.0059 255 242 284 285
tvmonitor 0.0047 223 214 246 267
tvmonitor 0.0015 165 215 186 260
tvmonitor 0.0013 219 209 244 241
