person 0.0135 283 -3 361 127
person 0.0082 458 10 499 338
person 0.0057 476 19 499 295
person 0.0044 488 16 499 146
person 0.0040 259 -5 322 135
person 0.0026 31 -20 300 303
person 0.0024 0 237 96 328
person 0.0013 196 45 233 102
bicycle 0.0010 259 -5 322 135
car 0.0011 488 16 499 146
bottle 0.3066 337 123 480 333
bottle 0.0586 398 103 460 334
bottle 0.0355 266 0 323 153
bottle 0.0345 275 29 317 124
bottle 0.0229 453 125 499 308
bottle 0.0126 398 121 463 230
bottle 0.0087 196 45 233 102
bottle 0.0086 333 239 484 333
bottle 0.0073 402 119 423 160
bottle 0.0071 394 114 433 239
bottle 0.0064 264 -1 292 126
bottle 0.0046 402 131 426 170
bottle 0.0038 393 22 496 325
bottle 0.0026 295 236 428 333
bottle 0.0025 404 120 464 180
bottle 0.0020 488 16 499 146
bottle 0.0020 396 120 431 186
bottle 0.0019 372 229 413 320
bottle 0.0017 417 106 485 331
bottle 0.0016 473 34 499 319
bottle 0.0014 284 60 308 103
bottle 0.0012 457 220 498 328
bottle 0.0011 412 134 453 170
bottle 0.0010 382 227 471 323
bottle 0.0010 434 111 469 283
bottle 0.0010 408 121 459 148
chair 0.7695 12 97 274 303
chair 0.0183 16 12 206 159
chair 0.0139 156 74 278 279
chair 0.0067 196 45 233 102
chair 0.0035 111 5 224 99
chair 0.0024 180 93 271 147
chair 0.0023 485 33 499 202
chair 0.0020 190 54 213 101
chair 0.0020 17 98 112 319
chair 0.0017 466 240 500 334
chair 0.0015 264 2 327 148
chair 0.0013 0 237 96 328
sofa 0.7752 31 10 263 320
sofa 0.0702 75 106 269 294
sofa 0.0190 16 12 206 159
sofa 0.0026 0 237 96 328
sofa 0.0019 174 88 276 261
sofa 0.0019 488 16 499 146
sofa 0.0018 57 1 423 329
sofa 0.0013 22 98 179 307
pottedplant 0.0013 488 16 499 146
diningtable 0.0130 337 123 480 333
diningtable 0.0026 0 237 96 328
diningtable 0.0015 242 98 422 321
diningtable 0.0010 37 144 457 325
tvmonitor 0.0070 488 16 499 146
