person 0.4445 185 70 249 247
person 0.0296 196 75 238 152
person 0.0072 117 88 237 259
person 0.0049 179 66 245 170
person 0.0033 184 72 225 209
person 0.0033 222 132 264 189
person 0.0022 184 100 207 146
person 0.0020 3 84 90 285
person 0.0019 439 149 500 281
person 0.0018 172 88 346 259
person 0.0018 212 101 262 178
person 0.0018 212 107 356 182
person 0.0018 479 46 499 163
person 0.0015 192 82 279 198
person 0.0012 11 97 86 211
bird 0.1115 122 83 204 226
bird 0.0779 185 71 249 241
bird 0.0608 118 58 242 248
bird 0.0178 182 74 233 153
bird 0.0137 220 114 355 191
bird 0.0106 23 100 80 148
bird 0.0059 11 97 86 211
bird 0.0057 123 120 189 196
bird 0.0031 184 100 207 146
bird 0.0030 444 152 500 241
bird 0.0025 126 64 227 177
bird 0.0016 477 78 499 159
bird 0.0012 212 101 262 178
bird 0.0011 65 96 218 264
bird 0.0010 190 75 362 223
cat 0.0036 220 114 355 191
cat 0.0015 440 149 499 244
dog 0.0261 220 114 355 191
dog 0.0229 440 149 499 244
dog 0.0114 117 88 237 259
dog 0.0031 190 75 362 223
dog 0.0026 11 97 86 211
dog 0.0025 410 86 486 197
dog 0.0020 222 132 264 189
dog 0.0012 184 111 248 250
dog 0.0010 477 78 499 159
dog 0.0010 120 98 199 223
dog 0.0010 23 100 80 148
horse 0.0139 6 92 83 222
horse 0.0073 23 100 80 148
horse 0.0028 477 78 499 159
horse 0.0022 117 88 237 259
horse 0.0020 440 149 499 244
horse 0.0018 170 68 345 240
horse 0.0015 212 107 356 182
sheep 0.7399 406 89 488 186
sheep 0.7040 444 152 500 241
sheep 0.2892 477 78 499 159
sheep 0.2093 11 97 86 211
sheep 0.1015 23 100 80 148
sheep 0.0831 212 107 356 182
sheep 0.0522 184 111 248 250
sheep 0.0485 120 98 199 223
sheep 0.0413 428 134 481 189
sheep 0.0352 453 85 497 158
sheep 0.0285 406 131 449 184
sheep 0.0226 222 132 264 189
sheep 0.0088 117 88 237 259
sheep 0.0072 290 138 348 187
sheep 0.0055 406 135 434 174
sheep 0.0049 118 121 183 198
sheep 0.0047 385 149 488 237
sheep 0.0046 413 122 437 165
sheep 0.0045 197 85 272 231
sheep 0.0039 235 139 267 180
sheep 0.0038 479 117 499 157
sheep 0.0034 437 83 495 212
sheep 0.0029 3 84 90 285
sheep 0.0024 400 115 438 175
sheep 0.0024 190 75 362 223
sheep 0.0022 470 86 499 229
sheep 0.0022 212 101 262 178
sheep 0.0018 476 136 499 173
sheep 0.0018 434 156 480 233
sheep 0.0017 221 128 347 221
sheep 0.0017 459 130 488 158
sheep 0.0016 179 66 245 170
sheep 0.0015 68 46 215 251
sheep 0.0012 0 6 98 215
sheep 0.0011 405 141 462 208
sheep 0.0011 411 160 497 264
sheep 0.0010 452 137 489 171
cow 0.1245 477 78 499 159
cow 0.0587 11 97 86 211
cow 0.0325 23 100 80 148
cow 0.0223 217 115 352 195
cow 0.0146 406 89 488 186
cow 0.0082 440 149 499 244
cow 0.0030 453 85 497 158
cow 0.0024 117 88 237 259
cow 0.0024 235 139 267 180
cow 0.0023 479 117 499 157
cow 0.0020 3 84 90 285
cow 0.0016 190 75 362 223
cow 0.0015 222 132 264 189
cow 0.0014 290 138 348 187
