person 0.0079 479 140 500 177
person 0.0023 478 104 500 208
person 0.0015 479 151 499 195
person 0.0013 327 298 368 342
person 0.0012 0 48 27 226
person 0.0012 175 20 318 139
person 0.0011 -2 16 129 359
person 0.0010 437 90 475 121
person 0.0010 434 142 465 177
car 0.0058 401 102 503 225
car 0.0018 479 140 500 177
car 0.0017 118 55 138 106
car 0.0013 435 127 500 191
bird 0.0013 479 140 500 177
bottle 0.0719 0 173 16 218
bottle 0.0681 0 174 21 247
bottle 0.0658 29 224 72 292
bottle 0.0584 112 106 140 174
bottle 0.0533 2 182 45 244
bottle 0.0525 118 55 138 106
bottle 0.0402 53 196 87 233
bottle 0.0396 8 195 35 238
bottle 0.0197 37 233 68 271
bottle 0.0128 40 199 86 268
bottle 0.0072 -1 51 32 158
bottle 0.0072 20 159 65 232
bottle 0.0069 0 181 60 357
bottle 0.0066 4 199 46 311
bottle 0.0058 2 148 52 210
bottle 0.0052 10 171 99 288
bottle 0.0050 25 237 45 277
bottle 0.0046 50 168 96 232
bottle 0.0041 4 147 91 248
bottle 0.0041 0 169 24 304
bottle 0.0036 27 178 58 211
bottle 0.0034 117 48 135 87
bottle 0.0034 46 214 74 255
bottle 0.0032 21 184 74 249
bottle 0.0025 20 180 47 219
bottle 0.0024 58 185 88 221
bottle 0.0023 0 89 22 228
bottle 0.0022 29 158 61 193
bottle 0.0019 40 196 68 234
bottle 0.0019 -1 6 108 151
bottle 0.0017 114 56 141 143
bottle 0.0016 13 201 91 333
bottle 0.0016 0 239 46 347
bottle 0.0016 28 255 62 292
bottle 0.0015 358 101 396 176
bottle 0.0015 0 205 17 251
bottle 0.0014 0 189 31 362
bottle 0.0014 72 157 109 191
bottle 0.0014 0 162 65 267
bottle 0.0013 13 206 37 257
bottle 0.0010 39 222 85 326
chair 0.0198 404 236 501 377
chair 0.0045 434 80 500 124
chair 0.0015 443 301 500 371
chair 0.0011 0 235 63 370
chair 0.0010 398 91 433 154
chair 0.0010 403 71 502 140
diningtable 0.0018 -18 202 449 392
tvmonitor 0.9659 135 6 356 184
tvmonitor 0.0361 4 0 115 134
tvmonitor 0.0299 -1 51 32 158
tvmonitor 0.0245 401 102 503 225
tvmonitor 0.0239 404 236 501 377
tvmonitor 0.0172 413 222 495 315
tvmonitor 0.0029 139 232 278 288
tvmonitor 0.0028 -1 43 54 178
tvmonitor 0.0018 63 -2 508 374
tvmonitor 0.0015 411 244 452 374
tvmonitor 0.0011 1 15 123 284
tvmonitor 0.0010 441 230 501 293
