person 0.8319 75 165 385 487
person 0.0460 4 41 301 392
person 0.0109 108 153 341 361
person 0.0063 -5 15 53 181
person 0.0034 249 0 289 24
person 0.0029 0 82 38 176
person 0.0028 284 0 309 28
person 0.0028 4 140 246 499
person 0.0028 302 0 325 31
person 0.0026 286 216 379 301
person 0.0017 317 417 373 496
person 0.0015 227 188 378 397
person 0.0013 -2 28 25 178
person 0.0011 0 26 69 395
person 0.0010 48 0 116 20
person 0.0010 12 159 146 415
person 0.0010 0 99 23 181
car 0.0020 1 337 155 495
car 0.0014 249 0 289 24
dog 0.0012 75 165 385 487
horse 0.0032 4 41 301 392
bottle 0.0929 247 93 263 156
bottle 0.0062 248 90 268 131
bottle 0.0054 302 0 325 31
bottle 0.0050 248 119 265 160
bottle 0.0036 284 0 309 28
bottle 0.0027 237 0 281 24
bottle 0.0026 264 125 289 162
bottle 0.0024 300 107 325 145
bottle 0.0024 181 0 213 17
bottle 0.0023 315 0 337 32
bottle 0.0020 348 115 366 163
bottle 0.0015 221 0 251 21
bottle 0.0014 230 98 247 142
bottle 0.0013 200 0 229 19
bottle 0.0013 355 114 371 162
bottle 0.0012 282 108 312 141
bottle 0.0012 253 82 296 158
bottle 0.0011 261 108 287 144
chair 0.4378 1 337 155 495
chair 0.1061 68 203 391 501
chair 0.0233 0 99 23 181
chair 0.0189 -5 15 53 181
chair 0.0189 0 82 38 176
chair 0.0145 286 216 379 301
chair 0.0126 280 291 375 384
chair 0.0112 236 190 376 459
chair 0.0111 0 94 21 146
chair 0.0085 147 170 381 399
chair 0.0080 233 378 369 500
chair 0.0066 -2 28 25 178
chair 0.0063 -1 354 80 502
chair 0.0054 269 209 310 283
chair 0.0053 4 57 307 442
chair 0.0051 256 479 329 499
chair 0.0044 23 322 268 497
chair 0.0043 0 143 22 180
chair 0.0043 6 99 27 143
chair 0.0042 200 389 323 498
chair 0.0041 5 255 203 484
chair 0.0040 324 444 373 499
chair 0.0037 299 389 373 499
chair 0.0033 23 4 139 83
chair 0.0032 261 309 370 414
chair 0.0027 -1 11 46 119
chair 0.0025 333 466 373 500
chair 0.0023 206 241 318 345
chair 0.0023 257 354 369 454
chair 0.0021 301 477 363 500
chair 0.0021 279 220 375 369
chair 0.0019 143 312 379 505
chair 0.0019 280 296 375 503
chair 0.0017 2 164 31 353
chair 0.0015 0 7 18 54
chair 0.0013 211 72 251 130
chair 0.0012 5 119 29 172
chair 0.0011 191 70 248 96
chair 0.0011 0 23 15 72
sofa 0.1666 68 203 391 501
sofa 0.0765 4 41 301 392
sofa 0.0448 1 337 155 495
sofa 0.0228 276 200 379 394
sofa 0.0190 23 322 268 497
sofa 0.0130 147 170 381 399
sofa 0.0089 290 206 379 303
sofa 0.0041 228 235 373 496
sofa 0.0038 9 166 152 482
sofa 0.0023 12 66 268 230
sofa 0.0017 43 156 265 357
sofa 0.0014 143 312 379 505
sofa 0.0014 280 291 375 384
diningtable 0.0088 286 216 379 301
diningtable 0.0030 -24 306 402 497
diningtable 0.0010 -3 72 46 91
tvmonitor 0.0181 20 0 138 57
tvmonitor 0.0038 48 0 116 20
tvmonitor 0.0024 27 0 137 29
tvmonitor 0.0021 0 3 47 81
tvmonitor 0.0010 101 0 136 20
