person 0.3410 0 120 25 230
person 0.0404 5 121 47 230
person 0.0303 1 86 92 315
person 0.0246 53 82 78 111
person 0.0204 8 88 83 221
person 0.0188 3 107 61 273
person 0.0090 406 137 446 155
person 0.0055 23 127 64 226
person 0.0048 0 116 19 159
person 0.0042 1 105 51 178
person 0.0033 0 38 19 208
person 0.0031 0 140 17 207
person 0.0020 30 117 55 153
person 0.0015 0 173 22 225
bicycle 0.0010 3 92 91 336
car 0.2086 3 92 91 336
motorbike 0.0027 1 86 92 315
bus 0.0041 1 86 92 315
boat 0.0032 3 92 91 336
bird 0.0210 406 143 446 158
bird 0.0070 398 138 440 154
bird 0.0030 53 82 78 111
dog 0.0203 406 143 446 158
dog 0.0065 53 82 78 111
dog 0.0039 398 138 440 154
dog 0.0024 5 121 47 230
dog 0.0016 65 83 105 107
dog 0.0012 0 117 27 272
horse 0.0747 53 82 78 111
horse 0.0189 406 143 446 158
horse 0.0102 65 83 105 107
horse 0.0058 398 138 440 154
sheep 0.0886 406 143 446 158
sheep 0.0426 398 138 440 154
sheep 0.0037 53 82 78 111
sheep 0.0034 449 147 494 164
sheep 0.0014 418 147 488 161
cow 0.9043 165 140 339 266
cow 0.2055 53 82 78 111
cow 0.0896 406 143 446 158
cow 0.0376 398 138 440 154
cow 0.0264 65 83 105 107
cow 0.0118 292 140 335 255
cow 0.0075 161 161 206 220
cow 0.0054 154 152 279 244
cow 0.0024 195 150 253 171
cow 0.0015 207 148 270 167
cow 0.0013 449 147 494 164
cow 0.0013 244 138 344 257
cow 0.0010 162 162 201 194
chair 0.0295 3 92 91 336
chair 0.0031 3 107 61 273
chair 0.0013 0 117 27 272
pottedplant 0.0010 3 92 91 336
tvmonitor 0.0120 3 92 91 336
