person 0.0572 299 281 327 311
person 0.0435 282 283 308 313
person 0.0347 203 285 229 315
person 0.0194 184 280 219 314
person 0.0179 167 277 199 312
person 0.0123 83 261 100 317
person 0.0096 271 283 295 315
person 0.0068 0 291 13 360
person 0.0066 158 258 201 287
person 0.0039 153 241 215 266
person 0.0029 241 282 275 315
person 0.0028 76 251 104 292
person 0.0026 2 254 23 296
person 0.0025 319 277 353 309
person 0.0025 181 293 225 317
person 0.0023 71 252 101 321
person 0.0019 224 278 263 310
person 0.0018 168 293 205 317
person 0.0017 130 270 149 310
person 0.0016 126 257 145 295
person 0.0016 381 292 409 329
person 0.0015 358 298 378 323
person 0.0014 8 255 35 291
person 0.0014 169 273 232 315
person 0.0014 3 262 37 359
person 0.0012 223 261 298 279
person 0.0011 290 267 347 313
person 0.0011 112 270 137 302
person 0.0010 327 341 387 374
person 0.0010 298 293 332 315
car 0.9681 126 261 379 371
car 0.9027 11 245 92 330
car 0.8445 1 261 27 360
car 0.6104 108 253 144 293
car 0.5180 76 251 104 292
car 0.4478 135 240 270 289
car 0.3088 92 257 121 295
car 0.1309 108 249 142 271
car 0.0838 126 257 145 295
car 0.0625 83 261 100 317
car 0.0508 73 247 103 273
car 0.0488 0 291 13 360
car 0.0427 79 252 129 300
car 0.0329 139 242 358 299
car 0.0325 112 270 137 302
car 0.0321 91 267 112 303
car 0.0313 8 235 40 268
car 0.0213 2 254 23 296
car 0.0206 135 256 343 327
car 0.0139 130 270 149 310
car 0.0124 30 242 69 264
car 0.0115 4 230 41 318
car 0.0115 42 247 85 270
car 0.0105 82 248 128 273
car 0.0096 71 252 101 321
car 0.0088 10 268 33 313
car 0.0078 132 234 345 275
car 0.0075 2 240 25 273
car 0.0074 0 263 19 319
car 0.0073 8 255 35 291
car 0.0066 132 329 388 373
car 0.0062 276 240 311 265
car 0.0051 164 238 241 261
car 0.0051 18 287 38 348
car 0.0047 299 248 334 269
car 0.0046 144 215 266 264
car 0.0040 128 195 370 349
car 0.0038 341 239 371 270
car 0.0035 157 226 246 244
car 0.0033 358 351 388 375
car 0.0031 266 240 296 263
car 0.0030 400 290 498 371
car 0.0028 58 251 87 286
car 0.0026 55 240 146 306
car 0.0026 316 258 354 281
car 0.0023 210 241 267 260
car 0.0021 299 259 341 282
car 0.0020 229 244 420 292
car 0.0019 114 240 259 342
car 0.0018 266 256 404 331
car 0.0016 237 241 279 261
car 0.0016 303 266 370 316
car 0.0015 26 255 68 283
car 0.0014 125 239 151 270
car 0.0013 305 254 422 359
car 0.0012 315 244 358 274
car 0.0012 145 246 216 294
car 0.0011 119 234 216 312
car 0.0011 328 348 389 375
car 0.0010 319 277 353 309
car 0.0010 134 288 152 330
motorbike 0.0066 112 270 137 302
motorbike 0.0016 1 261 27 360
motorbike 0.0015 0 291 13 360
motorbike 0.0010 76 251 104 292
aeroplane 0.0653 144 215 266 264
aeroplane 0.0350 175 162 305 234
aeroplane 0.0204 184 163 251 184
aeroplane 0.0157 292 236 445 305
aeroplane 0.0104 141 226 232 241
aeroplane 0.0091 163 199 334 258
aeroplane 0.0074 158 180 280 252
aeroplane 0.0070 129 202 157 235
aeroplane 0.0057 170 211 233 230
aeroplane 0.0055 111 200 258 240
aeroplane 0.0054 90 215 243 255
aeroplane 0.0050 129 228 191 248
aeroplane 0.0046 52 204 224 263
aeroplane 0.0037 127 228 162 250
aeroplane 0.0033 113 164 298 298
aeroplane 0.0027 88 15 483 359
aeroplane 0.0025 210 163 264 228
aeroplane 0.0023 276 190 455 353
aeroplane 0.0022 185 166 255 218
aeroplane 0.0022 135 234 267 279
aeroplane 0.0022 236 183 339 273
aeroplane 0.0021 212 182 270 249
aeroplane 0.0016 112 210 171 258
aeroplane 0.0014 224 207 259 233
bus 0.1401 135 234 267 279
bus 0.0426 8 235 40 268
bus 0.0177 11 238 90 322
bus 0.0157 108 249 142 271
bus 0.0144 5 231 47 286
bus 0.0136 73 247 103 273
bus 0.0062 157 226 246 244
bus 0.0054 82 248 128 273
bus 0.0038 30 242 69 264
bus 0.0038 2 240 25 273
bus 0.0032 42 247 85 270
bus 0.0022 144 215 266 264
bus 0.0021 109 264 387 357
bus 0.0021 108 253 144 293
bus 0.0020 139 242 358 299
bus 0.0020 0 205 32 312
bus 0.0019 0 92 14 262
bus 0.0015 55 240 146 306
bus 0.0012 71 250 107 303
boat 0.0016 0 92 14 262
boat 0.0013 157 226 246 244
