person 0.0181 10 10 303 424
person 0.0027 -3 26 100 391
car 0.0027 25 114 294 510
boat 0.0014 25 114 294 510
bird 0.0041 27 64 294 507
cat 0.1477 5 63 272 506
dog 0.5725 27 64 294 507
dog 0.0020 -2 322 121 499
dog 0.0015 -13 0 224 427
horse 0.1101 27 64 294 507
horse 0.0054 -2 322 121 499
horse 0.0024 180 146 306 494
horse 0.0012 -13 0 224 427
sheep 0.0115 25 114 294 510
sheep 0.0060 -2 322 121 499
cow 0.0818 -2 322 121 499
cow 0.0798 25 114 294 510
cow 0.0066 -1 363 248 505
cow 0.0062 22 392 141 507
cow 0.0050 -7 377 58 497
cow 0.0036 -13 0 224 427
cow 0.0031 -3 447 118 500
cow 0.0016 -2 437 41 500
cow 0.0015 58 392 103 472
cow 0.0015 -3 26 100 391
cow 0.0012 180 146 306 494
cow 0.0012 69 378 186 495
cow 0.0010 -1 338 38 494
chair 0.0189 27 64 294 507
chair 0.0010 -3 26 100 391
sofa 0.0154 10 10 303 424
diningtable 0.0010 27 64 294 507
