person 0.7743 18 11 327 417
person 0.0734 7 198 331 519
person 0.0655 299 62 331 189
person 0.0495 -4 108 124 467
person 0.0374 258 188 332 300
person 0.0318 155 160 337 488
person 0.0309 83 26 321 226
person 0.0269 294 54 330 127
person 0.0166 0 20 172 314
person 0.0152 3 242 176 490
person 0.0069 44 0 77 27
person 0.0057 -2 270 80 399
person 0.0030 11 0 69 26
person 0.0029 312 61 331 111
person 0.0027 0 271 50 370
person 0.0021 275 49 315 119
person 0.0020 279 35 309 64
person 0.0019 254 63 332 194
person 0.0015 211 266 330 482
person 0.0014 312 83 331 130
person 0.0013 308 64 333 143
person 0.0011 26 109 246 391
person 0.0011 149 42 330 383
person 0.0011 73 268 338 465
person 0.0010 212 35 335 310
car 0.1079 299 62 331 189
car 0.0172 162 2 307 53
car 0.0066 154 1 334 96
car 0.0044 294 54 330 127
car 0.0021 44 0 77 27
car 0.0018 254 63 332 194
car 0.0016 147 11 328 193
car 0.0016 11 0 69 26
car 0.0013 36 0 311 49
car 0.0013 304 102 329 149
car 0.0010 302 116 327 167
car 0.0010 312 83 331 130
bus 0.0030 112 0 308 50
bus 0.0011 298 63 331 145
cat 0.0016 53 370 117 433
chair 0.2239 0 20 172 314
chair 0.0726 245 356 333 502
chair 0.0617 155 301 330 500
chair 0.0237 7 67 330 499
chair 0.0162 262 191 332 295
chair 0.0109 8 290 316 503
chair 0.0098 294 409 332 498
chair 0.0076 16 436 243 501
chair 0.0029 63 18 334 346
chair 0.0016 162 2 307 53
chair 0.0014 44 0 77 27
chair 0.0011 106 429 243 477
chair 0.0010 12 367 248 499
sofa 0.2704 0 20 172 314
sofa 0.0736 7 67 330 499
sofa 0.0308 8 290 316 503
sofa 0.0077 159 273 329 471
sofa 0.0033 7 2 328 289
sofa 0.0032 16 436 243 501
sofa 0.0032 -2 76 123 418
sofa 0.0023 3 242 176 490
sofa 0.0017 89 18 312 195
pottedplant 0.0213 44 0 77 27
pottedplant 0.0080 11 0 69 26
pottedplant 0.0044 0 0 77 43
pottedplant 0.0030 229 2 328 107
pottedplant 0.0013 55 0 95 25
pottedplant 0.0010 -2 0 177 49
pottedplant 0.0010 279 35 309 64
