person 0.0271 126 216 150 257
person 0.0200 88 222 121 248
person 0.0093 102 145 132 175
person 0.0091 101 227 128 255
person 0.0086 239 142 269 177
person 0.0069 66 113 93 148
person 0.0055 180 244 204 267
person 0.0037 60 210 95 243
person 0.0030 127 207 153 242
person 0.0030 261 143 286 183
person 0.0021 61 125 100 164
person 0.0015 220 128 251 164
person 0.0015 118 207 163 264
person 0.0014 222 141 248 176
person 0.0010 50 209 78 244
person 0.0010 283 145 303 188
person 0.0010 131 181 175 257
car 0.0114 1 230 52 292
car 0.0059 0 241 34 274
car 0.0045 1 208 118 311
car 0.0017 328 162 364 195
aeroplane 0.0020 26 362 349 493
aeroplane 0.0011 186 157 322 244
aeroplane 0.0010 241 175 306 225
bus 0.0011 328 162 364 195
train 0.0034 14 352 363 479
boat 0.4973 14 352 363 479
boat 0.2689 50 218 404 362
boat 0.2436 139 171 393 332
boat 0.2189 5 201 127 312
boat 0.2129 0 72 78 203
boat 0.1749 211 306 373 365
boat 0.1609 209 203 374 358
boat 0.1175 12 170 276 340
boat 0.1163 65 106 375 388
boat 0.1155 36 36 177 222
boat 0.1010 51 32 146 162
boat 0.0928 166 134 282 215
boat 0.0865 47 170 154 237
boat 0.0664 43 155 163 213
boat 0.0659 68 175 129 199
boat 0.0650 55 84 159 182
boat 0.0619 8 224 378 498
boat 0.0611 149 163 295 250
boat 0.0554 290 126 345 191
boat 0.0548 102 42 273 217
boat 0.0538 131 171 252 237
boat 0.0486 25 75 119 191
boat 0.0476 169 106 271 181
boat 0.0456 93 91 197 177
boat 0.0453 61 165 133 208
boat 0.0432 189 169 343 256
boat 0.0407 1 155 56 214
boat 0.0381 125 103 327 251
boat 0.0346 4 159 119 208
boat 0.0325 -1 45 145 294
boat 0.0324 176 7 345 185
boat 0.0320 142 92 240 186
boat 0.0309 97 34 193 156
boat 0.0307 25 70 262 272
boat 0.0305 25 253 278 377
boat 0.0297 0 339 208 388
boat 0.0296 191 136 243 200
boat 0.0267 162 181 235 224
boat 0.0263 328 162 364 195
boat 0.0261 180 148 208 178
boat 0.0258 75 236 228 346
boat 0.0232 53 13 237 185
boat 0.0221 197 164 235 197
boat 0.0206 84 292 220 358
boat 0.0205 -9 5 94 200
boat 0.0196 0 152 85 253
boat 0.0187 206 105 313 178
boat 0.0186 3 190 154 374
boat 0.0179 150 35 229 155
boat 0.0177 54 139 320 287
boat 0.0176 250 135 364 208
boat 0.0160 68 205 220 308
boat 0.0156 170 135 223 192
boat 0.0154 247 107 366 172
boat 0.0154 165 154 233 211
boat 0.0145 53 149 245 209
boat 0.0142 -3 228 98 326
boat 0.0142 56 116 106 173
boat 0.0141 224 121 285 174
boat 0.0139 208 131 260 197
boat 0.0128 207 64 397 290
boat 0.0127 329 157 363 182
boat 0.0124 58 187 135 211
boat 0.0122 329 127 375 196
boat 0.0121 324 164 373 229
boat 0.0120 92 114 147 174
boat 0.0116 0 81 45 168
boat 0.0110 18 171 60 202
boat 0.0110 -4 317 139 392
boat 0.0107 142 248 389 386
boat 0.0106 192 326 356 381
boat 0.0102 106 133 143 164
boat 0.0102 9 95 41 121
boat 0.0094 290 96 374 183
boat 0.0093 290 168 370 264
boat 0.0090 246 190 362 317
boat 0.0089 102 145 132 175
boat 0.0088 119 127 148 157
boat 0.0087 262 181 334 225
boat 0.0083 158 148 199 182
boat 0.0083 222 141 248 176
boat 0.0082 61 187 217 257
boat 0.0081 198 127 304 198
boat 0.0078 6 168 52 196
boat 0.0077 208 118 263 172
boat 0.0076 14 131 66 195
boat 0.0073 239 142 269 177
boat 0.0073 237 172 352 232
boat 0.0072 7 -14 374 280
boat 0.0072 10 57 67 155
boat 0.0072 142 183 173 216
boat 0.0070 59 238 189 317
boat 0.0069 97 170 145 195
boat 0.0066 244 64 371 137
boat 0.0066 149 138 206 189
boat 0.0066 298 53 378 141
boat 0.0065 175 97 227 158
boat 0.0065 243 114 300 177
boat 0.0063 230 119 280 138
boat 0.0063 44 133 157 197
bottle 0.0131 235 204 276 274
bottle 0.0042 239 220 265 267
bottle 0.0016 126 216 150 257
bottle 0.0011 243 183 267 222
chair 0.0057 328 162 364 195
chair 0.0017 329 127 375 196
chair 0.0016 296 127 352 189
chair 0.0012 109 261 137 291
chair 0.0011 89 242 151 307
pottedplant 0.0025 342 240 371 287
diningtable 0.0050 8 224 378 498
diningtable 0.0032 14 352 363 479
tvmonitor 0.0017 14 352 363 479
