person 0.0147 138 58 166 78
person 0.0057 304 4 348 261
person 0.0041 84 14 116 103
person 0.0030 275 73 348 241
person 0.0029 41 -3 217 145
person 0.0026 39 1 63 116
person 0.0021 337 75 350 199
person 0.0019 102 43 198 100
person 0.0015 84 18 174 97
person 0.0014 152 123 323 256
person 0.0014 194 206 228 252
person 0.0012 341 119 350 211
person 0.0011 152 198 262 258
person 0.0010 0 127 18 228
person 0.0010 121 36 163 74
person 0.0010 344 137 350 194
bicycle 0.0055 2 124 80 196
bicycle 0.0024 0 75 85 233
bicycle 0.0011 196 202 311 259
bicycle 0.0010 0 191 36 224
car 0.0056 138 58 166 78
car 0.0015 108 87 131 104
car 0.0015 258 249 310 263
motorbike 0.0018 0 191 36 224
dog 0.0010 0 191 36 224
bottle 0.0017 258 248 303 262
bottle 0.0014 343 153 350 203
bottle 0.0014 0 199 35 220
bottle 0.0011 342 170 350 211
chair 0.0092 283 48 350 223
chair 0.0064 169 127 343 250
chair 0.0020 173 199 273 259
chair 0.0017 286 87 350 176
chair 0.0014 263 204 350 261
chair 0.0010 188 208 332 258
sofa 0.0318 169 127 343 250
pottedplant 0.2129 212 0 300 136
pottedplant 0.0019 206 16 263 124
pottedplant 0.0013 227 -4 331 208
pottedplant 0.0011 221 64 296 127
diningtable 0.0585 169 127 343 250
diningtable 0.0020 230 212 336 259
diningtable 0.0014 275 73 348 241
diningtable 0.0011 43 -11 361 271
tvmonitor 0.8269 58 -2 232 139
tvmonitor 0.0053 23 0 274 198
tvmonitor 0.0017 205 127 352 249
tvmonitor 0.0011 138 58 166 78
