person 0.3105 -10 56 276 397
person 0.2911 287 -14 505 421
person 0.0378 106 14 474 386
person 0.0096 218 323 304 398
person 0.0050 319 3 498 255
person 0.0041 65 197 508 422
person 0.0029 0 258 65 391
person 0.0026 176 88 215 179
person 0.0023 182 241 399 396
person 0.0022 0 47 61 416
person 0.0021 0 162 59 316
person 0.0019 400 2 457 23
person 0.0019 170 97 248 235
person 0.0019 242 223 499 398
person 0.0016 0 161 21 335
person 0.0014 0 61 133 401
person 0.0014 153 324 326 399
cat 0.0076 106 14 474 386
bottle 0.5675 158 262 237 400
bottle 0.1145 255 201 308 250
bottle 0.0698 79 304 289 402
bottle 0.0380 202 186 244 241
bottle 0.0309 179 265 221 353
bottle 0.0264 208 199 379 265
bottle 0.0160 160 263 203 354
bottle 0.0088 223 204 243 241
bottle 0.0083 248 172 342 249
bottle 0.0078 288 179 355 247
bottle 0.0072 167 198 244 286
bottle 0.0056 253 205 277 242
bottle 0.0041 195 212 319 267
bottle 0.0034 144 270 192 346
bottle 0.0033 100 266 232 385
bottle 0.0031 142 330 257 397
bottle 0.0022 280 209 313 247
bottle 0.0014 200 151 244 233
bottle 0.0013 171 153 247 249
bottle 0.0013 209 168 300 238
bottle 0.0012 161 220 246 337
chair 0.0366 280 174 371 248
chair 0.0237 182 241 399 396
chair 0.0181 208 199 379 265
chair 0.0040 248 172 342 249
chair 0.0035 0 258 65 391
chair 0.0031 321 216 499 394
chair 0.0025 65 197 508 422
chair 0.0014 291 364 314 394
chair 0.0014 289 172 354 217
chair 0.0012 287 194 350 253
diningtable 0.0069 98 280 316 399
diningtable 0.0064 7 217 488 407
diningtable 0.0025 182 241 399 396
diningtable 0.0014 71 334 267 396
diningtable 0.0010 24 307 218 400
