person 0.7573 1 169 134 365
person 0.3156 193 143 458 377
person 0.1941 52 99 438 369
person 0.0207 145 106 434 284
person 0.0130 476 181 500 296
person 0.0109 -11 133 301 383
person 0.0109 13 225 266 372
person 0.0096 32 351 51 374
person 0.0094 474 166 499 379
person 0.0064 27 252 144 359
person 0.0039 300 154 493 374
person 0.0031 1 172 64 357
person 0.0028 -1 168 20 380
person 0.0021 32 107 326 284
person 0.0020 439 83 502 382
person 0.0015 26 288 78 366
person 0.0013 1 258 84 363
bicycle 0.0015 288 101 424 172
car 0.0010 42 319 304 376
motorbike 0.0019 42 319 304 376
motorbike 0.0010 -12 138 432 370
cat 0.0013 164 137 418 374
dog 0.0039 193 143 458 377
bottle 0.1448 260 305 299 367
bottle 0.0355 410 123 425 163
bottle 0.0184 404 122 430 201
bottle 0.0136 444 138 466 169
bottle 0.0055 406 132 427 173
bottle 0.0048 462 154 486 192
bottle 0.0046 408 162 431 200
bottle 0.0043 415 160 438 198
bottle 0.0030 32 351 51 374
bottle 0.0027 418 153 487 200
bottle 0.0017 420 148 448 172
bottle 0.0016 477 146 499 294
bottle 0.0015 456 145 484 183
bottle 0.0013 429 165 467 196
bottle 0.0012 480 157 498 200
bottle 0.0012 393 161 442 279
bottle 0.0011 224 267 350 350
bottle 0.0010 411 127 460 197
chair 0.0949 474 166 499 379
chair 0.0942 476 181 500 296
chair 0.0661 442 180 498 366
chair 0.0391 -12 138 432 370
chair 0.0371 42 319 304 376
chair 0.0157 55 251 145 352
chair 0.0149 46 235 308 369
chair 0.0123 398 169 490 291
chair 0.0111 77 250 184 341
chair 0.0107 392 159 500 370
chair 0.0089 378 166 448 293
chair 0.0072 193 143 458 377
chair 0.0048 437 149 501 290
chair 0.0044 441 177 495 257
chair 0.0042 374 93 503 295
chair 0.0033 93 254 149 336
chair 0.0029 436 262 481 321
chair 0.0027 408 253 499 367
chair 0.0026 407 105 466 163
chair 0.0026 2 250 119 361
chair 0.0026 300 154 493 374
chair 0.0022 400 146 498 217
chair 0.0022 143 116 374 344
chair 0.0021 435 203 482 305
chair 0.0021 71 265 258 354
chair 0.0019 76 253 133 303
chair 0.0018 12 158 266 361
chair 0.0015 92 252 126 288
chair 0.0015 331 289 475 370
chair 0.0013 396 112 487 192
chair 0.0012 23 287 387 377
chair 0.0011 482 184 499 246
sofa 0.4716 106 146 469 369
sofa 0.0903 -6 107 366 357
sofa 0.0185 476 181 500 296
sofa 0.0075 474 166 499 379
sofa 0.0065 145 106 434 284
sofa 0.0054 3 168 163 361
sofa 0.0043 16 134 261 322
sofa 0.0041 46 235 308 369
sofa 0.0022 443 152 502 376
sofa 0.0018 260 164 397 232
sofa 0.0012 300 154 493 374
sofa 0.0010 363 165 445 284
sofa 0.0010 154 223 421 373
pottedplant 0.3158 281 -7 449 152
pottedplant 0.0570 302 53 420 150
pottedplant 0.0411 297 106 420 167
pottedplant 0.0207 341 20 440 130
pottedplant 0.0151 318 116 385 162
pottedplant 0.0109 266 54 470 245
pottedplant 0.0081 396 10 490 135
pottedplant 0.0065 319 79 471 158
pottedplant 0.0058 366 46 427 110
pottedplant 0.0032 360 114 416 164
pottedplant 0.0031 286 7 393 130
pottedplant 0.0026 321 120 361 155
pottedplant 0.0025 244 111 427 194
pottedplant 0.0023 239 82 395 160
pottedplant 0.0022 178 4 416 138
pottedplant 0.0019 318 69 356 97
pottedplant 0.0019 270 -4 399 62
pottedplant 0.0017 282 -2 354 38
pottedplant 0.0015 290 65 394 129
pottedplant 0.0014 316 52 389 111
pottedplant 0.0014 371 1 500 207
pottedplant 0.0014 452 135 488 192
diningtable 0.0115 400 146 498 217
diningtable 0.0092 441 177 495 257
diningtable 0.0049 398 169 490 291
diningtable 0.0034 437 149 501 290
diningtable 0.0033 42 319 304 376
diningtable 0.0023 384 107 502 352
diningtable 0.0019 476 181 500 296
diningtable 0.0015 474 166 499 379
diningtable 0.0010 439 83 502 382
tvmonitor 0.0037 -2 -4 111 202
tvmonitor 0.0013 0 109 104 190
