person 0.9068 31 75 297 500
person 0.0185 6 106 146 472
person 0.0049 248 399 288 457
person 0.0035 200 184 299 475
person 0.0026 1 316 77 501
person 0.0016 186 90 318 414
car 0.0043 224 90 331 402
car 0.0029 255 44 327 101
car 0.0014 115 58 159 79
car 0.0013 57 0 278 130
car 0.0012 77 0 186 93
car 0.0011 0 161 122 420
motorbike 0.0012 35 134 296 494
bus 0.0018 226 94 334 331
boat 0.0569 226 94 334 331
boat 0.0012 73 81 306 497
boat 0.0011 0 161 122 420
bottle 0.0165 0 346 16 392
bottle 0.0048 248 399 288 457
bottle 0.0032 0 322 20 394
chair 0.0060 226 451 325 500
chair 0.0058 224 90 331 402
chair 0.0029 1 316 77 501
chair 0.0015 285 310 332 333
chair 0.0013 195 153 219 185
chair 0.0012 200 184 299 475
chair 0.0010 283 339 330 408
sofa 0.0078 222 455 328 498
sofa 0.0018 164 444 334 501
diningtable 0.0013 224 90 331 402
tvmonitor 0.0014 226 94 334 331
