person 0.0520 412 58 489 199
person 0.0174 25 3 113 93
person 0.0027 420 58 476 133
person 0.0019 365 55 442 188
bird 0.0272 28 112 97 212
bird 0.0053 25 3 113 93
bird 0.0014 295 57 379 267
cat 0.0016 28 112 97 212
cat 0.0013 25 3 112 87
dog 0.9036 28 114 96 223
dog 0.0227 25 3 113 93
dog 0.0020 295 57 379 267
horse 0.0990 25 3 113 93
horse 0.0203 302 76 377 268
horse 0.0094 371 100 425 247
horse 0.0092 417 67 491 247
sheep 0.8690 371 100 425 247
sheep 0.8203 412 72 493 261
sheep 0.6664 295 57 379 267
sheep 0.0411 326 86 395 258
sheep 0.0329 432 130 498 258
sheep 0.0269 365 55 442 188
sheep 0.0255 476 141 499 244
sheep 0.0230 28 112 97 212
sheep 0.0204 415 59 485 179
sheep 0.0171 25 3 112 87
sheep 0.0162 420 58 476 133
sheep 0.0118 456 111 484 146
sheep 0.0099 379 111 411 144
sheep 0.0087 456 97 494 250
sheep 0.0083 484 161 500 221
sheep 0.0079 362 114 391 142
sheep 0.0050 473 89 499 222
sheep 0.0046 351 110 389 198
sheep 0.0039 376 105 421 169
sheep 0.0037 350 57 477 139
sheep 0.0034 416 60 451 249
sheep 0.0034 448 177 496 256
sheep 0.0034 358 69 456 258
sheep 0.0033 479 184 498 240
sheep 0.0029 383 146 430 236
sheep 0.0027 317 62 390 197
sheep 0.0027 454 102 496 172
sheep 0.0024 426 174 475 257
sheep 0.0023 401 111 425 147
sheep 0.0022 422 58 473 87
sheep 0.0019 416 174 437 219
sheep 0.0018 396 100 422 137
sheep 0.0017 364 128 386 177
sheep 0.0014 336 87 378 226
sheep 0.0014 355 108 393 135
sheep 0.0014 483 126 500 184
sheep 0.0013 334 78 418 196
sheep 0.0012 372 87 424 144
sheep 0.0011 391 98 430 172
cow 0.1487 295 57 379 267
cow 0.0510 22 117 99 220
cow 0.0423 25 3 113 93
cow 0.0021 422 58 473 87
cow 0.0014 371 100 425 247
cow 0.0014 413 67 493 260
cow 0.0011 397 57 477 140
