person 0.6795 4 4 322 408
person 0.3492 -1 243 153 470
person 0.0609 0 196 319 487
person 0.0347 2 312 99 473
person 0.0344 299 116 320 200
person 0.0041 -5 429 105 479
person 0.0035 133 24 326 243
person 0.0032 234 340 319 482
person 0.0028 0 371 85 486
person 0.0017 -2 434 44 480
person 0.0016 28 247 137 375
person 0.0016 300 183 321 215
person 0.0013 0 258 106 365
person 0.0013 27 290 58 321
person 0.0013 0 302 35 381
person 0.0013 0 345 164 486
person 0.0012 201 21 319 390
cat 0.0127 222 352 318 478
cat 0.0013 -2 434 44 480
cat 0.0011 0 357 95 478
dog 0.0033 222 352 318 478
chair 0.0096 227 320 321 478
chair 0.0069 5 58 319 492
chair 0.0027 0 357 95 478
chair 0.0019 150 114 175 203
chair 0.0017 94 33 153 202
chair 0.0016 -2 434 44 480
chair 0.0014 302 190 320 222
chair 0.0013 -19 434 181 479
chair 0.0012 5 430 77 480
chair 0.0010 85 19 321 239
chair 0.0010 0 345 164 486
sofa 0.0214 0 130 323 482
sofa 0.0039 227 320 321 478
sofa 0.0036 1 287 107 477
sofa 0.0021 -6 152 173 411
sofa 0.0010 -2 434 44 480
sofa 0.0010 0 345 164 486
