person 0.0231 330 71 346 107
person 0.0115 0 174 16 334
person 0.0076 2 190 96 266
person 0.0072 4 256 236 375
person 0.0070 0 201 14 261
person 0.0049 0 214 87 284
person 0.0048 0 122 15 277
person 0.0021 24 218 69 238
person 0.0016 149 42 172 66
person 0.0014 354 47 388 88
person 0.0013 108 59 151 88
person 0.0013 1 199 65 317
person 0.0012 24 200 77 234
person 0.0011 406 16 501 363
person 0.0010 478 105 500 139
bicycle 0.0013 172 237 343 370
bicycle 0.0010 226 247 324 346
bicycle 0.0010 6 55 416 386
car 0.0065 67 49 104 72
car 0.0020 19 192 83 238
car 0.0011 35 72 104 93
motorbike 0.0023 172 237 343 370
motorbike 0.0016 229 250 322 376
boat 0.0190 4 256 236 375
cat 0.0017 108 59 151 88
bottle 0.0483 330 71 346 107
bottle 0.0183 98 43 118 77
bottle 0.0060 104 53 152 86
bottle 0.0047 127 46 157 74
bottle 0.0030 0 201 14 261
bottle 0.0026 99 36 122 65
bottle 0.0024 152 37 176 64
bottle 0.0019 67 49 104 72
bottle 0.0010 430 22 501 352
bottle 0.0010 367 3 387 32
bottle 0.0010 452 68 479 107
chair 0.9526 187 75 331 298
chair 0.1151 181 71 272 207
chair 0.0378 176 47 226 64
chair 0.0243 51 76 213 275
chair 0.0224 90 88 189 214
chair 0.0199 199 46 241 65
chair 0.0180 293 98 380 201
chair 0.0160 79 186 171 265
chair 0.0158 406 16 501 363
chair 0.0149 280 120 360 248
chair 0.0114 95 147 188 245
chair 0.0108 0 190 14 249
chair 0.0093 2 190 96 266
chair 0.0069 123 83 170 159
chair 0.0063 311 151 365 207
chair 0.0054 19 192 83 238
chair 0.0052 342 187 412 332
chair 0.0050 0 244 221 376
chair 0.0037 0 214 87 284
chair 0.0035 22 90 149 186
chair 0.0034 207 40 238 60
chair 0.0032 144 77 177 164
chair 0.0032 0 122 15 277
chair 0.0031 422 111 493 269
chair 0.0030 182 70 265 137
chair 0.0030 165 38 202 62
chair 0.0027 313 163 361 192
chair 0.0026 149 42 172 66
chair 0.0024 205 259 233 295
chair 0.0024 118 65 227 158
chair 0.0022 127 46 157 74
chair 0.0021 229 250 322 376
chair 0.0020 0 174 16 334
chair 0.0020 88 209 154 260
chair 0.0018 441 122 498 381
chair 0.0017 481 236 499 383
chair 0.0017 115 110 207 243
chair 0.0017 50 24 446 358
chair 0.0017 263 83 379 286
chair 0.0014 201 241 247 299
chair 0.0013 195 153 318 279
chair 0.0013 157 73 203 167
chair 0.0012 84 73 179 151
chair 0.0012 476 47 500 119
chair 0.0011 152 83 175 119
chair 0.0010 248 90 346 231
chair 0.0010 0 190 56 241
chair 0.0010 176 71 232 129
chair 0.0010 137 55 258 112
chair 0.0010 4 98 186 351
chair 0.0010 363 283 464 372
sofa 0.1899 4 256 236 375
sofa 0.0042 176 47 226 64
sofa 0.0034 103 48 242 97
sofa 0.0015 342 187 412 332
sofa 0.0012 137 55 258 112
sofa 0.0010 0 188 15 278
pottedplant 0.2410 104 53 152 86
pottedplant 0.0663 98 43 118 77
pottedplant 0.0261 127 46 157 74
pottedplant 0.0135 152 37 176 64
pottedplant 0.0078 207 40 238 60
pottedplant 0.0052 199 46 241 65
pottedplant 0.0046 165 38 202 62
pottedplant 0.0042 74 37 187 97
pottedplant 0.0038 104 40 171 83
pottedplant 0.0037 132 38 164 64
pottedplant 0.0035 176 47 226 64
pottedplant 0.0031 99 36 122 65
pottedplant 0.0028 104 36 146 61
pottedplant 0.0020 33 9 248 64
pottedplant 0.0019 49 44 151 104
pottedplant 0.0018 84 63 128 90
pottedplant 0.0013 3 0 85 80
pottedplant 0.0011 118 61 154 88
pottedplant 0.0010 67 49 104 72
diningtable 0.0089 4 256 236 375
diningtable 0.0029 176 47 226 64
diningtable 0.0022 199 46 241 65
diningtable 0.0016 2 190 96 266
diningtable 0.0011 137 55 258 112
diningtable 0.0010 291 101 415 208
tvmonitor 0.7210 348 28 435 125
tvmonitor 0.0992 22 90 149 186
tvmonitor 0.0714 435 111 500 261
tvmonitor 0.0423 387 98 431 157
tvmonitor 0.0412 480 59 499 111
tvmonitor 0.0375 382 6 414 33
tvmonitor 0.0220 347 36 396 100
tvmonitor 0.0195 0 65 187 241
tvmonitor 0.0158 450 50 490 114
tvmonitor 0.0117 310 31 405 128
tvmonitor 0.0115 406 16 501 363
tvmonitor 0.0100 434 145 475 240
tvmonitor 0.0085 475 133 499 252
tvmonitor 0.0053 386 34 435 121
tvmonitor 0.0045 19 192 83 238
tvmonitor 0.0036 409 11 442 37
tvmonitor 0.0033 438 47 463 72
tvmonitor 0.0030 452 68 479 107
tvmonitor 0.0029 354 47 388 88
tvmonitor 0.0028 456 30 492 53
tvmonitor 0.0027 55 90 125 110
tvmonitor 0.0024 437 24 462 57
tvmonitor 0.0023 395 2 471 16
tvmonitor 0.0023 453 48 482 76
tvmonitor 0.0022 108 59 151 88
tvmonitor 0.0021 438 46 473 119
tvmonitor 0.0020 478 105 500 139
tvmonitor 0.0017 411 37 453 128
tvmonitor 0.0016 2 190 96 266
tvmonitor 0.0016 367 3 387 32
tvmonitor 0.0016 361 0 461 79
tvmonitor 0.0015 441 38 498 167
tvmonitor 0.0015 23 155 165 233
tvmonitor 0.0014 0 188 15 278
tvmonitor 0.0014 90 88 189 214
tvmonitor 0.0013 0 66 22 249
tvmonitor 0.0012 374 34 447 161
tvmonitor 0.0012 407 11 491 134
tvmonitor 0.0012 376 -10 493 27
tvmonitor 0.0012 8 98 45 178
tvmonitor 0.0011 450 14 495 67
tvmonitor 0.0010 437 25 469 97
tvmonitor 0.0010 207 40 238 60
