person 0.0206 136 401 176 425
person 0.0112 120 386 148 411
person 0.0061 172 363 193 394
person 0.0051 159 402 186 425
person 0.0038 116 402 162 424
person 0.0031 142 384 170 408
person 0.0013 82 299 103 338
person 0.0011 44 399 112 422
person 0.0010 47 382 74 410
car 0.0044 44 399 112 422
car 0.0020 47 382 74 410
car 0.0017 39 399 80 420
aeroplane 0.0223 40 390 284 432
aeroplane 0.0017 0 382 30 401
aeroplane 0.0012 286 378 326 396
bus 0.0026 44 399 112 422
train 0.0089 79 68 238 428
train 0.0017 40 390 284 432
boat 0.2500 287 370 322 394
boat 0.1244 0 382 30 401
boat 0.1095 40 390 284 432
boat 0.0888 109 145 299 429
boat 0.0826 0 372 31 392
boat 0.0795 269 381 319 397
boat 0.0772 44 399 112 422
boat 0.0646 79 68 238 428
boat 0.0504 240 385 306 399
boat 0.0303 39 399 80 420
boat 0.0253 167 392 297 427
boat 0.0188 186 318 298 410
boat 0.0181 47 382 74 410
boat 0.0173 15 385 69 403
boat 0.0162 245 369 297 393
boat 0.0134 37 386 148 422
boat 0.0049 236 364 268 395
boat 0.0043 236 353 307 399
boat 0.0041 20 371 58 389
boat 0.0030 283 351 329 399
boat 0.0030 34 401 64 419
boat 0.0026 116 402 162 424
boat 0.0025 132 370 301 428
boat 0.0023 229 328 322 401
boat 0.0021 0 398 32 414
boat 0.0021 50 384 110 414
boat 0.0019 227 315 276 396
boat 0.0015 203 389 266 406
boat 0.0015 136 401 176 425
boat 0.0015 221 294 249 387
boat 0.0012 245 402 290 421
boat 0.0012 0 323 38 396
boat 0.0011 33 376 90 422
boat 0.0010 159 402 186 425
boat 0.0010 178 375 318 412
