person 0.4658 96 43 351 251
person 0.2854 150 8 494 351
person 0.0738 149 183 339 363
person 0.0662 217 238 308 374
person 0.0266 113 99 364 343
person 0.0117 160 82 410 274
person 0.0078 468 174 499 207
person 0.0056 115 145 314 223
person 0.0054 298 228 345 281
person 0.0049 360 83 502 361
person 0.0038 153 187 365 253
person 0.0037 309 238 340 275
person 0.0035 141 58 353 156
person 0.0030 383 181 498 275
person 0.0028 139 220 355 284
person 0.0028 281 130 372 246
person 0.0028 0 0 22 41
person 0.0025 156 103 279 202
person 0.0025 255 191 396 260
person 0.0019 211 209 374 261
person 0.0018 314 249 335 283
person 0.0016 377 227 501 317
person 0.0015 254 67 479 289
person 0.0013 170 195 478 342
person 0.0011 0 254 26 298
person 0.0011 293 194 349 279
car 0.0014 101 24 472 293
motorbike 0.0016 98 24 477 343
motorbike 0.0015 102 210 377 267
aeroplane 0.0155 102 210 377 267
aeroplane 0.0036 98 24 477 343
aeroplane 0.0020 92 105 353 333
aeroplane 0.0018 126 187 351 251
bus 0.0011 101 24 472 293
train 0.0013 101 24 472 293
horse 0.0027 94 68 482 368
bottle 0.0047 87 153 167 216
bottle 0.0040 319 53 351 81
bottle 0.0029 346 47 372 74
bottle 0.0018 286 62 355 91
bottle 0.0014 262 51 374 103
bottle 0.0013 461 171 493 210
bottle 0.0012 230 75 284 135
bottle 0.0011 84 150 255 221
chair 0.0223 100 357 143 376
chair 0.0029 6 135 78 230
chair 0.0026 0 270 20 305
chair 0.0025 2 253 46 321
chair 0.0018 255 191 396 260
chair 0.0016 0 254 26 298
sofa 0.0019 77 78 421 360
sofa 0.0011 377 227 501 317
pottedplant 0.0020 2 253 46 321
diningtable 0.0064 299 216 505 372
diningtable 0.0049 380 257 497 328
diningtable 0.0028 7 311 120 374
diningtable 0.0013 6 145 103 368
diningtable 0.0011 170 195 478 342
tvmonitor 0.0107 6 145 103 368
tvmonitor 0.0087 346 47 372 74
tvmonitor 0.0023 41 171 87 337
tvmonitor 0.0022 3 136 82 250
tvmonitor 0.0021 2 144 47 242
tvmonitor 0.0017 60 31 380 343
tvmonitor 0.0016 273 89 381 183
tvmonitor 0.0012 0 196 44 274
