person 0.8630 235 39 314 253
person 0.0442 8 185 117 309
person 0.0268 362 199 389 237
person 0.0238 51 207 77 236
person 0.0135 0 150 58 214
person 0.0084 376 199 415 234
person 0.0063 0 179 26 213
person 0.0061 0 175 53 248
person 0.0060 0 139 26 218
person 0.0059 472 147 499 179
person 0.0043 211 65 422 263
person 0.0038 2 244 58 304
person 0.0036 360 217 392 247
person 0.0034 371 184 421 240
person 0.0030 258 69 329 237
person 0.0028 4 176 47 213
person 0.0027 7 131 168 302
person 0.0025 86 145 119 175
person 0.0023 0 176 65 309
person 0.0023 96 204 129 234
person 0.0023 29 203 73 231
person 0.0021 380 186 415 214
person 0.0019 0 198 25 236
person 0.0018 356 182 396 244
person 0.0017 0 203 28 309
person 0.0017 165 273 186 315
person 0.0016 0 222 50 244
person 0.0016 370 219 418 245
person 0.0016 481 70 500 103
person 0.0014 3 240 56 270
person 0.0013 0 221 28 250
person 0.0013 395 187 423 214
person 0.0013 366 180 391 220
person 0.0012 9 182 183 370
person 0.0012 209 44 306 160
person 0.0012 389 209 436 233
person 0.0012 0 238 25 268
person 0.0011 0 137 20 175
person 0.0011 12 163 48 201
person 0.0010 29 227 72 250
person 0.0010 304 109 330 157
person 0.0010 0 252 22 295
car 0.0177 454 106 499 246
car 0.0053 96 204 129 234
car 0.0048 418 106 494 247
car 0.0047 362 199 389 237
car 0.0014 75 137 163 208
car 0.0011 88 189 132 249
car 0.0011 360 217 392 247
motorbike 0.0010 8 185 117 309
aeroplane 0.0014 454 106 499 246
bus 0.0036 454 106 499 246
bus 0.0017 239 44 313 264
bus 0.0013 418 106 494 247
train 0.0012 451 98 500 228
bird 0.0015 96 204 129 234
horse 0.9791 67 98 439 382
horse 0.0056 355 150 453 254
horse 0.0040 418 106 494 247
horse 0.0031 318 115 494 307
horse 0.0028 264 123 456 364
horse 0.0025 349 116 438 224
horse 0.0014 109 10 470 278
horse 0.0010 380 186 415 214
horse 0.0010 371 184 421 240
horse 0.0010 78 158 284 351
bottle 0.0032 51 207 77 236
bottle 0.0027 95 300 120 332
chair 0.0446 62 133 159 215
chair 0.0379 0 148 62 265
chair 0.0261 8 185 117 309
chair 0.0238 98 305 254 362
chair 0.0235 0 166 59 223
chair 0.0142 81 139 158 180
chair 0.0090 7 131 168 302
chair 0.0077 93 217 125 251
chair 0.0069 196 105 254 161
chair 0.0063 3 119 98 224
chair 0.0061 44 144 157 256
chair 0.0038 88 189 132 249
chair 0.0035 95 300 120 332
chair 0.0033 96 204 129 234
chair 0.0030 -2 193 54 278
chair 0.0024 4 176 47 213
chair 0.0023 27 164 59 203
chair 0.0022 0 174 29 256
chair 0.0019 9 182 183 370
chair 0.0019 50 187 84 214
chair 0.0017 51 207 77 236
chair 0.0017 86 145 119 175
chair 0.0015 0 179 26 213
chair 0.0015 104 210 129 255
chair 0.0014 46 267 311 373
chair 0.0013 17 155 64 210
chair 0.0012 304 109 330 157
chair 0.0012 16 184 75 241
chair 0.0012 165 273 186 315
chair 0.0012 213 59 314 214
chair 0.0011 18 207 76 268
chair 0.0011 129 313 201 355
chair 0.0010 0 221 28 250
chair 0.0010 29 203 73 231
sofa 0.0011 0 148 62 265
pottedplant 0.0479 0 10 110 239
pottedplant 0.0110 0 150 58 214
pottedplant 0.0044 -1 104 66 219
pottedplant 0.0030 2 70 89 204
pottedplant 0.0022 0 139 26 218
pottedplant 0.0015 -3 27 69 301
pottedplant 0.0012 0 137 20 175
pottedplant 0.0011 0 74 24 207
diningtable 0.0046 0 222 50 244
diningtable 0.0035 14 179 123 299
diningtable 0.0026 0 206 51 231
diningtable 0.0024 29 203 73 231
diningtable 0.0023 28 239 68 267
diningtable 0.0016 -2 193 54 278
diningtable 0.0012 -1 229 58 286
diningtable 0.0011 12 309 397 405
diningtable 0.0010 29 227 72 250
tvmonitor 0.0076 451 98 500 228
tvmonitor 0.0047 197 103 255 153
tvmonitor 0.0030 290 104 315 147
tvmonitor 0.0024 453 97 500 146
tvmonitor 0.0015 301 102 330 153
