person 0.0015 151 165 168 197
bird 0.0060 4 304 127 366
bird 0.0024 58 305 115 363
bottle 0.0435 151 165 168 197
bottle 0.0133 253 188 268 224
bottle 0.0049 266 188 289 221
bottle 0.0042 219 196 243 220
bottle 0.0036 58 305 115 363
bottle 0.0031 132 287 170 373
bottle 0.0031 249 214 272 237
bottle 0.0020 277 180 296 220
bottle 0.0017 213 214 246 239
bottle 0.0013 79 182 95 218
bottle 0.0011 103 208 132 229
bottle 0.0011 129 216 159 235
chair 0.9827 139 270 253 320
chair 0.8787 5 268 125 310
chair 0.0559 13 222 122 292
chair 0.0336 4 304 127 366
chair 0.0271 125 276 256 348
chair 0.0236 68 270 124 321
chair 0.0207 34 218 101 265
chair 0.0174 10 303 77 343
chair 0.0141 46 221 112 236
chair 0.0139 204 269 254 317
chair 0.0132 47 243 80 270
chair 0.0117 129 216 159 235
chair 0.0101 36 222 94 249
chair 0.0098 21 282 101 305
chair 0.0092 167 213 203 238
chair 0.0085 54 257 252 309
chair 0.0082 171 248 221 269
chair 0.0082 0 263 55 306
chair 0.0069 133 276 168 372
chair 0.0068 33 262 179 320
chair 0.0048 157 187 194 212
chair 0.0041 105 194 177 213
chair 0.0039 103 208 132 229
chair 0.0032 67 301 125 344
chair 0.0032 150 297 288 356
chair 0.0030 101 197 134 219
chair 0.0029 181 345 298 386
chair 0.0028 -3 281 45 305
chair 0.0027 195 247 237 268
chair 0.0025 159 246 203 269
chair 0.0024 126 259 159 297
chair 0.0023 78 219 121 234
chair 0.0022 146 267 246 290
chair 0.0020 87 237 150 286
chair 0.0018 79 303 120 331
chair 0.0018 118 250 165 306
chair 0.0017 177 280 214 317
chair 0.0017 54 284 111 307
chair 0.0016 78 244 113 275
chair 0.0015 163 282 191 318
chair 0.0015 71 220 298 281
chair 0.0015 336 193 351 249
chair 0.0015 195 279 240 318
chair 0.0014 62 272 317 374
chair 0.0014 -6 216 146 361
chair 0.0013 -1 304 22 330
chair 0.0012 34 220 193 266
chair 0.0012 74 206 290 355
chair 0.0012 88 249 145 309
chair 0.0011 207 214 241 240
chair 0.0011 94 243 146 271
chair 0.0011 19 479 99 499
chair 0.0010 7 456 135 500
chair 0.0010 313 146 354 172
chair 0.0010 211 268 252 293
pottedplant 0.0094 151 165 168 197
pottedplant 0.0088 157 187 194 212
pottedplant 0.0042 219 196 243 220
pottedplant 0.0022 103 208 132 229
pottedplant 0.0015 213 214 246 239
diningtable 0.1393 -42 292 413 504
diningtable 0.0747 89 201 210 234
diningtable 0.0699 27 217 271 270
diningtable 0.0130 66 196 243 246
diningtable 0.0130 4 304 127 366
diningtable 0.0098 36 194 278 323
diningtable 0.0071 181 345 298 386
diningtable 0.0055 38 202 182 240
diningtable 0.0053 4 265 294 387
diningtable 0.0035 132 189 188 214
diningtable 0.0032 54 257 252 309
diningtable 0.0032 43 223 113 242
diningtable 0.0027 125 276 256 348
diningtable 0.0027 56 337 380 479
diningtable 0.0023 -25 392 402 495
diningtable 0.0021 -3 284 149 445
diningtable 0.0019 77 279 231 367
diningtable 0.0019 21 217 178 256
diningtable 0.0015 113 287 199 373
diningtable 0.0015 40 224 204 294
diningtable 0.0014 132 287 170 373
diningtable 0.0012 91 226 266 293
diningtable 0.0012 101 181 204 225
diningtable 0.0012 150 297 288 356
diningtable 0.0011 10 303 77 343
diningtable 0.0010 2 140 373 433
tvmonitor 0.0073 210 141 235 178
