person 0.4887 145 320 175 351
person 0.4000 218 333 250 367
person 0.3702 51 372 72 417
person 0.1607 158 321 186 353
person 0.1390 32 372 55 416
person 0.1341 85 373 104 407
person 0.1137 236 336 267 365
person 0.0851 240 257 263 302
person 0.0644 318 372 332 446
person 0.0541 210 331 231 366
person 0.0516 10 369 38 408
person 0.0513 152 224 189 251
person 0.0493 73 373 94 410
person 0.0379 293 371 330 494
person 0.0340 94 357 111 403
person 0.0330 281 369 299 405
person 0.0319 103 355 118 401
person 0.0164 212 328 260 374
person 0.0153 213 223 254 252
person 0.0145 23 368 68 420
person 0.0141 134 317 182 366
person 0.0135 49 364 72 397
person 0.0125 75 360 92 401
person 0.0096 5 365 43 425
person 0.0094 127 323 155 351
person 0.0089 161 332 189 367
person 0.0085 200 223 236 254
person 0.0080 35 395 61 420
person 0.0073 181 328 198 372
person 0.0070 239 226 262 255
person 0.0055 317 352 330 399
person 0.0055 29 365 53 398
person 0.0050 241 245 263 277
person 0.0033 299 354 327 390
person 0.0030 311 367 332 493
person 0.0024 277 375 304 450
person 0.0023 0 362 17 396
person 0.0022 303 372 326 406
person 0.0022 155 319 190 380
person 0.0021 260 335 278 369
person 0.0021 155 305 189 333
person 0.0019 181 219 210 255
person 0.0014 236 258 271 326
person 0.0014 163 255 189 287
person 0.0012 307 389 328 441
person 0.0011 225 256 250 300
person 0.0011 128 338 157 367
person 0.0010 105 320 120 384
person 0.0010 299 340 330 452
person 0.0010 113 303 161 380
bicycle 0.1004 41 392 69 420
bicycle 0.0609 51 372 72 417
bicycle 0.0106 73 373 94 410
bicycle 0.0076 32 372 55 416
bicycle 0.0035 85 373 104 407
bicycle 0.0016 23 368 68 420
car 0.0804 299 354 327 390
car 0.0379 293 371 330 494
car 0.0325 283 364 300 396
car 0.0066 6 365 36 395
car 0.0054 293 435 331 498
car 0.0053 317 352 330 399
car 0.0052 315 374 332 450
car 0.0046 35 395 61 420
car 0.0039 319 371 333 422
car 0.0032 5 365 43 425
car 0.0022 103 355 118 401
car 0.0019 303 372 326 406
car 0.0016 94 357 111 403
car 0.0014 301 430 329 472
car 0.0013 85 373 104 407
car 0.0013 23 368 68 420
car 0.0013 32 372 55 416
car 0.0011 0 354 46 404
car 0.0010 297 342 323 380
motorbike 0.0348 41 392 69 420
motorbike 0.0194 51 372 72 417
motorbike 0.0046 32 372 55 416
motorbike 0.0037 73 373 94 410
motorbike 0.0035 85 373 104 407
motorbike 0.0028 23 368 68 420
bus 0.9995 127 166 278 484
bus 0.0503 299 354 327 390
bus 0.0477 297 342 323 380
bus 0.0044 104 316 126 398
bus 0.0026 295 329 327 393
bus 0.0016 318 333 333 383
bus 0.0011 103 355 118 401
bus 0.0010 0 354 46 404
train 0.0021 297 342 323 380
chair 0.0054 145 227 180 249
chair 0.0021 122 150 279 453
chair 0.0015 213 223 254 252
