person 0.9229 144 177 213 350
person 0.8790 244 190 302 370
person 0.7736 205 179 261 368
person 0.0497 200 213 301 362
person 0.0052 201 242 249 341
person 0.0046 209 184 259 254
person 0.0038 215 258 253 320
person 0.0020 24 279 79 372
person 0.0015 196 233 218 269
person 0.0012 182 178 259 294
car 0.0196 76 182 101 199
car 0.0037 362 182 390 199
car 0.0026 200 213 301 362
car 0.0019 50 183 85 199
car 0.0016 166 202 204 232
car 0.0013 192 198 214 231
car 0.0012 413 183 445 200
car 0.0011 193 226 212 254
car 0.0010 184 225 265 351
motorbike 0.0013 218 206 301 366
aeroplane 0.0019 28 44 475 330
boat 0.0361 362 182 390 199
boat 0.0281 76 182 101 199
boat 0.0190 371 182 404 199
boat 0.0062 413 183 445 200
boat 0.0044 50 183 85 199
boat 0.0029 359 172 385 199
boat 0.0022 79 167 99 197
boat 0.0019 327 183 356 200
boat 0.0019 343 182 370 201
boat 0.0019 379 169 405 200
boat 0.0010 400 166 427 199
sheep 0.0025 221 267 248 311
bottle 0.0034 221 264 249 290
bottle 0.0033 196 233 218 269
bottle 0.0010 193 226 212 254
chair 0.1609 4 278 78 373
chair 0.0560 41 290 81 369
chair 0.0089 295 242 343 294
chair 0.0079 144 177 213 350
chair 0.0071 196 233 218 269
chair 0.0061 200 213 301 362
chair 0.0047 57 303 80 358
chair 0.0033 1 240 90 355
chair 0.0022 244 190 302 370
chair 0.0021 52 298 78 332
chair 0.0020 121 245 164 274
chair 0.0018 194 170 254 371
chair 0.0015 296 244 335 268
chair 0.0013 34 287 56 334
chair 0.0011 215 258 253 320
chair 0.0010 192 253 216 284
sofa 0.0029 200 213 301 362
sofa 0.0013 143 242 259 337
diningtable 0.0429 9 236 159 285
diningtable 0.0171 1 252 85 375
diningtable 0.0061 0 268 55 364
diningtable 0.0023 5 241 166 337
diningtable 0.0023 314 244 489 299
diningtable 0.0018 30 228 241 300
diningtable 0.0018 39 232 134 246
diningtable 0.0012 5 229 87 244
diningtable 0.0011 295 242 343 294
diningtable 0.0010 24 279 79 372
diningtable 0.0010 -5 213 174 262
