person 0.9717 277 138 444 364
person 0.9704 41 85 278 360
person 0.0588 480 252 499 368
person 0.0230 439 232 499 363
person 0.0177 483 304 499 364
person 0.0172 0 45 56 344
person 0.0140 0 343 25 373
person 0.0051 25 0 156 221
person 0.0050 0 289 94 372
person 0.0045 0 292 24 374
person 0.0035 31 77 153 301
person 0.0031 445 300 501 370
person 0.0026 0 247 66 370
person 0.0022 49 81 146 213
person 0.0020 6 -2 102 232
person 0.0020 0 218 18 371
person 0.0017 486 257 499 332
person 0.0016 -1 298 16 362
person 0.0016 45 65 445 386
person 0.0014 0 30 26 132
person 0.0013 6 150 105 374
person 0.0013 15 37 117 341
person 0.0012 0 1 20 85
person 0.0010 1 101 42 176
bicycle 0.0011 305 337 522 373
motorbike 0.0025 288 332 432 373
bottle 0.0499 424 349 471 377
bottle 0.0154 416 339 448 372
bottle 0.0102 68 336 103 372
bottle 0.0064 63 324 197 372
bottle 0.0063 65 324 118 371
bottle 0.0059 202 325 270 371
bottle 0.0047 419 336 485 376
bottle 0.0047 384 351 416 376
bottle 0.0042 448 344 484 369
bottle 0.0027 391 341 433 370
bottle 0.0026 0 343 25 373
bottle 0.0021 15 296 153 368
bottle 0.0014 375 343 417 368
bottle 0.0013 480 323 499 373
bottle 0.0011 0 79 23 122
bottle 0.0010 395 322 499 375
chair 0.0758 273 285 316 342
chair 0.0287 437 220 499 366
chair 0.0182 0 289 94 372
chair 0.0155 441 189 500 235
chair 0.0123 0 343 25 373
chair 0.0107 19 148 276 361
chair 0.0103 277 138 444 364
chair 0.0068 288 332 432 373
chair 0.0057 270 284 290 337
chair 0.0056 0 292 24 374
chair 0.0056 395 199 471 352
chair 0.0055 390 302 435 357
chair 0.0054 0 100 58 346
chair 0.0047 480 293 499 372
chair 0.0035 411 177 500 227
chair 0.0031 56 326 82 372
chair 0.0028 478 218 499 370
chair 0.0028 472 194 499 233
chair 0.0025 -1 298 16 362
chair 0.0023 25 0 156 221
chair 0.0022 0 79 23 122
chair 0.0020 408 189 502 250
chair 0.0020 53 167 113 224
chair 0.0019 410 185 499 331
chair 0.0019 485 280 499 351
chair 0.0019 187 296 407 369
chair 0.0016 266 250 292 337
chair 0.0015 0 247 66 370
chair 0.0015 68 336 103 372
chair 0.0014 0 101 27 136
chair 0.0014 395 322 499 375
chair 0.0014 432 237 467 346
chair 0.0013 0 1 20 85
chair 0.0013 418 206 454 344
chair 0.0012 402 0 502 228
chair 0.0012 210 317 263 348
chair 0.0011 249 264 336 355
chair 0.0011 42 280 95 338
chair 0.0011 445 300 501 370
chair 0.0010 -3 319 61 373
chair 0.0010 414 197 442 231
chair 0.0010 238 248 274 335
sofa 0.0142 437 220 499 366
sofa 0.0134 0 100 58 346
sofa 0.0084 19 148 276 361
sofa 0.0053 0 289 94 372
sofa 0.0048 480 252 499 368
sofa 0.0032 -42 242 468 361
sofa 0.0029 0 292 24 374
sofa 0.0016 0 247 66 370
sofa 0.0012 0 343 25 373
sofa 0.0012 483 304 499 364
sofa 0.0011 277 138 444 364
pottedplant 0.0061 0 104 55 284
pottedplant 0.0043 0 158 24 199
pottedplant 0.0029 -1 90 30 267
pottedplant 0.0017 288 332 432 373
pottedplant 0.0013 395 322 499 375
diningtable 0.0628 51 299 448 371
diningtable 0.0442 163 322 325 373
diningtable 0.0434 37 316 303 372
diningtable 0.0321 288 332 432 373
diningtable 0.0257 -42 242 468 361
diningtable 0.0162 71 325 199 372
diningtable 0.0112 122 308 286 365
diningtable 0.0050 395 322 499 375
diningtable 0.0038 -24 283 304 376
diningtable 0.0038 11 310 191 368
diningtable 0.0033 232 301 405 366
diningtable 0.0025 -3 293 105 368
diningtable 0.0024 19 148 276 361
diningtable 0.0020 108 248 381 368
diningtable 0.0013 299 302 482 368
diningtable 0.0012 226 286 510 383
diningtable 0.0011 0 79 23 122
diningtable 0.0010 0 101 27 136
tvmonitor 0.0053 402 0 502 228
tvmonitor 0.0019 414 200 497 345
tvmonitor 0.0017 277 138 444 364
