person 0.5954 149 8 483 339
person 0.1397 405 -1 505 332
person 0.1096 -20 8 382 325
person 0.0315 -1 11 184 329
person 0.0044 364 -4 464 103
person 0.0042 320 8 487 329
person 0.0029 413 1 496 158
person 0.0018 315 4 499 166
car 0.0016 -19 7 447 330
train 0.0020 -19 7 447 330
cat 0.0018 -23 -1 309 338
cat 0.0015 125 14 469 336
cow 0.0057 405 -1 505 332
bottle 0.0018 335 70 405 118
chair 0.0252 -1 11 184 329
chair 0.0057 426 -5 503 332
chair 0.0017 -20 8 382 325
chair 0.0014 149 8 483 339
sofa 0.0062 -1 11 184 329
sofa 0.0049 -20 8 382 325
sofa 0.0026 405 -1 505 332
sofa 0.0021 149 8 483 339
pottedplant 0.0033 364 -4 464 103
diningtable 0.0022 -19 7 447 330
tvmonitor 0.0025 -19 7 447 330
