person 0.4358 156 47 495 389
person 0.0319 317 164 493 373
person 0.0257 208 182 451 358
person 0.0225 52 5 390 387
person 0.0063 230 209 340 308
person 0.0032 260 171 400 269
person 0.0028 277 176 321 208
person 0.0022 100 362 178 376
person 0.0013 137 85 351 366
person 0.0012 275 179 328 247
person 0.0011 10 146 492 367
person 0.0011 289 201 338 266
person 0.0010 200 87 465 297
person 0.0010 227 32 327 116
bicycle 0.1171 75 271 276 355
bicycle 0.0770 78 296 345 371
bicycle 0.0459 48 239 368 369
bicycle 0.0121 176 311 328 373
bicycle 0.0099 85 259 190 358
bicycle 0.0061 100 362 178 376
bicycle 0.0059 65 294 221 364
bicycle 0.0043 1 153 432 369
bicycle 0.0036 99 177 315 355
bicycle 0.0035 175 277 310 350
bicycle 0.0033 89 227 173 318
bicycle 0.0029 77 318 251 376
bicycle 0.0027 26 169 241 358
bicycle 0.0026 156 47 495 389
bicycle 0.0018 105 235 243 318
bicycle 0.0016 193 214 467 373
bicycle 0.0015 56 351 303 379
bicycle 0.0014 177 319 225 375
bicycle 0.0012 87 360 230 374
motorbike 0.0790 213 61 507 383
motorbike 0.0099 76 281 251 351
motorbike 0.0029 317 164 493 373
motorbike 0.0028 48 208 530 379
motorbike 0.0022 91 256 278 338
motorbike 0.0018 112 319 336 376
motorbike 0.0013 208 182 451 358
motorbike 0.0011 85 259 190 358
dog 0.0107 213 61 507 383
horse 0.0010 213 61 507 383
bottle 0.0010 317 164 493 373
chair 0.0031 156 47 495 389
