person 0.9651 137 110 214 311
person 0.9476 64 98 143 305
person 0.8629 223 119 287 310
person 0.5173 427 164 461 221
person 0.4261 209 117 236 170
person 0.4164 269 132 295 185
person 0.2744 401 171 428 219
person 0.2268 112 99 151 173
person 0.2164 286 175 368 300
person 0.1807 451 223 497 317
person 0.1806 272 130 308 194
person 0.1428 326 169 403 296
person 0.1402 340 165 417 257
person 0.1376 317 144 339 180
person 0.1370 213 240 287 313
person 0.1244 389 165 413 196
person 0.1079 17 104 48 179
person 0.0996 353 140 373 172
person 0.0799 234 119 257 156
person 0.0692 34 237 66 266
person 0.0655 314 157 348 188
person 0.0653 448 220 470 255
person 0.0628 108 101 152 247
person 0.0581 368 167 420 229
person 0.0556 354 163 385 190
person 0.0461 205 155 236 233
person 0.0436 368 237 493 324
person 0.0425 201 139 234 288
person 0.0411 472 215 499 299
person 0.0365 282 174 313 213
person 0.0357 20 133 68 223
person 0.0305 340 162 378 187
person 0.0275 314 149 361 197
person 0.0248 22 105 44 137
person 0.0244 481 239 500 296
person 0.0222 1 108 19 139
person 0.0210 54 234 80 266
person 0.0204 269 140 296 241
person 0.0201 10 103 50 253
person 0.0193 430 223 478 318
person 0.0185 82 238 117 309
person 0.0181 115 102 144 141
person 0.0178 147 114 183 197
person 0.0177 125 108 150 163
person 0.0166 280 165 309 194
person 0.0161 161 113 202 194
person 0.0161 420 167 458 252
person 0.0154 297 177 334 208
person 0.0153 317 179 368 251
person 0.0148 50 134 77 220
person 0.0142 468 278 498 312
person 0.0126 317 231 358 300
person 0.0122 157 106 183 133
person 0.0117 93 249 117 293
person 0.0116 287 168 338 218
person 0.0114 365 198 417 260
person 0.0108 351 209 462 285
person 0.0104 229 124 278 192
person 0.0103 298 149 340 206
person 0.0091 283 174 320 249
person 0.0090 137 134 156 179
person 0.0087 287 197 338 269
person 0.0086 394 176 430 247
person 0.0083 465 254 501 320
person 0.0082 0 102 26 176
person 0.0082 382 222 488 282
person 0.0076 88 93 113 118
person 0.0074 324 166 381 231
person 0.0073 350 152 397 201
person 0.0072 353 190 399 266
person 0.0069 0 119 29 273
person 0.0069 0 232 47 286
person 0.0068 67 106 102 209
person 0.0068 270 133 293 157
person 0.0067 288 191 316 230
person 0.0066 112 79 133 116
person 0.0064 315 177 355 203
person 0.0063 425 211 470 262
person 0.0062 250 185 340 300
person 0.0061 127 134 158 253
person 0.0059 481 213 499 260
person 0.0059 20 88 65 193
person 0.0059 355 173 388 202
person 0.0057 242 139 273 170
person 0.0057 206 170 231 218
person 0.0057 389 160 429 208
person 0.0055 5 127 81 263
person 0.0052 10 244 45 267
person 0.0045 83 108 126 203
person 0.0045 55 223 82 249
person 0.0045 462 231 489 264
person 0.0043 443 216 496 262
person 0.0042 66 93 144 187
person 0.0040 75 95 101 135
person 0.0040 138 154 157 197
person 0.0040 149 117 179 153
person 0.0039 167 116 197 156
person 0.0037 223 134 252 169
person 0.0037 113 52 130 108
person 0.0036 333 174 373 204
bicycle 0.0099 286 175 368 300
bicycle 0.0014 326 169 403 296
bicycle 0.0010 54 234 80 266
car 0.0128 34 237 66 266
car 0.0114 55 223 82 249
car 0.0075 54 234 80 266
car 0.0015 102 208 144 257
car 0.0014 74 232 106 270
car 0.0014 205 155 236 233
car 0.0012 72 218 113 285
car 0.0012 206 170 231 218
motorbike 0.3744 286 175 368 300
motorbike 0.0307 255 155 401 321
motorbike 0.0129 326 169 403 296
motorbike 0.0127 250 185 340 300
motorbike 0.0061 287 197 338 269
motorbike 0.0049 275 232 364 307
motorbike 0.0039 314 157 348 188
motorbike 0.0037 277 203 324 298
motorbike 0.0033 275 166 317 223
motorbike 0.0031 317 179 368 251
motorbike 0.0026 287 168 338 218
motorbike 0.0017 314 149 361 197
motorbike 0.0017 291 159 381 241
motorbike 0.0015 268 253 321 299
motorbike 0.0014 213 238 296 311
motorbike 0.0013 277 142 370 205
motorbike 0.0013 54 234 80 266
motorbike 0.0012 297 177 334 208
motorbike 0.0011 34 237 66 266
motorbike 0.0010 17 104 48 179
motorbike 0.0010 368 167 420 229
train 0.0010 7 3 417 330
boat 0.0062 -1 118 46 269
boat 0.0013 18 112 49 193
boat 0.0011 13 130 77 251
bird 0.0501 0 245 42 289
bird 0.0060 34 237 66 266
bird 0.0025 10 244 45 267
bird 0.0016 0 238 24 274
cat 0.0013 -1 254 35 289
dog 0.0094 0 245 42 289
dog 0.0012 34 237 66 266
horse 0.0022 333 161 412 265
horse 0.0020 362 180 416 244
horse 0.0013 286 175 368 300
horse 0.0013 386 169 414 207
horse 0.0013 354 163 385 190
cow 0.0016 333 161 412 265
cow 0.0010 255 155 401 321
bottle 0.0135 414 221 443 255
bottle 0.0130 467 275 488 315
bottle 0.0105 133 274 159 301
bottle 0.0039 448 220 470 255
bottle 0.0018 129 260 159 297
bottle 0.0011 406 221 433 249
bottle 0.0011 34 237 66 266
chair 0.0242 448 220 470 255
chair 0.0070 445 218 497 293
chair 0.0070 401 171 428 219
chair 0.0054 405 192 429 224
chair 0.0051 462 231 489 264
chair 0.0044 430 223 478 318
chair 0.0039 481 239 500 296
chair 0.0038 351 209 462 285
chair 0.0036 368 237 493 324
chair 0.0036 326 169 403 296
chair 0.0033 429 165 461 219
chair 0.0032 288 192 375 304
chair 0.0032 277 203 324 298
chair 0.0025 481 213 499 260
chair 0.0020 461 246 482 298
chair 0.0019 414 221 443 255
chair 0.0018 54 234 80 266
chair 0.0018 34 237 66 266
chair 0.0015 205 161 231 189
chair 0.0014 406 221 433 249
chair 0.0013 382 222 488 282
chair 0.0013 386 169 414 207
chair 0.0013 270 247 473 310
chair 0.0013 468 278 498 312
chair 0.0012 480 190 498 239
chair 0.0012 441 231 470 262
chair 0.0012 468 228 499 312
chair 0.0011 393 163 422 199
chair 0.0011 332 165 489 326
chair 0.0011 317 179 368 251
chair 0.0010 259 199 347 303
sofa 0.0034 351 209 462 285
sofa 0.0031 382 222 488 282
sofa 0.0030 332 165 489 326
sofa 0.0014 368 237 493 324
sofa 0.0010 477 230 499 281
pottedplant 0.2965 391 25 498 139
pottedplant 0.0175 1 108 19 139
pottedplant 0.0081 393 163 422 199
pottedplant 0.0051 0 -2 50 54
pottedplant 0.0027 34 237 66 266
pottedplant 0.0026 479 19 500 143
pottedplant 0.0024 393 167 430 221
pottedplant 0.0019 0 232 47 286
pottedplant 0.0018 448 220 470 255
pottedplant 0.0014 351 76 390 160
pottedplant 0.0012 10 244 45 267
pottedplant 0.0012 0 148 27 309
pottedplant 0.0011 430 12 502 116
pottedplant 0.0010 417 232 445 260
diningtable 0.2444 349 250 484 318
diningtable 0.1123 351 209 462 285
diningtable 0.0682 382 222 488 282
diningtable 0.0119 414 221 443 255
diningtable 0.0090 409 210 462 262
diningtable 0.0038 448 220 470 255
diningtable 0.0037 401 171 428 219
diningtable 0.0037 393 163 422 199
diningtable 0.0036 405 192 429 224
diningtable 0.0035 420 203 451 226
diningtable 0.0028 406 221 433 249
diningtable 0.0025 332 165 489 326
diningtable 0.0021 407 238 470 304
diningtable 0.0020 400 235 432 260
diningtable 0.0019 432 217 475 288
diningtable 0.0018 326 169 403 296
diningtable 0.0015 205 161 231 189
diningtable 0.0013 430 200 462 223
diningtable 0.0012 429 165 461 219
diningtable 0.0011 348 163 434 252
diningtable 0.0011 400 222 500 321
diningtable 0.0011 345 281 487 325
tvmonitor 0.0011 448 220 470 255
