person 0.8846 247 155 385 374
person 0.7708 9 123 334 380
person 0.0200 122 122 372 339
person 0.0082 189 281 315 372
person 0.0037 98 81 474 380
person 0.0025 276 201 373 327
person 0.0020 470 74 499 156
person 0.0019 482 62 499 111
person 0.0017 272 108 457 359
person 0.0016 480 30 500 133
person 0.0013 329 301 370 367
person 0.0012 456 117 498 207
bottle 0.0786 329 301 370 367
bottle 0.0067 476 182 499 210
bottle 0.0057 477 153 499 208
bottle 0.0029 454 203 479 233
bottle 0.0019 272 273 315 348
bottle 0.0013 267 277 305 303
chair 0.0247 415 241 499 370
chair 0.0045 2 251 106 375
chair 0.0031 9 123 334 380
chair 0.0029 368 315 425 372
chair 0.0024 -18 239 359 371
chair 0.0012 429 217 499 259
sofa 0.0058 9 123 334 380
sofa 0.0038 415 241 499 370
sofa 0.0025 -18 239 359 371
pottedplant 0.2252 328 18 495 350
pottedplant 0.0102 213 1 518 375
pottedplant 0.0069 272 108 457 359
pottedplant 0.0017 408 126 494 248
pottedplant 0.0013 432 3 499 282
pottedplant 0.0013 405 167 500 283
pottedplant 0.0011 470 74 499 156
diningtable 0.0062 416 244 500 371
diningtable 0.0014 304 306 416 371
diningtable 0.0012 369 310 425 365
diningtable 0.0010 429 217 499 259
