person 0.0039 297 402 329 429
person 0.0018 265 360 288 397
person 0.0017 154 470 200 498
person 0.0015 83 462 117 489
person 0.0012 287 356 310 391
car 0.0089 334 371 371 393
car 0.0024 6 382 48 403
car 0.0016 246 480 305 498
car 0.0015 46 380 77 415
car 0.0015 83 462 117 489
car 0.0013 44 394 77 425
car 0.0012 131 475 182 498
car 0.0012 242 439 374 498
car 0.0010 1 457 52 481
aeroplane 0.6313 -20 303 395 505
aeroplane 0.2566 208 324 379 487
aeroplane 0.0866 2 400 132 487
aeroplane 0.0853 181 446 339 498
aeroplane 0.0783 -7 374 313 500
aeroplane 0.0524 156 289 205 311
aeroplane 0.0234 238 410 377 499
aeroplane 0.0144 9 379 128 447
aeroplane 0.0088 143 419 325 492
aeroplane 0.0068 156 297 199 328
aeroplane 0.0065 146 290 213 337
aeroplane 0.0047 331 377 369 395
aeroplane 0.0047 65 438 309 499
aeroplane 0.0044 57 412 223 494
aeroplane 0.0040 3 386 73 435
aeroplane 0.0036 5 441 127 498
aeroplane 0.0033 22 294 273 451
aeroplane 0.0030 284 383 372 486
aeroplane 0.0029 172 304 218 332
aeroplane 0.0027 43 191 400 471
aeroplane 0.0026 210 461 265 482
aeroplane 0.0026 126 290 301 345
aeroplane 0.0024 6 382 48 403
aeroplane 0.0024 0 424 75 476
aeroplane 0.0023 138 259 232 337
aeroplane 0.0021 131 299 239 357
aeroplane 0.0021 2 402 49 425
aeroplane 0.0019 0 449 77 491
aeroplane 0.0019 87 463 349 501
aeroplane 0.0017 -4 372 93 423
aeroplane 0.0017 42 381 87 434
aeroplane 0.0016 44 394 77 425
aeroplane 0.0014 2 372 220 444
aeroplane 0.0014 4 410 70 459
aeroplane 0.0013 209 478 298 498
aeroplane 0.0012 199 469 383 500
aeroplane 0.0012 251 343 368 448
aeroplane 0.0011 12 407 69 428
aeroplane 0.0011 83 462 117 489
aeroplane 0.0011 12 331 120 411
aeroplane 0.0010 87 258 366 416
aeroplane 0.0010 309 375 358 398
aeroplane 0.0010 312 391 374 435
bus 0.0181 46 380 77 415
bus 0.0057 6 382 48 403
bus 0.0049 66 381 102 404
bus 0.0046 2 402 49 425
bus 0.0031 181 446 339 498
bus 0.0018 334 371 371 393
train 0.0025 46 380 77 415
train 0.0021 6 382 48 403
train 0.0012 2 369 118 423
boat 0.0856 -21 239 400 506
boat 0.0276 22 294 273 451
boat 0.0222 156 289 205 311
boat 0.0139 139 293 250 344
boat 0.0051 6 382 48 403
boat 0.0028 2 402 49 425
boat 0.0023 138 259 232 337
boat 0.0022 0 372 52 420
boat 0.0020 4 373 86 450
boat 0.0016 203 236 229 320
boat 0.0015 46 380 77 415
boat 0.0013 62 325 242 419
boat 0.0013 172 304 218 332
boat 0.0013 87 258 366 416
