person 0.0027 108 37 132 63
person 0.0020 481 20 499 216
horse 0.0014 108 43 135 67
bottle 0.0199 244 115 265 162
bottle 0.0048 233 105 273 166
bottle 0.0014 291 139 315 186
chair 0.0152 476 335 500 376
chair 0.0085 9 312 109 369
chair 0.0080 0 281 18 373
chair 0.0072 473 120 499 272
chair 0.0069 282 97 358 185
chair 0.0066 477 288 500 372
chair 0.0025 0 187 18 361
chair 0.0021 447 324 504 376
chair 0.0017 455 163 497 258
chair 0.0013 2 251 104 373
chair 0.0011 449 125 499 231
chair 0.0011 0 276 13 345
chair 0.0010 477 213 500 336
sofa 0.9663 307 132 499 255
sofa 0.0098 7 140 366 371
sofa 0.0080 473 120 499 272
sofa 0.0077 282 97 358 185
sofa 0.0027 9 312 109 369
sofa 0.0023 1 250 111 375
sofa 0.0017 449 125 499 231
sofa 0.0017 477 240 500 383
sofa 0.0014 476 335 500 376
sofa 0.0013 0 281 18 373
pottedplant 0.8509 276 90 353 188
pottedplant 0.0135 282 128 318 189
pottedplant 0.0025 244 115 265 162
pottedplant 0.0024 108 43 135 67
pottedplant 0.0022 263 99 434 182
pottedplant 0.0021 286 127 348 190
pottedplant 0.0019 271 123 298 158
pottedplant 0.0019 276 91 324 157
pottedplant 0.0017 233 105 273 166
pottedplant 0.0016 297 97 360 156
diningtable 0.0109 9 312 109 369
diningtable 0.0072 5 255 121 372
diningtable 0.0022 476 335 500 376
diningtable 0.0019 477 288 500 372
diningtable 0.0014 0 281 18 373
diningtable 0.0013 389 247 504 338
