person 0.8244 72 90 379 474
person 0.0428 61 170 244 477
person 0.0068 119 72 335 289
person 0.0067 223 159 369 483
person 0.0059 14 116 185 398
person 0.0047 249 427 372 501
person 0.0040 71 230 159 331
person 0.0026 239 299 365 500
person 0.0015 164 78 304 167
person 0.0010 32 290 210 499
person 0.0010 -4 219 309 498
bottle 0.0283 51 443 102 501
bottle 0.0283 49 406 127 503
bottle 0.0125 340 50 364 88
bottle 0.0033 67 438 133 498
bottle 0.0024 338 1 372 91
bottle 0.0012 345 3 369 41
chair 0.0535 253 428 375 498
chair 0.0369 289 142 318 187
chair 0.0315 239 299 365 500
chair 0.0297 33 90 355 469
chair 0.0213 278 128 318 195
chair 0.0103 223 159 369 483
chair 0.0069 276 115 295 143
chair 0.0067 2 132 157 374
chair 0.0045 284 140 327 217
chair 0.0037 277 122 298 161
chair 0.0029 290 79 371 431
chair 0.0026 279 211 374 515
chair 0.0025 61 170 244 477
chair 0.0023 306 298 366 428
chair 0.0017 264 124 346 230
chair 0.0017 90 259 362 462
chair 0.0011 135 135 317 204
sofa 0.5094 33 90 355 469
sofa 0.1703 2 132 157 374
sofa 0.0134 48 129 182 446
sofa 0.0096 253 428 375 498
sofa 0.0085 2 370 83 503
sofa 0.0051 183 206 361 507
sofa 0.0036 90 259 362 462
sofa 0.0028 34 233 210 500
sofa 0.0026 239 299 365 500
sofa 0.0015 291 156 368 489
sofa 0.0013 71 387 364 497
diningtable 0.0013 37 395 328 497
