person 0.0392 388 155 501 363
person 0.0311 211 172 507 373
person 0.0119 81 133 104 153
person 0.0115 307 157 331 190
person 0.0046 255 131 300 188
person 0.0044 98 128 120 154
person 0.0044 58 134 86 156
person 0.0019 164 53 205 86
person 0.0012 -1 163 17 383
person 0.0011 165 61 195 93
person 0.0011 73 170 194 368
person 0.0010 262 143 366 256
bird 0.0011 164 53 205 86
cat 0.0120 307 157 331 190
cat 0.0027 388 155 501 363
cat 0.0017 211 172 507 373
cat 0.0015 121 174 169 209
dog 0.1640 388 155 501 363
dog 0.0186 307 157 331 190
dog 0.0029 165 61 195 93
dog 0.0029 164 53 205 86
dog 0.0013 211 172 507 373
horse 0.0654 388 155 501 363
horse 0.0014 165 61 195 93
sheep 0.0010 388 155 501 363
cow 0.0032 388 155 501 363
bottle 0.0174 60 4 84 30
bottle 0.0103 91 3 119 33
bottle 0.0060 107 3 131 37
bottle 0.0055 456 74 478 106
bottle 0.0048 37 0 66 24
bottle 0.0042 61 3 105 31
bottle 0.0032 140 182 176 210
bottle 0.0027 121 174 169 209
bottle 0.0026 38 55 52 107
bottle 0.0013 81 133 104 153
bottle 0.0012 98 128 120 154
bottle 0.0011 15 1 41 18
chair 0.9490 -1 161 100 379
chair 0.8823 144 163 267 367
chair 0.8636 364 167 416 224
chair 0.5435 255 131 300 188
chair 0.1908 69 263 113 364
chair 0.1705 267 126 361 255
chair 0.1351 72 221 136 370
chair 0.0607 -2 260 108 369
chair 0.0383 263 151 296 191
chair 0.0373 228 228 497 370
chair 0.0364 371 165 414 196
chair 0.0346 262 183 364 271
chair 0.0262 256 151 303 240
chair 0.0214 307 157 331 190
chair 0.0196 297 185 334 205
chair 0.0178 232 293 433 372
chair 0.0177 73 170 194 368
chair 0.0175 248 164 271 268
chair 0.0148 399 177 424 221
chair 0.0117 24 156 148 366
chair 0.0115 363 184 396 215
chair 0.0111 243 120 389 327
chair 0.0104 263 142 328 208
chair 0.0085 -1 163 17 383
chair 0.0069 246 124 313 227
chair 0.0061 70 160 100 194
chair 0.0055 1 309 19 359
chair 0.0055 418 177 442 220
chair 0.0054 141 226 234 360
chair 0.0053 251 204 268 264
chair 0.0049 76 184 188 254
chair 0.0045 388 155 501 363
chair 0.0042 389 167 433 224
chair 0.0038 363 166 392 197
chair 0.0035 354 156 405 214
chair 0.0034 75 171 180 217
chair 0.0034 246 162 265 197
chair 0.0032 295 155 340 208
chair 0.0031 363 152 436 233
chair 0.0031 268 126 319 193
chair 0.0029 317 186 358 208
chair 0.0029 329 150 416 222
chair 0.0029 0 252 17 373
chair 0.0028 36 173 154 277
chair 0.0027 0 301 67 368
chair 0.0025 77 226 138 281
chair 0.0021 94 156 159 203
chair 0.0018 335 184 364 213
chair 0.0018 275 99 366 212
chair 0.0018 257 129 299 160
chair 0.0017 121 169 162 200
chair 0.0016 301 164 361 224
chair 0.0016 364 200 396 221
chair 0.0015 431 157 449 202
chair 0.0015 58 134 86 156
chair 0.0015 57 150 105 198
chair 0.0014 409 161 446 225
chair 0.0014 241 150 322 278
chair 0.0013 334 166 379 225
chair 0.0012 282 131 301 183
chair 0.0012 369 196 409 224
chair 0.0011 288 209 350 230
chair 0.0011 271 194 293 239
chair 0.0011 243 127 289 195
sofa 0.2465 211 172 507 373
sofa 0.0752 267 126 361 255
sofa 0.0356 388 155 501 363
sofa 0.0155 255 131 300 188
sofa 0.0146 229 303 479 377
sofa 0.0104 262 183 364 271
sofa 0.0056 243 120 389 327
sofa 0.0040 364 167 416 224
sofa 0.0033 245 281 415 354
pottedplant 0.1139 307 157 331 190
pottedplant 0.0527 454 78 479 110
pottedplant 0.0118 98 128 120 154
pottedplant 0.0105 88 98 118 117
pottedplant 0.0094 81 133 104 153
pottedplant 0.0076 295 155 340 208
pottedplant 0.0038 267 126 361 255
pottedplant 0.0026 58 134 86 156
pottedplant 0.0025 355 94 385 187
pottedplant 0.0021 290 127 335 191
pottedplant 0.0016 88 100 120 132
pottedplant 0.0015 84 96 122 154
pottedplant 0.0014 390 96 408 117
pottedplant 0.0013 297 185 334 205
pottedplant 0.0010 449 73 493 127
pottedplant 0.0010 378 47 399 72
diningtable 0.1712 73 170 194 368
diningtable 0.0167 76 184 188 254
diningtable 0.0119 72 221 136 370
diningtable 0.0073 24 156 148 366
diningtable 0.0054 78 165 182 222
diningtable 0.0044 69 263 113 364
diningtable 0.0029 0 201 113 375
diningtable 0.0029 36 173 154 277
diningtable 0.0028 262 183 364 271
diningtable 0.0018 297 185 334 205
diningtable 0.0014 -1 282 101 372
diningtable 0.0011 47 151 153 212
tvmonitor 0.0200 255 131 300 188
tvmonitor 0.0091 70 160 100 194
tvmonitor 0.0060 57 150 105 198
tvmonitor 0.0043 94 156 159 203
tvmonitor 0.0029 157 44 217 94
tvmonitor 0.0013 117 162 171 207
