person 0.3770 160 -26 479 394
person 0.1096 55 170 303 366
person 0.0733 -4 66 357 379
person 0.0145 408 -7 497 313
person 0.0063 408 13 498 107
person 0.0051 37 212 137 304
person 0.0051 35 189 463 392
person 0.0044 1 211 97 312
person 0.0038 246 -1 398 308
person 0.0028 1 129 267 326
person 0.0027 -3 179 197 357
person 0.0026 -1 57 260 231
person 0.0021 477 142 499 328
person 0.0020 484 63 500 107
person 0.0017 344 1 478 93
person 0.0016 477 70 500 165
person 0.0015 0 202 21 309
person 0.0013 307 159 502 373
person 0.0013 481 36 500 127
person 0.0011 409 3 461 87
person 0.0010 481 1 499 91
person 0.0010 294 -1 332 86
car 0.0050 86 -23 494 399
car 0.0038 -4 2 356 235
car 0.0011 320 87 346 106
aeroplane 0.0019 27 -9 396 321
boat 0.0176 18 -6 408 377
boat 0.0020 76 143 496 373
cat 0.0061 55 170 303 366
dog 0.4330 95 176 316 366
dog 0.0075 76 143 496 373
dog 0.0035 -4 66 357 379
dog 0.0010 1 211 97 312
bottle 0.0012 43 212 148 310
chair 0.4647 423 69 494 311
chair 0.0248 384 156 496 371
chair 0.0194 303 105 496 347
chair 0.0141 -4 66 357 379
chair 0.0053 86 -23 494 399
chair 0.0033 477 142 499 328
chair 0.0030 484 63 500 107
chair 0.0027 306 220 503 371
chair 0.0025 435 78 500 121
chair 0.0023 0 202 21 309
chair 0.0019 477 70 500 165
chair 0.0018 35 189 463 392
chair 0.0014 454 211 500 332
chair 0.0014 473 223 500 319
chair 0.0013 0 100 266 273
chair 0.0012 329 288 496 373
chair 0.0012 430 7 499 112
chair 0.0012 481 36 500 127
chair 0.0010 438 79 498 98
sofa 0.1188 0 137 349 376
sofa 0.0926 415 94 497 346
sofa 0.0205 75 68 504 369
sofa 0.0101 303 105 496 347
sofa 0.0024 417 81 496 229
sofa 0.0018 334 287 497 371
sofa 0.0015 306 220 503 371
sofa 0.0010 0 222 18 317
sofa 0.0010 1 211 97 312
diningtable 0.0025 435 78 500 121
diningtable 0.0016 482 75 500 119
diningtable 0.0010 438 79 498 98
tvmonitor 0.0010 428 3 501 94
