person 0.9812 8 88 271 339
person 0.9319 289 71 505 332
person 0.2170 0 22 94 316
person 0.0264 203 82 235 99
person 0.0210 77 82 503 330
person 0.0159 237 69 276 95
person 0.0141 248 69 410 336
person 0.0079 442 119 499 161
person 0.0070 439 89 500 330
person 0.0056 271 253 312 328
person 0.0041 7 29 175 232
person 0.0039 216 63 268 95
person 0.0028 122 21 205 98
person 0.0021 199 9 276 96
person 0.0019 2 39 82 202
person 0.0018 167 63 199 100
person 0.0015 243 230 326 329
person 0.0015 473 136 500 323
person 0.0012 167 147 184 197
dog 0.0044 122 21 205 98
dog 0.0032 117 50 173 99
dog 0.0015 131 19 186 64
dog 0.0014 2 21 92 246
dog 0.0011 49 18 132 103
chair 0.0282 444 124 501 305
chair 0.0155 442 119 499 161
chair 0.0148 0 22 94 316
chair 0.0126 471 122 500 307
chair 0.0089 163 87 342 313
chair 0.0080 452 150 497 242
chair 0.0049 289 71 505 332
chair 0.0041 216 229 303 325
chair 0.0031 167 147 184 197
chair 0.0029 12 89 330 323
chair 0.0017 476 123 499 159
chair 0.0014 448 135 500 165
chair 0.0013 248 69 410 336
chair 0.0012 437 158 475 231
sofa 0.1458 77 82 503 330
sofa 0.0363 0 22 94 316
sofa 0.0305 163 87 342 313
sofa 0.0238 444 124 501 305
sofa 0.0176 289 71 505 332
sofa 0.0081 248 69 410 336
sofa 0.0069 -14 20 364 323
sofa 0.0028 216 229 303 325
sofa 0.0024 452 150 497 242
sofa 0.0023 442 119 499 161
sofa 0.0022 2 39 82 202
sofa 0.0016 5 46 186 298
sofa 0.0013 473 136 500 323
sofa 0.0012 166 214 416 336
sofa 0.0011 -18 222 342 334
sofa 0.0010 64 198 513 344
pottedplant 0.0040 199 9 276 96
