person 0.0036 63 2 520 367
person 0.0022 428 34 462 56
bird 0.0391 7 55 104 128
bird 0.0024 33 52 158 137
bird 0.0021 58 62 110 124
bird 0.0013 87 54 189 152
cat 0.0271 139 17 493 360
dog 0.0094 63 2 520 367
horse 0.0388 63 2 520 367
horse 0.0043 40 56 230 308
horse 0.0043 18 25 347 341
sheep 0.0105 63 2 520 367
sheep 0.0017 246 317 500 363
sheep 0.0010 253 231 493 359
cow 0.1223 63 2 520 367
cow 0.0092 40 56 230 308
cow 0.0064 18 25 347 341
cow 0.0011 289 64 496 356
chair 0.0012 209 34 257 95
chair 0.0012 63 2 520 367
sofa 0.0034 63 2 520 367
diningtable 0.0015 63 2 520 367
