person 0.9870 101 185 228 497
person 0.0465 -1 66 129 509
person 0.0435 219 36 362 534
person 0.0131 143 -22 371 439
person 0.0071 127 186 223 299
person 0.0029 183 223 203 258
person 0.0017 164 140 296 444
train 0.0059 -31 70 333 511
boat 0.0018 -1 -3 128 417
bottle 0.1936 222 -1 363 366
bottle 0.1012 4 3 125 359
bottle 0.0499 220 131 362 500
bottle 0.0142 2 140 127 501
pottedplant 0.0015 4 3 125 359
pottedplant 0.0011 220 131 362 500
pottedplant 0.0010 222 -1 363 366
diningtable 0.0068 222 -27 362 444
diningtable 0.0027 -1 -3 128 417
diningtable 0.0013 289 0 366 423
