person 0.7908 121 50 285 276
person 0.0080 197 63 291 185
person 0.0064 196 44 388 222
person 0.0036 145 1 175 23
person 0.0021 356 0 383 22
person 0.0018 363 104 393 142
person 0.0016 322 76 351 112
person 0.0015 331 85 385 148
person 0.0014 106 1 148 20
person 0.0014 304 108 363 160
person 0.0014 233 57 340 144
person 0.0014 343 95 372 138
person 0.0012 120 1 167 22
person 0.0012 62 94 358 310
person 0.0011 118 160 227 265
person 0.0011 320 121 356 156
person 0.0010 337 118 361 160
car 0.0063 106 1 148 20
car 0.0063 59 1 88 20
car 0.0051 423 131 466 191
car 0.0041 60 39 444 314
car 0.0037 3 0 55 20
car 0.0026 356 0 383 22
car 0.0018 28 0 61 20
car 0.0018 120 1 167 22
car 0.0017 85 0 128 20
car 0.0015 145 1 175 23
car 0.0014 196 44 388 222
car 0.0010 372 6 492 334
motorbike 0.5295 23 77 482 327
motorbike 0.0644 88 66 273 271
motorbike 0.0187 196 44 388 222
motorbike 0.0116 40 116 305 298
motorbike 0.0112 363 68 498 355
motorbike 0.0103 217 6 483 331
motorbike 0.0040 234 79 343 171
motorbike 0.0028 175 210 467 339
motorbike 0.0019 231 116 359 205
motorbike 0.0012 115 125 218 194
motorbike 0.0010 264 139 480 334
boat 0.0042 83 26 493 320
dog 0.0230 115 125 218 194
dog 0.0035 120 133 199 178
dog 0.0030 88 66 273 271
dog 0.0019 118 160 227 265
horse 0.0010 23 77 482 327
bottle 0.0013 434 149 461 197
bottle 0.0012 422 135 467 213
chair 0.0034 422 135 467 213
chair 0.0013 356 2 388 34
diningtable 0.0010 -6 142 441 323
