person 0.9414 193 14 322 257
person 0.0217 0 125 26 268
person 0.0101 1 148 24 198
person 0.0079 0 120 29 199
person 0.0063 1 135 25 179
person 0.0054 334 7 362 24
person 0.0053 0 169 17 215
person 0.0052 224 35 330 176
person 0.0018 254 47 379 244
person 0.0016 0 189 20 237
person 0.0014 247 17 265 67
person 0.0013 0 204 19 257
person 0.0012 318 50 349 78
bicycle 0.7065 0 104 146 282
bicycle 0.3924 121 120 305 317
bicycle 0.2278 253 109 458 323
bicycle 0.1429 170 50 337 310
bicycle 0.0927 77 94 432 345
bicycle 0.0797 0 142 56 281
bicycle 0.0295 0 142 25 284
bicycle 0.0140 0 128 52 194
bicycle 0.0107 1 117 71 236
bicycle 0.0100 0 129 28 213
bicycle 0.0073 284 123 384 223
bicycle 0.0050 301 63 369 205
bicycle 0.0043 1 135 25 179
bicycle 0.0036 22 135 43 176
bicycle 0.0035 310 121 363 195
bicycle 0.0033 118 192 207 316
bicycle 0.0029 0 189 20 237
bicycle 0.0028 224 180 348 260
bicycle 0.0027 100 162 146 232
bicycle 0.0027 264 179 385 269
bicycle 0.0027 11 159 47 190
bicycle 0.0025 17 131 69 191
bicycle 0.0025 1 148 24 198
bicycle 0.0023 0 169 17 215
bicycle 0.0019 0 204 19 257
bicycle 0.0018 221 123 349 239
bicycle 0.0017 207 159 375 356
bicycle 0.0017 7 195 44 229
bicycle 0.0015 169 115 255 257
bicycle 0.0015 1 155 94 298
bicycle 0.0014 40 131 157 246
bicycle 0.0012 0 224 21 278
bicycle 0.0012 18 213 53 244
bicycle 0.0012 327 103 467 274
bicycle 0.0011 187 173 299 265
bicycle 0.0011 155 155 273 284
bicycle 0.0011 32 161 69 188
bicycle 0.0010 0 112 108 205
car 0.6249 363 4 426 25
car 0.0960 334 7 362 24
car 0.0741 358 6 402 23
car 0.0207 442 3 472 24
car 0.0115 451 1 482 27
car 0.0056 280 4 313 29
car 0.0050 409 5 453 23
car 0.0038 384 1 434 19
car 0.0031 260 16 291 34
car 0.0029 419 -1 447 20
car 0.0025 291 8 344 28
motorbike 0.0316 253 109 458 323
motorbike 0.0066 0 104 160 276
motorbike 0.0060 121 120 305 317
motorbike 0.0035 0 129 28 213
motorbike 0.0022 175 117 401 314
motorbike 0.0019 334 7 362 24
motorbike 0.0018 256 258 331 358
motorbike 0.0018 0 178 26 285
motorbike 0.0017 97 58 476 318
motorbike 0.0011 301 63 369 205
aeroplane 0.0023 363 4 426 25
bus 0.0169 363 4 426 25
bus 0.0024 330 5 356 26
train 0.0010 363 4 426 25
boat 0.0022 330 5 356 26
boat 0.0011 97 58 476 318
bottle 0.0198 32 161 69 188
bottle 0.0168 48 165 75 189
bottle 0.0117 47 172 76 207
bottle 0.0046 187 216 220 249
bottle 0.0045 81 133 98 171
bottle 0.0042 11 159 47 190
bottle 0.0040 22 135 43 176
bottle 0.0034 24 180 70 205
bottle 0.0025 318 50 349 78
bottle 0.0023 205 196 233 229
bottle 0.0023 27 143 57 179
bottle 0.0020 287 192 312 230
bottle 0.0020 285 181 315 212
bottle 0.0019 189 206 224 228
bottle 0.0015 127 129 155 150
bottle 0.0010 422 197 450 227
bottle 0.0010 45 167 91 225
bottle 0.0010 9 180 50 205
bottle 0.0010 348 79 366 129
chair 0.0197 212 17 335 252
chair 0.0078 136 84 303 293
chair 0.0059 310 73 361 162
chair 0.0051 165 101 248 209
chair 0.0040 288 68 372 217
chair 0.0036 197 90 309 188
chair 0.0027 192 136 311 239
chair 0.0025 232 72 337 213
chair 0.0019 187 173 299 265
chair 0.0016 206 37 310 169
chair 0.0011 318 50 349 78
chair 0.0011 253 109 458 323
chair 0.0010 170 131 274 259
sofa 0.0032 170 50 337 310
sofa 0.0023 2 110 162 314
pottedplant 0.0029 299 7 368 143
pottedplant 0.0014 250 4 274 31
diningtable 0.0011 77 94 432 345
tvmonitor 0.0011 309 54 363 146
