person 0.0112 385 0 487 113
person 0.0085 430 -20 502 387
person 0.0018 368 2 453 91
person 0.0017 394 66 501 135
person 0.0015 385 1 499 225
person 0.0013 478 28 500 252
person 0.0013 54 0 151 48
bird 0.0038 58 -1 152 50
bird 0.0016 71 -1 440 383
cat 0.7099 115 1 448 384
cat 0.0029 -2 67 367 377
cat 0.0013 58 -1 152 50
cat 0.0010 242 15 422 365
dog 0.0017 58 -1 152 50
sheep 0.0010 71 -1 440 383
bottle 0.0400 58 -1 152 50
bottle 0.0026 337 328 399 373
bottle 0.0016 172 357 222 375
chair 0.0318 71 -1 440 383
chair 0.0107 396 -9 493 130
chair 0.0038 382 -13 499 329
chair 0.0024 471 0 500 88
chair 0.0017 339 107 487 355
sofa 0.0258 -22 -22 450 399
sofa 0.0012 -7 20 192 285
sofa 0.0012 -9 -45 431 208
diningtable 0.0014 -22 -22 450 399
diningtable 0.0012 301 320 414 376
diningtable 0.0011 -31 223 453 367
