person 0.6836 308 53 478 282
person 0.0018 47 187 280 358
person 0.0013 207 -2 397 112
bicycle 0.0200 306 81 479 299
bicycle 0.0023 15 192 271 358
car 0.0589 97 340 148 354
car 0.0313 223 -9 497 115
car 0.0242 149 337 188 354
car 0.0219 11 332 274 372
car 0.0182 28 347 68 364
car 0.0122 101 339 182 355
car 0.0116 72 339 141 357
car 0.0096 214 -1 384 93
car 0.0087 63 345 110 362
car 0.0068 43 346 87 363
car 0.0031 16 235 274 369
car 0.0029 31 335 67 359
car 0.0022 36 328 217 361
car 0.0022 374 -5 499 34
car 0.0018 42 338 89 358
car 0.0012 43 263 237 352
car 0.0011 93 344 155 362
boat 0.0010 30 232 293 368
bird 0.0169 74 145 205 247
bird 0.0026 393 238 422 268
bird 0.0020 66 134 268 269
bird 0.0015 194 149 217 190
bird 0.0013 175 150 266 260
cat 0.6097 74 145 205 247
cat 0.0138 66 134 268 269
cat 0.0038 15 192 271 358
cat 0.0018 109 162 245 247
cat 0.0013 46 71 232 248
cat 0.0010 9 130 195 277
cat 0.0010 150 176 206 239
dog 0.5323 298 114 372 277
dog 0.2442 292 74 463 298
dog 0.1250 331 184 414 298
dog 0.0975 314 145 406 260
dog 0.0923 75 146 209 241
dog 0.0066 327 167 463 285
dog 0.0041 337 153 416 230
dog 0.0034 66 134 268 269
dog 0.0018 341 155 382 226
dog 0.0010 393 238 422 268
dog 0.0010 316 186 359 265
horse 0.0012 336 195 413 299
sheep 0.1512 331 184 414 298
sheep 0.1501 78 156 211 245
sheep 0.0757 315 146 478 304
sheep 0.0461 298 114 372 277
sheep 0.0057 314 145 406 260
sheep 0.0048 150 176 206 239
sheep 0.0032 66 134 268 269
sheep 0.0021 175 150 266 260
sheep 0.0018 344 224 393 299
sheep 0.0015 195 177 274 280
bottle 0.0039 149 337 188 354
bottle 0.0017 358 156 389 185
bottle 0.0013 196 333 243 353
bottle 0.0010 393 247 422 269
chair 0.0049 58 135 223 268
chair 0.0040 15 192 271 358
chair 0.0039 71 134 208 203
chair 0.0038 292 74 463 298
chair 0.0027 0 257 28 390
chair 0.0021 -7 91 289 382
chair 0.0020 346 146 452 255
chair 0.0010 314 145 406 260
pottedplant 0.0461 42 31 237 215
pottedplant 0.0279 1 3 102 246
pottedplant 0.0175 67 6 267 152
pottedplant 0.0132 72 76 207 165
pottedplant 0.0122 72 127 208 182
pottedplant 0.0078 106 34 236 136
pottedplant 0.0039 47 187 280 358
pottedplant 0.0038 0 17 57 93
pottedplant 0.0037 0 5 60 154
pottedplant 0.0031 207 -2 397 112
pottedplant 0.0023 7 60 187 255
pottedplant 0.0018 12 -19 408 265
pottedplant 0.0017 70 42 183 140
pottedplant 0.0012 50 -2 366 114
pottedplant 0.0011 115 76 244 143
diningtable 0.0012 30 232 293 368
diningtable 0.0010 -21 140 301 393
