person 0.0249 455 11 498 112
person 0.0176 476 0 499 127
person 0.0143 333 8 487 327
person 0.0128 478 189 499 313
person 0.0124 482 12 500 69
person 0.0120 478 252 499 330
person 0.0117 439 -8 501 338
person 0.0085 478 2 499 42
person 0.0074 442 5 499 173
person 0.0062 454 189 499 315
person 0.0057 414 41 487 196
person 0.0052 472 47 500 186
person 0.0051 451 282 500 332
person 0.0051 485 244 500 303
person 0.0049 404 282 459 331
person 0.0047 416 1 444 40
person 0.0045 444 0 499 52
person 0.0040 358 216 466 331
person 0.0033 453 3 489 41
person 0.0032 483 221 499 283
person 0.0030 482 201 500 261
person 0.0029 389 10 499 239
person 0.0028 375 294 403 333
person 0.0028 450 181 481 247
person 0.0027 146 140 181 172
person 0.0027 435 1 465 38
person 0.0026 214 160 294 226
person 0.0024 405 178 495 318
person 0.0019 460 16 492 59
person 0.0017 360 249 397 330
person 0.0017 397 234 431 308
person 0.0015 431 29 465 59
person 0.0013 427 5 472 72
person 0.0013 430 27 471 94
person 0.0012 405 -1 457 47
person 0.0012 412 220 458 285
person 0.0012 482 52 500 112
person 0.0010 358 156 505 329
bicycle 0.0022 362 229 447 329
bicycle 0.0015 342 158 488 328
bus 0.0011 19 5 401 320
train 0.0081 115 50 239 264
train 0.0067 -6 7 354 316
train 0.0013 122 123 223 238
bird 0.7696 208 161 293 227
bird 0.0063 203 158 235 231
bird 0.0025 333 8 487 327
bird 0.0014 207 172 228 224
bird 0.0012 209 196 237 230
bird 0.0011 205 161 306 298
cat 0.0078 208 161 293 227
dog 0.0459 208 161 293 227
horse 0.0027 333 8 487 327
horse 0.0016 208 161 293 227
bottle 0.0064 333 8 487 327
pottedplant 0.0258 333 8 487 327
pottedplant 0.0018 193 -6 528 341
diningtable 0.0014 358 156 505 329
tvmonitor 0.0012 19 5 401 320
