person 0.8460 220 111 369 364
person 0.7070 109 130 302 372
person 0.1522 59 151 116 216
person 0.0775 48 145 154 225
person 0.0595 54 162 93 220
person 0.0129 34 83 386 385
person 0.0083 0 138 17 220
person 0.0077 93 148 143 215
person 0.0055 71 158 100 200
person 0.0047 59 160 85 204
person 0.0030 92 152 119 199
person 0.0030 93 145 116 178
person 0.0029 361 118 385 168
person 0.0029 139 186 166 214
person 0.0028 294 293 377 372
person 0.0024 8 140 113 229
person 0.0019 161 59 488 404
person 0.0016 481 87 500 304
person 0.0016 131 144 233 299
person 0.0015 443 56 500 330
person 0.0014 1 142 47 218
person 0.0012 485 99 500 213
person 0.0011 490 139 500 212
car 0.0014 34 83 386 385
bus 0.0049 5 29 246 260
bus 0.0021 77 -34 496 342
bus 0.0010 443 56 500 330
train 0.0425 126 -33 522 342
train 0.0023 332 23 486 338
train 0.0012 -40 -17 466 249
train 0.0011 5 29 246 260
train 0.0010 34 83 386 385
boat 0.0014 146 -30 510 403
bottle 0.0114 301 269 334 349
bottle 0.0033 311 267 332 307
bottle 0.0021 284 211 305 330
chair 0.0502 97 261 232 367
chair 0.0337 448 219 499 324
chair 0.0219 60 234 293 372
chair 0.0134 350 234 399 316
chair 0.0084 442 94 499 338
chair 0.0080 296 352 363 374
chair 0.0077 294 293 377 372
chair 0.0064 164 227 413 372
chair 0.0060 452 208 500 269
chair 0.0056 213 132 370 367
chair 0.0043 473 207 499 337
chair 0.0039 196 294 378 373
chair 0.0038 340 227 375 318
chair 0.0030 109 130 302 372
chair 0.0028 310 257 405 355
chair 0.0027 467 186 499 290
chair 0.0026 348 98 390 176
chair 0.0023 475 114 499 315
chair 0.0019 104 287 301 373
chair 0.0018 331 213 409 330
chair 0.0013 157 353 213 374
chair 0.0013 0 168 16 218
chair 0.0013 485 99 500 213
chair 0.0011 386 97 501 336
chair 0.0010 475 211 499 261
sofa 0.0201 66 149 424 368
sofa 0.0039 164 227 413 372
sofa 0.0017 213 132 370 367
sofa 0.0013 294 293 377 372
diningtable 0.0011 375 310 499 371
tvmonitor 0.0201 348 98 390 176
tvmonitor 0.0167 73 268 150 361
tvmonitor 0.0068 5 29 246 260
tvmonitor 0.0047 361 118 385 168
tvmonitor 0.0034 48 145 154 225
tvmonitor 0.0022 409 92 443 178
tvmonitor 0.0016 485 99 500 213
tvmonitor 0.0013 1 248 119 369
