person 0.0529 323 106 364 123
person 0.0286 299 126 337 149
person 0.0284 257 110 304 129
person 0.0238 47 71 86 118
person 0.0032 319 92 360 118
person 0.0031 53 69 82 103
person 0.0028 304 132 330 171
person 0.0025 256 118 300 145
person 0.0022 15 82 49 115
person 0.0022 276 114 355 129
person 0.0013 274 122 320 147
car 0.6878 172 122 463 196
car 0.0118 165 117 325 197
car 0.0077 384 113 444 128
car 0.0036 257 110 304 129
car 0.0027 383 107 500 163
car 0.0026 323 106 364 123
car 0.0016 415 115 492 130
car 0.0014 150 113 279 156
car 0.0014 276 114 355 129
car 0.0010 357 113 512 196
motorbike 0.0013 141 118 463 198
aeroplane 0.0013 156 119 471 198
aeroplane 0.0012 415 115 492 130
bus 0.0606 57 15 527 173
bus 0.0085 156 119 471 198
train 0.0055 116 31 519 155
boat 0.0012 156 119 471 198
bottle 0.1846 183 -2 215 17
bottle 0.1556 221 -2 250 20
bottle 0.1062 50 82 83 118
bottle 0.0639 15 82 49 115
bottle 0.0582 255 -2 285 22
bottle 0.0247 151 -2 180 16
bottle 0.0227 3 51 47 114
bottle 0.0209 15 67 43 99
bottle 0.0118 202 -2 245 20
bottle 0.0059 163 -2 202 18
bottle 0.0059 53 69 82 103
bottle 0.0049 0 87 25 115
bottle 0.0023 26 83 60 116
bottle 0.0013 0 57 22 102
bottle 0.0010 53 99 80 121
chair 0.0012 257 110 304 129
pottedplant 0.0028 323 106 364 123
tvmonitor 0.0015 199 17 478 61
tvmonitor 0.0011 57 15 527 173
