person 0.0010 265 221 316 296
person 0.0010 290 218 318 248
bird 0.0025 301 5 331 29
cat 0.0038 207 203 256 277
dog 0.0092 207 203 256 277
dog 0.0042 265 221 316 296
dog 0.0025 290 218 318 248
horse 0.0134 206 215 251 276
horse 0.0070 265 221 316 296
sheep 0.9968 121 159 212 264
sheep 0.9506 265 221 316 296
sheep 0.9287 205 207 252 275
sheep 0.0489 290 218 318 248
sheep 0.0080 227 202 254 229
sheep 0.0031 202 87 234 110
sheep 0.0030 290 224 314 278
sheep 0.0027 165 59 192 101
sheep 0.0022 191 85 221 109
sheep 0.0018 229 207 253 265
sheep 0.0015 280 219 320 264
sheep 0.0012 254 208 308 271
sheep 0.0012 189 57 260 108
sheep 0.0011 294 218 323 292
sheep 0.0010 162 85 195 108
cow 0.0247 265 221 316 296
cow 0.0035 205 207 252 275
cow 0.0016 290 218 318 248
cow 0.0016 202 87 234 110
