person 0.5476 400 11 500 120
person 0.1509 438 13 498 74
person 0.1237 89 43 480 332
person 0.1088 474 18 499 110
person 0.0668 138 103 435 290
person 0.0547 22 150 474 371
person 0.0504 477 20 499 64
person 0.0192 435 13 460 59
person 0.0163 449 22 490 55
person 0.0106 266 142 454 284
person 0.0078 12 264 167 373
person 0.0048 481 33 500 85
person 0.0038 478 16 499 44
person 0.0031 434 4 478 57
person 0.0024 445 10 493 45
person 0.0021 451 46 485 78
person 0.0018 13 222 336 369
person 0.0015 420 29 487 96
person 0.0015 0 130 188 386
person 0.0014 432 14 450 58
person 0.0014 436 46 475 79
person 0.0012 279 0 307 26
person 0.0011 446 42 500 121
person 0.0010 0 296 54 376
motorbike 0.0109 401 29 498 129
boat 0.0012 400 13 496 128
bird 0.0023 438 13 498 74
bird 0.0017 105 96 400 271
bird 0.0011 46 37 462 341
cat 0.1090 45 79 452 373
cat 0.0236 138 103 435 290
cat 0.0109 25 267 169 367
cat 0.0042 266 142 454 284
cat 0.0039 81 98 352 252
cat 0.0029 0 296 54 376
cat 0.0021 400 13 496 128
cat 0.0015 26 147 319 366
cat 0.0013 158 -3 474 315
dog 0.0834 45 79 452 373
dog 0.0194 105 96 400 271
dog 0.0122 12 264 167 373
dog 0.0026 400 13 496 128
dog 0.0023 206 138 443 286
dog 0.0010 438 13 498 74
horse 0.0078 6 280 180 375
horse 0.0018 45 79 452 373
sheep 0.0080 8 278 173 375
sheep 0.0010 0 296 54 376
cow 0.0037 12 264 167 373
cow 0.0034 12 83 417 380
cow 0.0011 0 296 54 376
bottle 0.0052 328 4 369 120
bottle 0.0036 289 4 373 119
bottle 0.0022 381 61 403 93
bottle 0.0014 279 3 315 29
chair 0.1730 400 13 496 128
chair 0.0674 116 6 370 127
chair 0.0152 438 13 498 74
chair 0.0119 289 4 373 119
chair 0.0067 45 79 452 373
chair 0.0064 328 4 369 120
chair 0.0059 134 2 348 63
chair 0.0048 290 3 335 31
chair 0.0047 473 34 500 116
chair 0.0034 435 13 460 59
chair 0.0027 478 64 500 110
chair 0.0026 449 22 490 55
chair 0.0025 116 3 237 63
chair 0.0025 434 4 478 57
chair 0.0024 445 10 493 45
chair 0.0017 279 3 315 29
chair 0.0014 276 278 432 374
chair 0.0014 1 17 125 361
chair 0.0013 121 4 167 70
chair 0.0010 481 33 500 85
chair 0.0010 89 -4 487 248
sofa 0.0542 12 83 417 380
sofa 0.0062 400 13 496 128
sofa 0.0025 58 209 517 372
sofa 0.0020 92 1 482 312
sofa 0.0015 -3 0 177 216
sofa 0.0013 116 6 370 127
sofa 0.0012 2 251 183 371
pottedplant 0.0010 116 6 370 127
diningtable 0.0295 116 6 370 127
diningtable 0.0133 113 1 328 58
diningtable 0.0122 -10 10 441 369
diningtable 0.0089 0 -7 168 168
diningtable 0.0032 3 17 125 129
diningtable 0.0023 388 123 500 325
diningtable 0.0013 400 13 496 128
diningtable 0.0010 246 238 472 370
tvmonitor 0.0025 1 -6 137 162
