person 0.8865 130 27 161 62
person 0.7287 203 33 228 62
person 0.6275 41 37 81 96
person 0.3864 18 37 45 86
person 0.3200 148 75 215 116
person 0.1488 261 2 294 72
person 0.1332 0 41 19 84
person 0.1079 97 41 127 72
person 0.0943 113 29 139 65
person 0.0803 443 98 491 171
person 0.0686 175 82 216 114
person 0.0639 6 46 49 106
person 0.0615 363 122 423 163
person 0.0511 73 43 98 81
person 0.0487 323 109 424 165
person 0.0435 145 22 169 60
person 0.0364 131 101 159 125
person 0.0360 31 42 65 82
person 0.0295 126 71 236 126
person 0.0283 453 101 484 140
person 0.0220 202 32 232 91
person 0.0212 372 138 414 164
person 0.0202 0 44 28 114
person 0.0195 36 59 65 103
person 0.0186 52 33 78 65
person 0.0177 448 127 487 155
person 0.0176 144 82 185 117
person 0.0140 47 54 76 101
person 0.0134 391 124 428 158
person 0.0119 128 43 163 64
person 0.0113 198 56 241 108
person 0.0105 270 102 322 147
person 0.0103 406 95 492 181
person 0.0101 393 54 499 165
person 0.0100 15 33 42 66
person 0.0096 339 69 475 163
person 0.0093 440 122 468 160
person 0.0088 226 32 247 63
person 0.0087 64 33 106 87
person 0.0080 98 23 156 69
person 0.0076 166 31 200 59
person 0.0073 119 75 174 126
person 0.0072 326 94 385 153
person 0.0068 35 35 63 63
person 0.0067 451 137 482 171
person 0.0062 170 65 234 112
person 0.0060 343 123 402 153
person 0.0055 159 73 204 100
person 0.0054 408 108 461 168
person 0.0054 280 81 442 160
person 0.0050 35 79 66 111
person 0.0048 72 32 97 66
person 0.0037 414 120 447 161
person 0.0036 118 90 164 147
person 0.0036 0 22 16 72
person 0.0031 197 165 254 187
person 0.0029 435 125 480 180
person 0.0026 113 66 219 174
person 0.0025 130 18 184 64
person 0.0024 443 101 473 144
person 0.0024 5 31 88 100
person 0.0023 74 39 132 81
person 0.0022 482 116 499 166
person 0.0020 340 108 409 129
person 0.0019 181 72 219 105
person 0.0019 477 87 500 187
person 0.0018 379 30 414 62
person 0.0017 308 12 496 206
person 0.0017 117 27 166 83
person 0.0016 417 36 442 62
person 0.0016 341 21 372 60
person 0.0015 394 136 429 166
person 0.0014 383 95 434 155
person 0.0014 331 101 382 126
person 0.0014 390 109 431 136
person 0.0013 361 107 466 166
person 0.0013 480 138 499 174
person 0.0013 0 78 26 121
person 0.0012 150 13 173 45
person 0.0011 131 65 198 111
person 0.0011 325 0 480 71
person 0.0011 447 71 498 143
person 0.0010 135 78 193 152
bicycle 0.0032 0 41 19 84
bicycle 0.0024 0 51 23 101
bicycle 0.0017 9 63 45 102
car 0.7397 7 65 251 232
car 0.6283 56 73 523 371
car 0.1048 420 50 490 66
car 0.0689 97 41 127 72
car 0.0390 73 43 98 81
car 0.0172 31 42 65 82
car 0.0156 -13 36 428 280
car 0.0146 43 42 78 105
car 0.0143 379 47 442 66
car 0.0139 129 54 279 108
car 0.0137 -4 63 122 142
car 0.0118 126 71 236 126
car 0.0104 393 42 500 103
car 0.0086 66 55 339 176
car 0.0083 67 63 101 87
car 0.0081 128 43 163 64
car 0.0070 4 43 100 109
car 0.0068 207 64 280 108
car 0.0066 35 47 152 111
car 0.0059 74 39 132 81
car 0.0058 64 44 209 103
car 0.0050 393 54 499 165
car 0.0050 198 80 460 155
car 0.0049 79 65 137 89
car 0.0048 198 56 241 108
car 0.0042 33 63 216 137
car 0.0039 193 69 324 130
car 0.0037 2 57 134 243
car 0.0036 191 51 302 111
car 0.0033 0 120 49 237
car 0.0031 166 31 200 59
car 0.0030 425 25 503 137
car 0.0030 113 29 139 65
car 0.0027 6 46 49 106
car 0.0026 376 0 497 75
car 0.0026 313 109 419 161
car 0.0022 64 33 106 87
car 0.0021 391 35 430 62
car 0.0020 441 47 499 116
car 0.0020 215 70 268 99
car 0.0019 447 71 498 143
car 0.0019 149 69 216 111
car 0.0018 74 57 136 102
car 0.0017 3 95 109 209
car 0.0016 278 66 325 87
car 0.0016 483 72 501 132
car 0.0016 217 82 270 109
car 0.0016 297 287 348 340
car 0.0016 124 50 195 67
car 0.0016 273 58 319 80
car 0.0015 203 33 228 62
car 0.0015 36 59 65 103
car 0.0014 445 35 495 57
car 0.0014 0 118 29 206
car 0.0014 170 65 234 112
car 0.0013 480 138 499 174
car 0.0013 125 242 444 370
car 0.0013 9 135 109 249
car 0.0012 35 35 63 63
car 0.0012 72 32 97 66
car 0.0012 426 38 479 60
car 0.0012 308 12 496 206
car 0.0012 159 73 204 100
car 0.0011 18 37 45 86
car 0.0011 379 30 414 62
car 0.0011 235 107 413 165
car 0.0011 320 74 492 369
car 0.0011 431 37 499 84
car 0.0010 217 74 290 119
car 0.0010 339 69 475 163
car 0.0010 262 53 301 78
car 0.0010 434 84 500 187
car 0.0010 4 207 494 365
car 0.0010 113 66 219 174
motorbike 0.0233 16 82 479 370
motorbike 0.0215 6 46 49 106
motorbike 0.0121 0 71 57 120
motorbike 0.0108 -4 63 122 142
motorbike 0.0096 0 44 28 114
motorbike 0.0061 47 54 76 101
motorbike 0.0053 73 43 98 81
motorbike 0.0048 67 63 101 87
motorbike 0.0045 0 78 26 160
motorbike 0.0044 36 59 65 103
motorbike 0.0041 0 41 19 84
motorbike 0.0036 4 43 100 109
motorbike 0.0030 0 124 31 159
motorbike 0.0030 0 95 216 254
motorbike 0.0029 0 115 55 169
motorbike 0.0026 29 42 77 106
motorbike 0.0025 0 50 65 162
motorbike 0.0025 97 41 127 72
motorbike 0.0023 0 78 26 121
motorbike 0.0017 35 79 66 111
motorbike 0.0016 0 85 96 191
motorbike 0.0016 -1 99 22 133
motorbike 0.0013 1 121 47 151
motorbike 0.0010 0 85 56 149
aeroplane 0.0230 16 82 479 370
bus 0.3310 16 82 479 370
bus 0.0068 320 74 492 369
bus 0.0019 307 0 506 152
bus 0.0016 420 50 490 66
train 0.0103 -24 85 447 373
boat 0.0173 420 50 490 66
boat 0.0080 -24 85 447 373
boat 0.0015 401 36 502 87
boat 0.0015 371 16 494 71
boat 0.0010 445 35 495 57
boat 0.0010 426 38 479 60
chair 0.0041 73 43 98 81
chair 0.0031 72 32 97 66
chair 0.0022 95 35 123 66
chair 0.0019 13 299 159 377
chair 0.0010 0 41 19 84
diningtable 0.0010 420 50 490 66
