person 0.1198 267 92 290 135
person 0.0388 64 126 188 216
person 0.0305 63 109 113 161
person 0.0228 352 57 373 94
person 0.0219 284 92 303 138
person 0.0142 59 166 197 220
person 0.0106 246 99 284 134
person 0.0057 68 104 177 169
person 0.0030 250 89 297 141
person 0.0018 67 58 349 220
person 0.0012 48 74 209 226
person 0.0012 342 24 360 72
person 0.0011 68 104 103 136
boat 0.0315 246 113 285 137
boat 0.0174 242 95 290 138
boat 0.0159 463 46 488 90
boat 0.0028 352 57 373 94
boat 0.0028 53 -2 442 279
boat 0.0013 67 58 349 220
bird 0.3262 59 166 197 220
bird 0.2246 461 129 483 169
bird 0.1647 70 101 185 191
bird 0.1043 352 57 373 94
bird 0.0465 65 109 115 178
bird 0.0340 434 118 452 150
bird 0.0175 284 92 303 138
bird 0.0143 267 92 290 135
bird 0.0135 463 46 488 90
bird 0.0132 67 108 105 144
bird 0.0116 48 74 209 226
bird 0.0102 349 116 373 133
bird 0.0087 342 24 360 72
bird 0.0081 458 121 484 148
bird 0.0075 82 133 120 163
bird 0.0059 246 99 284 134
bird 0.0037 94 136 162 160
bird 0.0036 78 137 197 210
bird 0.0033 133 173 192 219
bird 0.0032 68 167 140 214
bird 0.0027 421 56 436 86
bird 0.0024 259 62 293 82
bird 0.0022 88 128 162 174
bird 0.0022 62 133 83 171
bird 0.0020 250 89 297 141
bird 0.0018 81 183 171 206
bird 0.0017 275 75 293 110
bird 0.0016 68 130 109 170
bird 0.0014 65 159 109 182
bird 0.0012 349 104 373 127
bird 0.0012 341 23 367 90
bird 0.0011 348 77 374 101
bird 0.0010 80 153 122 183
cat 0.0110 63 152 192 225
cat 0.0055 63 109 113 161
cat 0.0012 246 99 284 134
cat 0.0011 70 101 185 191
dog 0.3933 63 109 113 161
dog 0.1075 63 152 192 225
dog 0.0151 58 104 151 175
dog 0.0139 246 99 284 134
dog 0.0092 267 92 290 135
dog 0.0053 68 104 103 136
dog 0.0030 284 92 303 138
dog 0.0028 250 89 297 141
dog 0.0028 133 173 192 219
sheep 0.0023 246 99 284 134
cow 0.0280 246 99 284 134
cow 0.0042 63 152 192 225
cow 0.0014 352 57 373 94
cow 0.0012 267 92 290 135
cow 0.0011 70 101 185 191
chair 0.0015 246 99 284 134
