person 0.0163 150 102 170 145
person 0.0152 147 133 193 189
person 0.0079 146 96 184 181
person 0.0079 161 142 192 179
person 0.0076 366 96 388 147
person 0.0054 325 97 351 145
person 0.0048 130 142 165 221
person 0.0041 165 103 193 144
person 0.0028 96 111 116 144
person 0.0026 111 106 132 145
person 0.0024 390 95 444 149
person 0.0022 393 100 430 137
person 0.0022 238 91 286 157
person 0.0022 150 115 173 157
person 0.0022 134 86 205 211
person 0.0020 330 89 377 152
person 0.0018 325 118 353 150
person 0.0017 0 94 19 295
person 0.0016 131 71 168 205
person 0.0015 154 96 201 151
person 0.0014 150 149 180 197
person 0.0014 396 121 431 153
car 0.0032 145 142 193 204
car 0.0015 161 142 192 179
aeroplane 0.0014 58 -10 522 369
bus 0.0141 58 -10 522 369
bus 0.0022 3 2 80 295
train 0.3753 58 -10 522 369
train 0.0420 -10 -9 294 302
train 0.0132 3 2 80 295
train 0.0117 50 30 227 249
train 0.0039 304 21 500 182
train 0.0029 12 22 414 223
chair 0.0016 145 142 193 204
tvmonitor 0.0054 0 72 18 242
tvmonitor 0.0011 3 2 80 295
