person 0.0048 0 5 23 170
person 0.0044 29 16 469 279
person 0.0021 0 53 56 195
person 0.0013 127 5 372 168
person 0.0010 0 48 118 260
car 0.0054 29 16 469 279
boat 0.0026 29 16 469 279
bird 0.1398 312 151 436 288
bird 0.0413 29 0 395 301
bird 0.0283 82 37 329 252
bird 0.0106 202 86 443 293
bird 0.0043 -1 94 106 196
bird 0.0029 176 33 391 196
bird 0.0028 0 78 60 211
bird 0.0025 179 69 270 219
bird 0.0023 22 7 260 231
bird 0.0023 0 48 118 260
cat 0.0091 -2 106 99 183
cat 0.0078 312 151 436 288
cat 0.0074 22 7 343 295
cat 0.0042 0 53 56 195
cat 0.0029 0 48 118 260
cat 0.0023 202 86 443 293
cat 0.0012 0 108 52 177
dog 0.0183 29 0 395 301
dog 0.0116 46 39 300 251
dog 0.0031 155 18 478 293
dog 0.0018 290 102 444 292
dog 0.0010 137 20 370 223
sheep 0.0042 29 16 469 279
cow 0.0017 202 86 443 293
bottle 0.0022 -2 106 99 183
bottle 0.0011 0 53 56 195
chair 0.0112 29 0 395 301
chair 0.0016 0 -4 20 144
chair 0.0013 3 169 346 296
chair 0.0012 46 39 300 251
chair 0.0010 0 18 14 75
sofa 0.0098 29 0 395 301
pottedplant 0.0041 29 16 469 279
diningtable 0.0149 29 16 469 279
diningtable 0.0013 3 169 346 296
