person 0.0254 68 257 96 287
person 0.0066 68 240 97 267
person 0.0062 228 232 245 275
person 0.0039 185 264 215 286
person 0.0032 159 261 202 277
person 0.0031 186 275 214 310
person 0.0031 0 288 24 335
person 0.0025 474 237 495 273
person 0.0024 0 293 18 356
person 0.0021 58 265 82 290
person 0.0018 344 277 406 296
person 0.0018 476 254 499 298
person 0.0014 143 261 188 275
person 0.0011 -2 285 61 373
person 0.0010 464 238 492 263
bicycle 0.0181 186 275 214 310
bicycle 0.0012 314 260 359 280
car 0.9559 210 264 345 330
car 0.9390 0 283 61 375
car 0.9377 66 261 207 324
car 0.8783 435 272 499 343
car 0.8387 274 271 462 337
car 0.4379 5 346 209 382
car 0.0836 159 261 202 277
car 0.0315 219 250 509 351
car 0.0261 143 261 188 275
car 0.0235 68 257 96 287
car 0.0212 186 275 214 310
car 0.0158 314 260 359 280
car 0.0146 471 269 501 346
car 0.0123 476 254 499 298
car 0.0092 403 275 457 299
car 0.0088 155 268 216 313
car 0.0083 453 270 496 306
car 0.0078 0 282 45 304
car 0.0075 305 243 368 274
car 0.0066 298 266 336 285
car 0.0060 448 244 496 309
car 0.0056 0 288 24 335
car 0.0046 80 260 131 279
car 0.0041 185 264 215 286
car 0.0037 472 271 500 304
car 0.0037 -13 287 219 396
car 0.0036 58 265 82 290
car 0.0033 434 224 500 327
car 0.0033 468 234 500 309
car 0.0028 474 237 495 273
car 0.0026 477 311 500 349
car 0.0024 424 276 478 298
car 0.0021 402 251 504 305
car 0.0021 273 267 320 285
car 0.0021 179 354 226 376
car 0.0020 333 265 374 283
car 0.0019 0 293 18 356
car 0.0019 396 269 463 310
car 0.0018 261 271 326 325
car 0.0017 -1 257 16 286
car 0.0017 -1 287 27 370
car 0.0017 422 265 491 318
car 0.0016 64 248 109 291
car 0.0016 204 280 237 312
car 0.0015 1 311 61 420
car 0.0015 378 307 506 357
car 0.0014 464 238 492 263
car 0.0013 363 269 423 286
car 0.0013 368 278 418 296
car 0.0012 16 248 47 268
car 0.0012 249 264 312 280
car 0.0011 347 267 402 286
car 0.0011 216 251 362 301
car 0.0010 366 265 505 351
car 0.0010 400 269 466 290
motorbike 0.0029 29 337 217 379
motorbike 0.0021 314 260 359 280
motorbike 0.0015 434 224 500 327
motorbike 0.0013 186 275 214 310
motorbike 0.0012 476 254 499 298
bus 0.0778 300 236 368 275
bus 0.0066 339 242 368 271
bus 0.0066 269 241 384 280
bus 0.0014 91 243 126 263
bus 0.0010 290 247 434 288
boat 0.0014 300 236 368 275
pottedplant 0.0023 267 248 301 270
pottedplant 0.0016 331 112 387 162
pottedplant 0.0013 379 99 414 133
