person 0.0025 144 253 169 271
person 0.0015 156 186 213 213
person 0.0011 258 192 303 214
bicycle 0.0054 257 201 299 215
car 0.1147 156 186 213 213
car 0.0060 197 187 248 213
car 0.0048 156 190 183 214
car 0.0047 257 201 299 215
car 0.0022 239 191 284 213
car 0.0017 175 200 224 215
car 0.0015 275 183 316 213
car 0.0014 158 199 207 216
car 0.0010 212 185 265 212
aeroplane 0.0044 156 186 213 213
bus 0.1547 156 186 213 213
bus 0.0103 159 176 282 214
bus 0.0087 197 187 248 213
bus 0.0062 240 157 314 209
bus 0.0015 212 185 265 212
bus 0.0010 275 183 316 213
train 0.0016 153 172 281 213
boat 0.0427 153 172 281 213
boat 0.0054 228 157 324 213
boat 0.0014 275 183 316 213
boat 0.0011 258 192 303 214
bird 0.0021 144 253 169 271
dog 0.0025 144 253 169 271
chair 0.0054 275 183 316 213
chair 0.0028 257 201 299 215
