person 0.0340 289 -3 453 185
person 0.0324 335 80 459 183
person 0.0099 319 35 500 202
person 0.0093 327 -6 421 107
person 0.0074 285 10 353 174
person 0.0074 331 143 471 198
person 0.0049 367 0 409 89
person 0.0027 317 -1 355 123
person 0.0023 376 70 496 183
person 0.0023 475 0 499 76
person 0.0015 397 -5 495 92
person 0.0014 482 14 500 68
person 0.0013 40 13 460 315
person 0.0013 215 21 358 214
person 0.0012 454 0 498 70
person 0.0011 182 144 315 211
person 0.0010 352 -1 471 91
bird 0.0011 247 137 333 210
cat 0.0063 122 108 196 156
cat 0.0010 126 118 164 158
dog 0.9973 123 19 209 157
dog 0.0152 122 108 196 156
dog 0.0027 6 -2 187 157
dog 0.0021 43 10 140 147
dog 0.0017 134 5 285 163
bottle 0.0028 285 18 346 173
bottle 0.0024 374 3 404 113
bottle 0.0017 319 35 500 202
bottle 0.0014 247 137 333 210
bottle 0.0011 335 80 459 183
chair 0.0080 285 10 353 174
chair 0.0047 282 29 322 161
chair 0.0043 6 -2 187 157
chair 0.0032 211 9 290 140
chair 0.0030 15 12 106 150
chair 0.0016 289 -3 453 185
chair 0.0016 291 120 316 162
chair 0.0015 0 -1 62 162
chair 0.0014 260 70 340 195
chair 0.0011 316 10 419 154
chair 0.0010 395 5 436 84
sofa 0.0032 247 137 333 210
sofa 0.0029 -15 -54 436 302
sofa 0.0027 289 -3 453 185
sofa 0.0015 285 10 353 174
pottedplant 0.0036 255 148 297 200
pottedplant 0.0036 289 -3 453 185
pottedplant 0.0012 195 164 235 190
diningtable 0.0931 69 159 511 320
diningtable 0.0079 40 13 460 315
diningtable 0.0063 289 175 502 324
diningtable 0.0046 189 79 456 255
diningtable 0.0038 202 166 452 221
diningtable 0.0029 0 155 273 322
diningtable 0.0028 209 134 509 281
diningtable 0.0019 323 171 487 214
diningtable 0.0015 344 -4 451 100
diningtable 0.0013 183 206 465 326
diningtable 0.0011 120 137 382 272
diningtable 0.0010 305 -2 504 193
