person 0.5848 -9 -10 274 381
person 0.0114 64 21 222 106
person 0.0093 78 51 285 247
person 0.0061 29 0 236 144
person 0.0059 360 -9 503 255
person 0.0039 5 6 210 236
person 0.0030 168 70 318 243
person 0.0025 0 214 213 375
person 0.0018 467 40 501 275
person 0.0017 78 65 205 148
person 0.0013 454 280 497 339
person 0.0013 16 -5 184 83
person 0.0013 447 -1 500 294
person 0.0011 51 0 122 40
person 0.0010 103 81 226 122
cat 0.0091 168 70 318 243
cat 0.0070 199 137 321 252
cat 0.0032 173 165 267 264
cat 0.0029 456 242 499 305
dog 0.3164 168 70 318 243
dog 0.0234 173 165 267 264
dog 0.0085 199 137 321 252
dog 0.0033 171 69 267 175
dog 0.0016 164 118 344 311
dog 0.0013 96 37 306 203
dog 0.0012 174 118 279 232
dog 0.0010 456 242 499 305
sheep 0.0018 168 70 318 243
bottle 0.0107 461 283 489 316
bottle 0.0024 455 256 499 327
bottle 0.0019 475 272 499 317
bottle 0.0012 457 314 479 339
bottle 0.0011 460 246 496 294
chair 0.0198 -1 60 211 372
chair 0.0193 363 -11 504 293
chair 0.0130 467 40 501 275
chair 0.0087 57 0 438 379
chair 0.0079 118 105 172 122
chair 0.0051 122 111 200 131
chair 0.0051 112 111 223 201
chair 0.0047 0 214 213 375
chair 0.0044 451 0 499 358
chair 0.0033 103 77 248 136
chair 0.0028 78 51 285 247
chair 0.0026 18 309 170 372
chair 0.0025 118 97 165 117
chair 0.0024 117 93 211 111
chair 0.0017 129 121 193 197
chair 0.0016 39 178 297 356
chair 0.0011 0 286 18 373
chair 0.0010 475 139 499 291
sofa 0.0731 363 -11 504 293
sofa 0.0708 -10 61 358 384
sofa 0.0119 66 -2 504 384
sofa 0.0087 39 178 297 356
sofa 0.0062 169 91 329 266
sofa 0.0045 -3 -28 215 400
sofa 0.0043 121 117 203 203
sofa 0.0029 131 67 294 239
sofa 0.0028 -29 216 450 365
sofa 0.0022 113 84 257 194
sofa 0.0017 467 40 501 275
sofa 0.0016 84 87 274 285
sofa 0.0013 0 214 213 375
sofa 0.0011 456 242 499 305
pottedplant 0.0726 456 242 499 305
pottedplant 0.0023 468 258 500 292
pottedplant 0.0011 454 280 497 339
pottedplant 0.0011 460 238 488 277
pottedplant 0.0010 461 283 489 316
diningtable 0.0014 117 93 211 111
diningtable 0.0012 56 54 514 396
tvmonitor 0.0049 475 139 499 291
