person 0.9177 463 134 485 187
person 0.0467 344 120 370 140
person 0.0174 358 49 387 75
person 0.0089 437 123 480 185
person 0.0088 337 46 375 72
person 0.0057 447 119 484 152
person 0.0053 444 133 469 171
person 0.0048 315 50 357 70
person 0.0037 478 131 496 174
person 0.0033 361 118 385 144
person 0.0031 92 122 121 141
person 0.0030 151 116 175 151
person 0.0027 321 119 350 141
person 0.0026 359 108 378 142
person 0.0023 110 67 138 93
person 0.0019 166 141 194 182
person 0.0018 340 63 371 96
person 0.0017 209 112 236 137
person 0.0017 376 49 407 75
person 0.0016 322 64 356 93
person 0.0015 346 155 372 197
person 0.0014 361 59 385 90
person 0.0013 326 79 355 106
person 0.0012 293 46 341 70
person 0.0010 68 121 99 140
bicycle 0.0011 149 158 175 196
bicycle 0.0010 462 145 484 189
car 0.0892 447 119 484 152
car 0.0342 444 133 469 171
car 0.0236 153 87 285 194
car 0.0041 447 113 487 133
car 0.0038 457 131 487 187
car 0.0029 437 123 480 185
car 0.0020 298 110 450 199
bus 0.9914 276 39 460 200
bus 0.8802 42 51 164 189
bus 0.7884 139 59 296 186
bus 0.3575 448 75 499 154
bus 0.1426 444 114 494 159
bus 0.0260 448 78 487 116
bus 0.0182 447 113 487 133
bus 0.0176 407 57 497 148
bus 0.0119 150 111 287 197
bus 0.0065 392 46 499 113
bus 0.0035 298 110 450 199
bus 0.0032 477 80 499 122
bus 0.0031 466 60 503 146
bus 0.0023 403 110 489 188
bus 0.0021 478 96 500 135
bus 0.0017 150 108 180 176
bus 0.0017 477 120 500 160
bus 0.0015 447 73 494 90
bus 0.0013 151 116 175 151
bus 0.0012 249 124 279 144
bus 0.0010 147 59 264 139
bus 0.0010 91 60 237 181
bus 0.0010 399 58 432 87
train 0.0019 142 63 296 199
boat 0.0013 444 133 469 171
horse 0.0013 457 131 487 187
bottle 0.0019 348 112 369 141
