person 0.0092 14 3 403 338
person 0.0038 391 10 496 317
person 0.0018 404 178 499 295
person 0.0014 2 -5 182 266
bird 0.9066 275 82 369 229
bird 0.0151 279 85 366 161
bird 0.0052 278 90 314 160
bird 0.0040 40 12 447 324
bird 0.0022 282 93 327 225
bird 0.0015 2 -5 182 266
bird 0.0015 285 94 309 145
bird 0.0014 142 37 358 226
bird 0.0014 266 73 456 260
cat 0.0012 14 3 403 338
pottedplant 0.0356 14 3 403 338
pottedplant 0.0112 8 146 263 337
pottedplant 0.0018 112 112 292 320
pottedplant 0.0012 65 212 283 332
pottedplant 0.0011 1 241 121 326
diningtable 0.0028 56 126 522 349
diningtable 0.0023 2 204 264 338
