person 0.1356 180 106 217 139
person 0.0831 202 107 241 137
person 0.0666 173 107 201 139
person 0.0604 262 117 294 147
person 0.0579 220 108 254 139
person 0.0406 243 107 278 142
person 0.0405 282 104 312 142
person 0.0247 222 119 258 146
person 0.0236 109 76 371 317
person 0.0184 483 150 500 247
person 0.0177 486 190 500 251
person 0.0162 183 117 221 146
person 0.0146 198 122 246 145
person 0.0132 299 108 323 142
person 0.0097 217 100 263 147
person 0.0086 302 117 328 148
person 0.0083 489 160 500 232
person 0.0078 270 94 318 146
person 0.0070 275 117 311 147
person 0.0057 0 161 27 193
person 0.0048 254 101 304 145
person 0.0039 187 93 219 119
person 0.0039 163 95 211 145
person 0.0035 180 109 223 161
person 0.0033 204 91 239 119
person 0.0032 449 156 496 241
person 0.0030 12 167 36 197
person 0.0025 169 116 199 147
person 0.0017 196 110 246 159
person 0.0016 482 172 500 291
bicycle 0.0023 485 205 499 253
bicycle 0.0018 13 177 39 201
bicycle 0.0013 482 163 500 260
car 0.4362 0 161 27 193
car 0.1459 102 84 375 339
car 0.0903 106 141 132 170
car 0.0103 12 167 36 197
car 0.0066 358 142 378 175
car 0.0055 29 171 53 195
car 0.0052 0 155 28 178
car 0.0036 344 178 367 218
car 0.0032 486 190 500 251
car 0.0030 345 145 374 252
car 0.0025 488 149 500 208
car 0.0021 483 150 500 247
car 0.0020 359 157 376 187
car 0.0019 107 130 141 186
car 0.0017 125 132 154 226
car 0.0016 115 112 145 278
car 0.0015 127 173 153 217
car 0.0013 114 152 136 195
car 0.0012 449 156 496 241
car 0.0012 481 145 499 180
car 0.0011 347 162 371 192
car 0.0010 357 100 506 254
motorbike 0.0018 486 190 500 251
motorbike 0.0011 482 163 500 260
aeroplane 0.0012 0 161 27 193
bus 0.0173 358 142 378 175
bus 0.0133 359 122 461 242
bus 0.0092 0 161 27 193
bus 0.0062 359 118 378 162
bus 0.0054 385 142 497 241
bus 0.0026 355 106 388 173
bus 0.0026 106 141 132 170
bus 0.0015 344 110 413 245
bus 0.0013 372 105 494 209
bus 0.0013 365 110 425 163
bus 0.0012 359 157 376 187
bus 0.0012 370 117 421 198
bus 0.0011 109 76 371 317
bus 0.0011 387 125 433 192
train 0.0054 385 142 497 241
train 0.0043 359 122 461 242
train 0.0023 372 105 494 209
train 0.0017 438 135 500 248
train 0.0013 328 72 502 243
boat 0.0017 0 161 27 193
bottle 0.0010 359 118 378 162
chair 0.0019 0 161 27 193
tvmonitor 0.0010 109 76 371 317
