person 0.0358 288 46 375 232
person 0.0193 280 163 304 195
person 0.0167 8 471 36 500
person 0.0084 354 190 374 238
person 0.0028 334 65 376 224
person 0.0028 242 18 373 327
bird 0.0079 14 62 298 509
bird 0.0015 116 226 333 514
bird 0.0011 8 471 36 500
cat 0.0074 24 140 345 495
cat 0.0030 150 241 374 508
cat 0.0020 85 236 286 494
dog 0.1376 14 62 298 509
dog 0.0048 50 239 255 493
dog 0.0016 75 15 357 345
dog 0.0011 40 149 180 500
dog 0.0010 144 291 374 499
horse 0.0426 -8 12 318 354
horse 0.0146 22 41 142 133
horse 0.0105 127 12 371 342
horse 0.0054 282 35 376 241
horse 0.0027 280 163 304 195
horse 0.0024 242 18 373 327
horse 0.0022 1 39 77 139
horse 0.0014 74 41 164 133
horse 0.0013 10 9 195 175
sheep 0.0282 144 291 374 499
sheep 0.0112 14 62 298 509
sheep 0.0034 41 306 175 495
sheep 0.0012 -23 272 398 518
sheep 0.0011 282 35 376 241
cow 0.7041 -9 5 314 407
cow 0.0296 282 35 376 241
cow 0.0266 65 82 367 490
cow 0.0214 -4 33 170 331
cow 0.0135 127 12 371 342
cow 0.0098 242 18 373 327
cow 0.0075 1 39 77 139
cow 0.0028 354 185 374 232
cow 0.0027 7 37 141 143
cow 0.0013 1 27 82 249
sofa 0.0016 -9 5 314 407
sofa 0.0010 9 225 360 502
