person 0.0011 110 59 215 221
horse 0.0153 262 116 293 137
horse 0.0044 203 90 307 210
horse 0.0037 259 112 304 177
horse 0.0025 239 103 324 204
horse 0.0022 164 90 325 307
horse 0.0022 203 66 302 152
horse 0.0011 237 111 283 136
cow 0.9581 115 82 322 352
cow 0.0139 106 59 241 242
cow 0.0106 203 90 307 210
cow 0.0074 239 103 324 204
cow 0.0073 262 116 293 137
cow 0.0063 175 73 327 238
cow 0.0047 204 107 341 321
cow 0.0035 259 111 304 204
cow 0.0018 298 180 326 214
cow 0.0016 154 110 271 246
cow 0.0014 274 127 324 219
cow 0.0013 213 200 310 313
cow 0.0011 242 144 328 293
cow 0.0010 203 66 302 152
