bird 0.0335 43 85 317 254
bird 0.0160 40 85 126 221
bird 0.0122 28 81 96 204
bird 0.0032 25 52 253 217
bird 0.0027 256 102 344 219
bird 0.0018 40 84 87 147
bird 0.0010 245 204 307 250
bird 0.0010 257 210 299 243
cat 0.0120 43 85 317 254
cat 0.0017 28 90 104 216
dog 0.0226 73 85 338 257
dog 0.0012 256 102 344 219
sheep 0.0311 257 110 343 237
sheep 0.0066 43 85 317 254
sheep 0.0049 266 156 325 223
sheep 0.0026 308 128 352 223
sheep 0.0025 280 123 391 226
sheep 0.0022 384 129 503 229
sheep 0.0016 224 195 299 243
sheep 0.0010 252 49 479 271
cow 0.9013 73 85 338 257
cow 0.1067 257 110 343 237
cow 0.0266 186 210 317 259
cow 0.0239 197 178 313 252
cow 0.0164 28 90 104 216
cow 0.0158 224 195 299 243
cow 0.0144 266 156 325 223
cow 0.0121 228 148 331 240
cow 0.0118 171 203 267 256
cow 0.0043 25 52 253 217
cow 0.0038 37 -4 381 275
cow 0.0030 0 79 59 199
cow 0.0028 211 91 356 253
cow 0.0021 64 86 282 158
cow 0.0017 6 20 115 221
cow 0.0011 384 129 503 229
cow 0.0011 289 130 347 219
cow 0.0011 280 123 391 226
cow 0.0010 0 103 27 210
chair 0.0147 28 90 104 216
chair 0.0030 0 79 59 199
