person 0.0058 185 122 207 149
person 0.0034 170 122 203 149
person 0.0026 484 178 500 214
person 0.0025 416 164 447 195
person 0.0024 483 154 499 198
person 0.0020 0 263 25 292
person 0.0018 79 253 103 290
person 0.0016 114 128 137 157
person 0.0015 82 270 104 311
person 0.0014 129 122 158 155
person 0.0014 214 121 239 157
person 0.0012 480 142 500 181
person 0.0011 167 110 202 141
person 0.0011 152 287 172 326
person 0.0011 142 109 182 140
person 0.0010 405 166 430 196
person 0.0010 0 205 24 296
bicycle 0.0029 0 273 25 302
bicycle 0.0014 0 263 25 292
car 0.0036 483 154 499 198
car 0.0028 0 188 22 285
car 0.0021 441 144 495 172
car 0.0020 0 263 25 292
car 0.0015 480 142 500 181
motorbike 0.0020 0 273 25 302
motorbike 0.0019 0 263 25 292
aeroplane 0.0056 418 135 494 153
aeroplane 0.0044 415 134 450 153
aeroplane 0.0023 408 112 502 174
aeroplane 0.0012 432 137 500 177
bus 0.0134 441 144 495 172
bus 0.0057 -3 98 128 187
bus 0.0035 480 142 500 181
bus 0.0025 415 137 501 175
bus 0.0022 483 154 499 198
bus 0.0017 -4 139 104 216
train 0.6623 50 40 451 339
train 0.2324 -1 102 119 196
train 0.1973 2 81 116 295
train 0.0422 -8 125 108 237
train 0.0136 1 57 169 240
train 0.0088 0 163 93 297
train 0.0042 0 127 19 223
train 0.0042 0 161 17 204
train 0.0042 441 144 495 172
train 0.0028 -11 88 138 160
train 0.0027 54 166 81 197
train 0.0020 0 121 53 273
train 0.0019 20 131 167 233
train 0.0018 0 137 22 298
train 0.0018 0 99 67 335
train 0.0017 54 120 106 193
train 0.0016 439 134 498 151
train 0.0015 409 127 501 190
train 0.0012 51 149 95 205
train 0.0012 480 142 500 181
train 0.0011 0 79 18 201
bird 0.0013 415 134 450 153
chair 0.0020 0 273 25 302
chair 0.0013 0 263 25 292
