person 0.7639 60 22 270 472
person 0.0458 254 343 338 507
person 0.0140 67 92 218 403
person 0.0054 144 111 255 382
person 0.0014 164 38 324 383
person 0.0013 62 317 276 497
person 0.0010 79 15 263 272
person 0.0010 79 173 129 225
bicycle 0.0020 251 329 340 503
car 0.0400 244 326 343 500
motorbike 0.0042 248 334 340 498
boat 0.0013 251 329 340 503
cat 0.0029 80 35 252 460
bottle 0.0478 89 208 125 316
bottle 0.0324 144 202 185 318
bottle 0.0252 251 329 340 503
bottle 0.0214 80 35 252 460
bottle 0.0187 126 180 211 327
bottle 0.0096 112 248 131 300
bottle 0.0079 80 180 184 313
bottle 0.0072 63 192 139 317
bottle 0.0067 153 253 174 308
bottle 0.0066 101 235 132 308
bottle 0.0066 107 182 138 306
bottle 0.0065 114 205 163 309
bottle 0.0046 108 235 127 292
bottle 0.0043 323 37 339 94
bottle 0.0023 -1 429 17 474
bottle 0.0022 147 184 250 329
bottle 0.0018 244 378 268 421
bottle 0.0015 102 228 118 295
bottle 0.0015 168 144 191 189
bottle 0.0012 174 200 199 243
bottle 0.0011 164 129 199 196
bottle 0.0010 149 242 170 285
bottle 0.0010 148 188 204 252
bottle 0.0010 -1 380 19 489
chair 0.1528 251 329 340 503
chair 0.0031 62 317 276 497
chair 0.0025 66 401 250 499
chair 0.0018 7 479 84 500
chair 0.0010 151 355 344 498
sofa 0.0044 251 329 340 503
sofa 0.0042 13 381 259 500
diningtable 0.0022 251 329 340 503
diningtable 0.0014 -2 406 119 498
diningtable 0.0012 56 374 277 499
tvmonitor 0.0021 248 334 340 498
