person 0.9706 355 154 444 344
person 0.2166 473 131 499 227
person 0.0404 457 120 498 237
person 0.0339 480 248 500 333
person 0.0281 480 169 500 222
person 0.0116 478 132 499 178
person 0.0084 483 240 499 274
person 0.0081 476 171 500 300
person 0.0078 473 203 499 232
person 0.0076 481 148 499 208
person 0.0056 415 81 436 113
person 0.0052 400 153 423 194
person 0.0043 475 79 500 204
person 0.0037 481 213 500 254
person 0.0031 485 243 499 296
person 0.0029 442 183 501 240
person 0.0029 449 214 498 231
person 0.0019 349 125 394 261
person 0.0017 443 222 499 278
person 0.0015 397 144 417 181
person 0.0013 383 150 405 195
person 0.0013 442 151 499 293
person 0.0013 273 80 315 165
person 0.0013 412 162 443 200
person 0.0012 438 208 500 319
person 0.0011 455 239 491 270
person 0.0011 403 80 432 160
person 0.0011 368 142 410 206
person 0.0011 297 67 340 167
person 0.0010 421 180 448 209
person 0.0010 403 152 456 206
person 0.0010 392 148 436 202
motorbike 0.0014 474 113 500 215
bird 0.0021 307 258 338 293
cat 0.0034 307 258 338 293
cat 0.0017 474 153 499 234
dog 0.0054 307 258 338 293
dog 0.0040 474 153 499 234
dog 0.0020 265 259 335 300
dog 0.0010 480 169 500 222
bottle 0.0703 480 248 500 333
bottle 0.0175 270 176 286 227
bottle 0.0117 303 134 327 174
bottle 0.0100 357 240 382 278
bottle 0.0074 263 189 285 230
bottle 0.0050 485 243 499 296
bottle 0.0050 483 240 499 274
bottle 0.0041 251 177 270 225
bottle 0.0031 95 334 117 373
bottle 0.0023 450 261 491 321
bottle 0.0022 415 291 458 323
bottle 0.0019 269 156 287 194
bottle 0.0017 285 128 309 174
bottle 0.0012 268 136 296 172
bottle 0.0010 411 283 453 312
bottle 0.0010 231 139 294 166
chair 0.6863 232 133 328 285
chair 0.4384 332 126 394 262
chair 0.2815 349 132 396 224
chair 0.2367 -5 159 149 382
chair 0.1211 290 132 384 264
chair 0.0891 242 126 284 143
chair 0.0582 335 125 370 160
chair 0.0524 383 137 407 181
chair 0.0437 380 125 406 156
chair 0.0306 220 127 261 150
chair 0.0275 287 120 309 161
chair 0.0266 214 125 261 188
chair 0.0228 377 126 408 193
chair 0.0213 328 124 351 165
chair 0.0161 209 134 236 174
chair 0.0157 357 123 397 153
chair 0.0155 260 103 304 168
chair 0.0141 318 125 364 182
chair 0.0137 268 93 300 133
chair 0.0128 353 151 443 319
chair 0.0118 253 127 307 154
chair 0.0105 363 133 389 177
chair 0.0102 199 121 240 231
chair 0.0086 231 139 294 166
chair 0.0083 222 134 255 170
chair 0.0081 225 130 287 185
chair 0.0076 308 173 352 263
chair 0.0068 315 126 366 229
chair 0.0067 335 118 383 132
chair 0.0060 268 136 296 172
chair 0.0052 206 132 284 287
chair 0.0051 350 117 400 133
chair 0.0047 442 221 494 235
chair 0.0047 249 117 277 136
chair 0.0047 278 126 324 182
chair 0.0045 223 133 261 271
chair 0.0044 383 150 405 195
chair 0.0043 362 144 386 204
chair 0.0040 279 100 310 169
chair 0.0040 281 91 306 136
chair 0.0039 368 142 410 206
chair 0.0039 215 128 241 159
chair 0.0037 254 124 342 239
chair 0.0030 273 154 354 274
chair 0.0029 473 203 499 232
chair 0.0028 258 124 302 186
chair 0.0027 189 128 261 260
chair 0.0025 300 125 328 165
chair 0.0023 329 120 400 191
chair 0.0022 480 248 500 333
chair 0.0021 449 214 498 231
chair 0.0020 474 153 499 234
chair 0.0020 397 144 417 181
chair 0.0019 353 200 394 274
chair 0.0016 406 279 432 313
chair 0.0015 289 119 381 201
chair 0.0015 481 213 500 254
chair 0.0015 398 120 417 161
chair 0.0014 235 133 283 222
chair 0.0013 290 137 337 219
chair 0.0013 450 261 491 321
chair 0.0012 376 115 405 135
chair 0.0012 207 153 240 278
chair 0.0012 457 120 498 237
chair 0.0011 480 169 500 222
chair 0.0010 455 239 491 270
sofa 0.9027 -5 159 149 382
sofa 0.0013 473 131 499 227
sofa 0.0012 42 158 201 371
pottedplant 0.1579 297 67 340 167
pottedplant 0.0612 260 85 305 153
pottedplant 0.0572 273 80 315 165
pottedplant 0.0503 265 55 333 160
pottedplant 0.0297 474 113 500 215
pottedplant 0.0076 478 132 499 178
pottedplant 0.0063 250 18 322 146
pottedplant 0.0056 268 93 300 133
pottedplant 0.0033 242 126 284 143
pottedplant 0.0032 380 125 406 156
pottedplant 0.0027 303 134 327 174
pottedplant 0.0026 281 91 306 136
pottedplant 0.0020 249 117 277 136
pottedplant 0.0019 225 101 328 173
pottedplant 0.0018 357 240 382 278
pottedplant 0.0015 278 96 350 180
pottedplant 0.0011 350 117 400 133
pottedplant 0.0011 457 120 498 237
pottedplant 0.0010 383 137 407 181
pottedplant 0.0010 376 115 405 135
pottedplant 0.0010 285 128 309 174
diningtable 0.2420 290 132 384 264
diningtable 0.1280 442 221 494 235
diningtable 0.1035 224 133 342 288
diningtable 0.0508 242 126 284 143
diningtable 0.0186 231 139 294 166
diningtable 0.0185 285 162 346 182
diningtable 0.0139 273 154 354 274
diningtable 0.0110 443 222 499 278
diningtable 0.0106 332 126 394 262
diningtable 0.0061 277 117 364 189
diningtable 0.0047 420 221 496 241
diningtable 0.0047 353 151 443 319
diningtable 0.0045 220 127 261 150
diningtable 0.0043 253 127 307 154
diningtable 0.0042 383 137 407 181
diningtable 0.0038 291 183 339 208
diningtable 0.0038 380 125 406 156
diningtable 0.0037 254 124 342 239
diningtable 0.0035 357 123 397 153
diningtable 0.0031 450 261 491 321
diningtable 0.0030 335 125 370 160
diningtable 0.0030 216 127 295 190
diningtable 0.0029 449 214 498 231
diningtable 0.0028 199 162 235 180
diningtable 0.0027 290 137 337 219
diningtable 0.0025 335 118 383 132
diningtable 0.0024 480 248 500 333
diningtable 0.0024 289 177 343 258
diningtable 0.0023 309 162 365 185
diningtable 0.0023 350 117 400 133
diningtable 0.0023 209 134 236 174
diningtable 0.0021 383 150 405 195
diningtable 0.0021 286 184 317 209
diningtable 0.0021 85 348 244 375
diningtable 0.0019 222 134 255 170
diningtable 0.0019 438 208 500 319
diningtable 0.0018 481 213 500 254
diningtable 0.0017 101 244 474 367
diningtable 0.0017 315 126 366 229
diningtable 0.0017 349 132 396 224
diningtable 0.0016 225 101 328 173
diningtable 0.0015 29 326 263 376
diningtable 0.0014 377 126 408 193
diningtable 0.0012 400 182 496 270
diningtable 0.0011 318 125 364 182
diningtable 0.0011 455 239 491 270
diningtable 0.0010 405 262 499 347
diningtable 0.0010 268 136 296 172
tvmonitor 0.0020 322 29 405 131
