person 0.0055 395 180 420 221
person 0.0029 435 187 457 223
person 0.0024 457 192 487 217
person 0.0017 416 183 440 223
person 0.0012 210 335 315 375
person 0.0012 369 218 458 322
cat 0.0015 122 276 161 296
dog 0.0050 210 335 315 375
cow 0.0012 12 237 306 380
bottle 0.0303 435 190 455 229
bottle 0.0092 342 163 366 196
bottle 0.0078 411 199 441 229
bottle 0.0072 416 183 440 223
bottle 0.0070 395 180 420 221
bottle 0.0054 381 199 406 224
bottle 0.0033 278 178 308 211
bottle 0.0021 335 192 376 214
bottle 0.0019 214 176 238 214
bottle 0.0013 321 166 353 194
bottle 0.0011 226 260 255 286
bottle 0.0010 356 193 388 214
bottle 0.0010 384 159 438 222
chair 0.7636 220 208 310 340
chair 0.5097 0 216 58 370
chair 0.2906 235 194 280 222
chair 0.2906 382 273 452 377
chair 0.1633 205 323 321 373
chair 0.0983 218 192 295 266
chair 0.0814 445 270 499 366
chair 0.0633 383 273 451 324
chair 0.0568 2 212 55 297
chair 0.0519 369 218 458 322
chair 0.0366 304 201 375 338
chair 0.0332 21 322 187 376
chair 0.0321 275 171 314 193
chair 0.0311 379 227 454 280
chair 0.0250 215 190 275 241
chair 0.0221 31 207 68 237
chair 0.0205 0 215 23 375
chair 0.0201 300 211 325 333
chair 0.0173 147 245 263 298
chair 0.0156 334 249 372 271
chair 0.0154 217 181 256 209
chair 0.0152 221 174 247 193
chair 0.0130 237 235 317 386
chair 0.0126 5 233 99 364
chair 0.0119 453 275 482 309
chair 0.0109 214 176 238 214
chair 0.0084 61 166 109 234
chair 0.0083 68 202 99 233
chair 0.0073 366 223 498 379
chair 0.0072 324 193 488 252
chair 0.0071 437 277 479 375
chair 0.0066 380 227 401 273
chair 0.0065 262 179 303 209
chair 0.0060 17 195 73 241
chair 0.0057 448 233 500 316
chair 0.0054 473 220 499 370
chair 0.0054 5 215 45 250
chair 0.0051 223 197 269 226
chair 0.0050 294 166 343 190
chair 0.0046 8 137 109 233
chair 0.0044 255 184 390 251
chair 0.0043 211 180 243 249
chair 0.0043 401 274 497 376
chair 0.0043 213 177 274 223
chair 0.0041 381 263 447 284
chair 0.0040 3 207 59 233
chair 0.0037 382 241 449 304
chair 0.0034 228 214 294 291
chair 0.0034 150 185 271 255
chair 0.0034 198 247 232 274
chair 0.0034 170 227 223 252
chair 0.0034 0 200 17 238
chair 0.0033 241 178 310 223
chair 0.0030 59 192 80 238
chair 0.0029 236 171 283 194
chair 0.0029 437 203 499 342
chair 0.0029 37 214 65 243
chair 0.0029 160 216 231 258
chair 0.0028 11 164 73 231
chair 0.0027 479 273 499 315
chair 0.0027 323 263 374 333
chair 0.0025 317 248 389 348
chair 0.0024 1 210 20 260
chair 0.0024 246 197 306 222
chair 0.0024 321 166 353 194
chair 0.0023 436 266 479 330
chair 0.0023 454 262 485 290
chair 0.0021 305 199 424 242
chair 0.0021 34 343 206 381
chair 0.0021 170 295 313 374
chair 0.0021 18 241 279 376
chair 0.0020 192 207 296 305
chair 0.0020 159 232 208 255
chair 0.0019 483 249 500 301
chair 0.0019 0 196 23 282
chair 0.0018 6 306 261 379
chair 0.0017 234 195 352 325
chair 0.0017 388 240 441 272
chair 0.0017 278 197 307 221
chair 0.0017 18 208 67 265
chair 0.0016 477 284 499 375
chair 0.0016 378 225 416 283
chair 0.0016 110 195 319 343
chair 0.0016 323 229 380 281
chair 0.0016 75 172 105 220
chair 0.0016 443 273 470 314
chair 0.0016 358 201 474 275
chair 0.0016 269 156 323 198
chair 0.0015 347 245 449 349
chair 0.0014 219 213 266 290
chair 0.0013 6 181 45 206
chair 0.0013 373 228 421 313
chair 0.0013 275 214 314 337
chair 0.0013 188 237 250 282
chair 0.0012 211 196 237 227
chair 0.0012 311 210 364 262
chair 0.0012 50 162 88 239
chair 0.0012 255 220 305 361
chair 0.0012 319 221 359 247
chair 0.0011 205 172 246 223
sofa 0.0969 12 237 306 380
sofa 0.0194 0 216 58 370
sofa 0.0019 235 194 280 222
sofa 0.0018 382 258 484 371
sofa 0.0011 217 208 311 369
sofa 0.0011 379 205 501 251
pottedplant 0.1019 275 171 314 193
pottedplant 0.0940 435 190 455 229
pottedplant 0.0849 9 79 106 222
pottedplant 0.0607 411 199 441 229
pottedplant 0.0310 278 178 308 211
pottedplant 0.0164 237 175 352 224
pottedplant 0.0153 268 174 320 222
pottedplant 0.0086 269 156 323 198
pottedplant 0.0081 321 166 353 194
pottedplant 0.0059 416 183 440 223
pottedplant 0.0059 294 166 343 190
pottedplant 0.0039 59 120 108 200
pottedplant 0.0036 381 199 406 224
pottedplant 0.0031 428 189 472 236
pottedplant 0.0030 48 134 93 227
pottedplant 0.0029 406 192 460 235
pottedplant 0.0025 323 263 374 333
pottedplant 0.0025 16 -1 157 227
pottedplant 0.0024 43 95 125 217
pottedplant 0.0024 9 149 71 209
pottedplant 0.0020 454 206 491 229
pottedplant 0.0019 61 166 109 234
pottedplant 0.0018 90 122 111 161
pottedplant 0.0017 395 180 420 221
pottedplant 0.0017 14 154 113 238
pottedplant 0.0016 356 193 388 214
pottedplant 0.0015 70 121 101 155
pottedplant 0.0015 335 192 376 214
pottedplant 0.0013 41 93 89 149
pottedplant 0.0013 63 84 107 155
pottedplant 0.0012 70 105 100 139
pottedplant 0.0012 321 185 358 213
pottedplant 0.0012 52 50 134 178
pottedplant 0.0011 384 159 438 222
diningtable 0.2495 12 237 306 380
diningtable 0.0454 324 177 493 360
diningtable 0.0406 380 220 496 314
diningtable 0.0405 305 199 424 242
diningtable 0.0263 314 211 396 331
diningtable 0.0167 324 193 488 252
diningtable 0.0156 228 203 316 331
diningtable 0.0147 382 258 484 371
diningtable 0.0127 255 184 390 251
diningtable 0.0104 238 176 400 349
diningtable 0.0095 301 198 446 271
diningtable 0.0054 375 209 493 264
diningtable 0.0051 225 184 336 263
diningtable 0.0043 323 202 383 220
diningtable 0.0024 315 193 394 231
diningtable 0.0024 6 306 261 379
diningtable 0.0021 22 191 467 401
diningtable 0.0019 3 207 59 233
diningtable 0.0019 147 245 263 298
diningtable 0.0018 397 223 460 239
diningtable 0.0017 67 256 285 337
diningtable 0.0016 261 174 372 226
diningtable 0.0015 2 215 48 370
diningtable 0.0014 440 251 498 373
diningtable 0.0013 419 220 486 238
diningtable 0.0012 1 212 57 265
diningtable 0.0011 318 208 386 266
diningtable 0.0011 323 229 380 281
diningtable 0.0011 450 221 495 238
tvmonitor 0.1580 384 159 438 222
tvmonitor 0.0187 395 180 420 221
tvmonitor 0.0121 3 0 113 228
tvmonitor 0.0111 1 83 104 162
tvmonitor 0.0054 363 158 459 228
tvmonitor 0.0033 399 148 462 207
tvmonitor 0.0010 416 183 440 223
