person 0.0019 478 66 500 324
person 0.0016 448 58 500 350
person 0.0015 484 66 500 208
person 0.0012 248 95 478 317
person 0.0011 481 -10 500 173
bicycle 0.0010 237 143 490 327
bird 0.8199 134 126 242 252
bird 0.6524 200 109 361 306
bird 0.0096 30 94 462 320
bird 0.0049 56 177 360 319
bird 0.0039 103 209 255 264
bird 0.0034 134 181 194 249
bird 0.0027 115 170 222 253
bird 0.0024 128 210 197 254
bird 0.0014 72 227 296 267
bottle 0.0013 405 287 429 331
chair 0.0014 248 95 478 317
diningtable 0.0013 148 24 498 315
