person 0.0138 0 201 11 272
person 0.0084 0 176 15 290
person 0.0075 95 192 115 231
person 0.0066 225 178 249 203
person 0.0063 0 234 14 273
person 0.0046 0 191 17 359
person 0.0039 1 182 14 245
person 0.0014 202 172 232 193
person 0.0011 186 173 221 193
person 0.0010 96 182 117 219
aeroplane 0.5838 77 135 504 309
aeroplane 0.0200 31 31 543 283
aeroplane 0.0127 214 172 485 294
aeroplane 0.0026 54 137 315 295
aeroplane 0.0014 186 173 221 193
aeroplane 0.0010 179 226 380 284
aeroplane 0.0010 4 73 367 311
chair 0.0011 0 234 14 273
