person 0.7105 173 59 407 336
person 0.0048 168 80 257 216
person 0.0041 159 75 277 296
person 0.0033 29 67 395 384
person 0.0021 165 71 351 238
person 0.0017 187 90 290 189
person 0.0012 199 113 251 168
person 0.0011 174 74 227 160
person 0.0010 188 73 248 137
car 0.0012 480 22 500 62
cat 0.0015 177 171 222 227
dog 0.0012 166 85 409 347
bottle 0.0031 223 94 247 135
bottle 0.0018 216 105 240 139
chair 0.0575 166 85 409 347
chair 0.0108 64 213 267 371
chair 0.0106 284 123 320 192
chair 0.0105 197 122 301 225
chair 0.0061 169 101 250 244
chair 0.0035 223 94 247 135
chair 0.0034 17 67 273 384
chair 0.0023 159 75 277 296
chair 0.0011 269 6 476 206
chair 0.0011 219 90 257 157
chair 0.0011 278 183 307 207
chair 0.0010 195 166 302 296
sofa 0.0033 130 66 439 368
sofa 0.0023 64 213 267 371
diningtable 0.0012 102 137 469 374
diningtable 0.0011 64 213 267 371
tvmonitor 0.0017 274 -2 474 154
