person 0.2609 24 38 255 460
person 0.0972 129 98 264 474
person 0.0305 116 196 168 217
person 0.0104 120 170 160 199
person 0.0043 147 218 247 348
person 0.0031 171 214 264 307
person 0.0029 216 218 260 297
person 0.0023 99 193 152 215
person 0.0022 111 183 173 222
person 0.0022 114 155 162 208
person 0.0015 234 478 266 499
person 0.0015 -4 481 53 499
person 0.0015 132 205 186 221
person 0.0014 -3 455 117 499
person 0.0013 -3 479 24 499
person 0.0012 51 23 264 249
car 0.0025 116 196 168 217
bird 0.0191 61 34 254 471
bird 0.0011 26 160 145 237
cat 0.0018 24 38 255 460
dog 0.0973 24 38 255 460
dog 0.0086 51 23 264 249
dog 0.0084 135 172 264 484
horse 0.6103 143 199 265 506
horse 0.5081 53 13 262 407
horse 0.0035 6 158 268 485
horse 0.0025 133 116 262 389
horse 0.0023 22 140 153 223
horse 0.0016 9 25 173 230
horse 0.0014 143 216 215 350
sheep 0.0032 58 78 265 495
cow 0.0821 17 18 265 402
cow 0.0083 129 98 264 474
cow 0.0019 19 155 108 241
bottle 0.0073 184 467 213 497
chair 0.0029 116 196 168 217
