person 0.0127 13 1 413 336
person 0.0121 205 290 235 321
person 0.0023 116 43 284 193
person 0.0013 270 247 320 326
person 0.0010 479 62 500 287
bicycle 0.0075 270 221 378 330
bicycle 0.0059 166 213 413 338
car 0.0011 13 1 413 336
car 0.0010 29 163 471 325
boat 0.0011 59 13 445 322
bird 0.8692 252 26 371 234
bird 0.0125 105 4 469 336
bird 0.0010 205 290 235 321
cat 0.0028 395 8 442 74
cat 0.0027 252 26 371 234
dog 0.0043 252 26 371 234
bottle 0.0108 268 228 320 325
bottle 0.0054 239 286 264 329
bottle 0.0015 237 255 268 327
bottle 0.0012 39 229 67 267
bottle 0.0011 280 235 314 265
bottle 0.0010 287 251 313 290
chair 0.0524 277 218 390 332
chair 0.0029 259 223 336 329
chair 0.0020 356 221 385 249
chair 0.0020 318 261 380 328
chair 0.0013 267 169 461 334
chair 0.0011 0 51 52 346
chair 0.0011 35 214 102 330
chair 0.0010 343 224 372 247
sofa 0.0028 13 1 413 336
pottedplant 0.0013 59 13 445 322
diningtable 0.0104 277 218 390 332
diningtable 0.0057 29 163 471 325
diningtable 0.0045 59 13 445 322
diningtable 0.0010 103 226 390 330
tvmonitor 0.0521 397 78 482 164
tvmonitor 0.0119 161 248 276 332
tvmonitor 0.0029 0 174 19 329
tvmonitor 0.0020 12 176 103 333
tvmonitor 0.0016 0 52 26 297
tvmonitor 0.0011 4 181 39 324
tvmonitor 0.0010 0 51 52 346
tvmonitor 0.0010 263 219 379 330
