person 0.3866 355 56 396 178
person 0.2139 79 71 106 100
person 0.2056 343 61 413 213
person 0.1687 40 75 59 98
person 0.0141 42 60 63 97
person 0.0129 367 87 417 177
person 0.0100 365 56 412 131
person 0.0044 81 68 117 92
person 0.0035 339 57 382 174
person 0.0027 376 72 401 111
person 0.0026 28 98 73 122
person 0.0012 429 132 478 157
person 0.0012 363 70 390 113
person 0.0010 76 157 96 191
person 0.0010 397 114 419 153
bicycle 0.0013 79 71 106 100
bicycle 0.0011 429 132 478 157
car 0.0047 5 45 46 62
car 0.0011 32 41 65 65
motorbike 0.0016 79 71 106 100
bird 0.0025 76 157 96 191
dog 0.0075 79 71 106 100
dog 0.0013 40 75 59 98
dog 0.0011 429 132 478 157
horse 0.9430 339 101 418 237
horse 0.4487 79 71 106 100
horse 0.0205 40 75 59 98
horse 0.0104 77 96 128 119
horse 0.0089 372 91 416 206
horse 0.0044 81 68 117 92
horse 0.0036 91 82 156 101
horse 0.0035 121 102 167 119
horse 0.0034 35 101 99 120
horse 0.0032 94 100 158 118
horse 0.0027 75 67 124 106
horse 0.0026 340 113 375 225
horse 0.0025 347 106 396 184
horse 0.0019 28 98 73 122
horse 0.0018 105 85 183 101
horse 0.0017 37 76 92 99
horse 0.0017 33 107 176 156
horse 0.0014 43 75 145 117
horse 0.0014 347 53 410 205
horse 0.0014 76 157 96 191
horse 0.0013 374 133 415 232
horse 0.0012 118 114 141 148
horse 0.0011 48 110 141 174
horse 0.0010 39 91 174 132
horse 0.0010 65 114 209 169
cow 0.0056 79 71 106 100
chair 0.0012 429 132 478 157
