person 0.2694 156 52 488 382
person 0.0871 0 6 63 367
person 0.0411 -3 157 92 371
person 0.0266 169 72 349 372
person 0.0067 261 107 469 348
person 0.0030 22 6 413 382
person 0.0019 0 150 65 303
person 0.0018 441 15 501 359
person 0.0013 175 44 386 260
person 0.0010 0 25 24 254
car 0.0010 77 145 503 363
dog 0.0012 0 6 63 367
bottle 0.0283 297 100 335 176
bottle 0.0024 350 359 433 377
bottle 0.0019 293 101 364 209
bottle 0.0019 285 117 375 254
chair 0.0318 -3 157 92 371
chair 0.0058 479 197 499 353
chair 0.0036 0 6 63 367
chair 0.0034 4 161 81 271
chair 0.0025 148 238 421 376
chair 0.0016 326 230 416 363
chair 0.0015 472 171 499 305
chair 0.0015 156 52 488 382
chair 0.0015 441 15 501 359
chair 0.0013 262 156 469 369
chair 0.0011 0 175 45 367
sofa 0.1098 -3 157 92 371
sofa 0.0045 0 150 65 303
sofa 0.0045 0 6 63 367
sofa 0.0038 108 54 471 378
sofa 0.0030 0 175 45 367
sofa 0.0017 5 172 77 258
sofa 0.0013 4 170 177 358
sofa 0.0011 70 224 511 380
diningtable 0.0027 70 224 511 380
tvmonitor 0.0014 17 15 408 297
