person 0.0025 428 42 471 121
bird 0.0135 22 29 113 135
bird 0.0019 8 9 120 186
cat 0.0011 20 25 111 148
dog 0.3493 84 109 345 310
dog 0.2031 209 50 448 284
dog 0.0177 20 25 111 148
dog 0.0099 330 48 455 292
dog 0.0068 148 57 357 195
dog 0.0016 7 18 117 229
dog 0.0013 428 42 471 121
horse 0.0195 209 50 448 284
horse 0.0124 164 59 314 147
horse 0.0118 148 57 357 195
sheep 0.3582 20 25 111 148
sheep 0.1580 84 109 345 310
sheep 0.0237 7 18 117 229
sheep 0.0199 209 50 448 284
sheep 0.0061 63 113 231 286
sheep 0.0016 168 60 276 141
sheep 0.0011 18 31 169 288
sheep 0.0010 365 109 431 280
cow 0.2161 127 44 446 296
cow 0.1609 84 109 345 310
cow 0.0067 275 48 452 283
cow 0.0049 20 25 111 148
cow 0.0021 164 59 314 147
cow 0.0020 148 57 357 195
cow 0.0014 12 16 163 178
