person 0.0503 218 -2 424 391
person 0.0062 207 149 234 194
person 0.0012 42 -5 388 379
person 0.0011 201 131 240 191
cat 0.0030 220 -2 406 392
dog 0.4686 211 2 387 384
dog 0.0011 221 15 422 218
horse 0.0075 220 -2 406 392
sheep 0.0010 473 196 499 224
cow 0.0845 215 36 388 386
chair 0.0012 486 83 500 119
pottedplant 0.0921 387 149 498 229
pottedplant 0.0262 276 0 451 172
pottedplant 0.0021 359 3 505 209
pottedplant 0.0020 435 75 457 95
pottedplant 0.0010 337 30 412 191
tvmonitor 0.0011 435 75 457 95
