person 0.0167 0 15 34 260
bird 0.0409 0 15 34 260
bird 0.0024 38 18 466 345
cat 0.0126 0 10 33 236
dog 0.0048 0 15 34 260
horse 0.0084 38 18 466 345
horse 0.0020 0 15 34 260
sheep 0.8357 38 18 466 345
sheep 0.2368 0 15 34 260
sheep 0.0489 16 164 75 235
sheep 0.0363 0 112 24 317
sheep 0.0138 0 135 46 258
sheep 0.0066 4 -3 106 304
sheep 0.0054 127 48 438 265
sheep 0.0026 0 40 46 394
sheep 0.0021 408 165 497 288
sheep 0.0019 0 188 14 250
sheep 0.0017 12 108 83 252
sheep 0.0016 91 128 325 323
sheep 0.0012 383 80 500 295
cow 0.0098 0 15 34 260
cow 0.0047 0 112 24 317
