person 0.3041 237 327 253 373
person 0.0264 231 316 250 365
person 0.0083 8 327 33 350
person 0.0063 119 328 152 348
person 0.0044 129 341 153 379
person 0.0029 235 323 269 377
person 0.0024 107 326 139 345
person 0.0019 60 321 98 339
person 0.0018 140 324 158 348
person 0.0011 300 302 310 372
bicycle 0.5922 -1 353 51 440
bicycle 0.0448 237 327 253 373
bicycle 0.0242 -5 348 94 435
bicycle 0.0140 8 327 33 350
bicycle 0.0091 -1 303 40 416
bicycle 0.0073 10 349 74 404
bicycle 0.0067 -1 336 40 364
bicycle 0.0029 18 346 146 434
bicycle 0.0026 2 358 43 393
bicycle 0.0020 107 326 139 345
bicycle 0.0012 -4 350 26 439
bicycle 0.0012 6 367 38 417
bicycle 0.0011 235 323 269 377
car 0.0109 107 326 139 345
car 0.0066 119 328 152 348
car 0.0055 16 342 147 411
car 0.0052 8 327 33 350
car 0.0025 60 306 95 336
car 0.0023 140 324 158 348
car 0.0014 60 321 98 339
motorbike 0.0018 8 327 33 350
motorbike 0.0014 237 327 253 373
bus 0.0035 283 127 335 509
bus 0.0013 235 59 331 437
train 0.0018 283 127 335 509
chair 0.0102 126 355 153 389
chair 0.0052 30 354 92 423
chair 0.0048 4 349 118 430
chair 0.0027 62 356 94 396
chair 0.0023 97 359 132 395
chair 0.0017 10 349 74 404
chair 0.0014 112 347 156 395
chair 0.0011 56 351 105 406
chair 0.0010 8 327 33 350
chair 0.0010 32 355 86 392
chair 0.0010 65 376 92 409
sofa 0.0188 16 342 147 411
pottedplant 0.0145 8 327 33 350
pottedplant 0.0042 107 326 139 345
pottedplant 0.0035 129 341 153 379
pottedplant 0.0034 119 328 152 348
pottedplant 0.0020 114 330 155 388
pottedplant 0.0013 60 306 95 336
pottedplant 0.0011 140 324 158 348
diningtable 0.0048 11 345 150 409
