person 0.0014 12 76 411 354
bird 0.2103 16 131 257 274
bird 0.1023 245 58 480 284
bird 0.0779 12 76 411 354
bird 0.0311 183 90 401 261
bird 0.0061 284 87 388 135
bird 0.0056 202 118 243 171
bird 0.0056 394 66 500 288
bird 0.0017 114 109 234 162
bird 0.0016 348 67 453 203
bird 0.0015 203 128 240 205
bird 0.0013 4 30 264 254
cat 0.0070 16 115 256 265
dog 0.0024 16 115 256 265
sheep 0.0413 16 131 257 274
sheep 0.0064 12 76 411 354
chair 0.0055 12 76 411 354
sofa 0.0058 12 76 411 354
pottedplant 0.0052 0 111 62 235
pottedplant 0.0032 0 75 118 270
pottedplant 0.0026 12 76 411 354
pottedplant 0.0023 394 66 500 288
pottedplant 0.0019 0 130 26 241
pottedplant 0.0018 390 255 477 349
pottedplant 0.0014 16 131 257 274
pottedplant 0.0013 -1 243 132 352
