person 0.0034 92 32 484 346
person 0.0026 12 71 257 239
car 0.0023 246 140 280 172
bird 0.7986 210 145 453 324
bird 0.4348 12 71 257 239
bird 0.0399 382 141 482 299
bird 0.0394 230 201 426 310
bird 0.0285 65 90 195 144
bird 0.0266 179 77 256 231
bird 0.0239 88 157 490 368
bird 0.0144 71 91 204 195
bird 0.0124 -13 29 282 340
bird 0.0105 58 124 211 232
bird 0.0071 84 204 415 331
bird 0.0069 26 139 313 302
bird 0.0067 70 80 258 157
bird 0.0059 3 151 108 222
bird 0.0059 166 39 495 348
bird 0.0048 90 103 234 172
bird 0.0047 383 144 480 213
bird 0.0045 3 256 82 368
bird 0.0031 123 90 285 260
bird 0.0028 -2 136 185 222
bird 0.0021 280 182 433 256
bird 0.0019 74 201 266 262
bird 0.0018 311 156 490 342
bird 0.0018 263 259 380 331
bird 0.0017 300 262 435 326
bird 0.0013 328 280 379 307
bird 0.0012 9 104 182 190
bird 0.0012 298 274 373 318
bird 0.0011 103 124 261 221
bird 0.0011 270 268 333 316
cat 0.0052 62 96 191 144
dog 0.0058 62 96 191 144
horse 0.0040 30 161 469 365
horse 0.0010 62 96 191 144
sheep 0.0491 3 151 108 222
sheep 0.0125 2 262 80 368
sheep 0.0064 0 199 21 241
sheep 0.0058 0 171 26 264
sheep 0.0054 0 114 114 192
sheep 0.0047 0 86 59 143
sheep 0.0044 0 176 29 219
sheep 0.0039 30 161 469 365
sheep 0.0032 -1 167 104 259
sheep 0.0024 32 166 104 214
sheep 0.0022 36 203 315 328
sheep 0.0020 -1 124 52 183
sheep 0.0018 0 203 86 328
sheep 0.0017 0 254 26 378
sheep 0.0017 0 128 28 227
sheep 0.0015 0 185 48 249
sheep 0.0015 0 202 26 298
sheep 0.0014 102 216 241 307
sheep 0.0014 62 96 191 144
sheep 0.0013 0 169 52 220
sheep 0.0012 0 62 27 178
sheep 0.0010 -1 85 63 207
cow 0.0019 62 96 191 144
cow 0.0019 3 256 82 368
cow 0.0013 30 161 469 365
chair 0.0019 9 90 254 257
