person 0.7320 88 13 415 429
person 0.1274 315 133 428 245
person 0.0560 295 43 451 247
person 0.0334 286 119 451 410
person 0.0273 228 38 427 347
person 0.0165 54 146 127 241
person 0.0131 306 251 504 427
person 0.0113 339 154 382 235
person 0.0105 113 28 237 260
person 0.0102 309 107 487 271
person 0.0085 348 154 373 191
person 0.0084 343 185 471 255
person 0.0075 208 79 502 441
person 0.0050 208 268 369 423
person 0.0049 0 14 27 146
person 0.0048 387 193 440 240
person 0.0033 7 -4 352 322
person 0.0031 184 299 469 444
person 0.0030 392 264 499 399
person 0.0030 356 156 460 240
person 0.0024 14 162 119 264
person 0.0023 346 183 394 248
person 0.0023 223 3 438 213
person 0.0019 306 99 419 209
person 0.0019 -1 49 49 145
person 0.0019 117 26 318 355
person 0.0019 345 142 406 214
person 0.0018 330 160 355 188
person 0.0018 63 30 198 252
person 0.0016 359 212 383 252
person 0.0014 2 8 21 42
person 0.0014 -13 61 303 462
person 0.0013 9 41 162 244
person 0.0012 0 55 25 99
person 0.0012 205 377 248 448
person 0.0011 123 203 367 403
person 0.0010 373 198 495 266
person 0.0010 304 63 339 96
bicycle 0.0020 0 166 123 347
bicycle 0.0016 0 195 60 325
bicycle 0.0015 0 260 56 319
car 0.0018 10 17 103 108
car 0.0017 17 48 411 477
car 0.0016 0 28 54 99
car 0.0013 277 14 463 209
motorbike 0.0186 0 195 60 325
motorbike 0.0155 0 166 123 347
motorbike 0.0068 355 53 457 154
motorbike 0.0045 99 52 466 460
motorbike 0.0040 0 238 54 308
motorbike 0.0025 311 18 482 197
motorbike 0.0022 0 204 29 303
motorbike 0.0016 392 51 486 167
motorbike 0.0016 0 235 24 265
motorbike 0.0015 0 207 60 260
bird 0.0154 205 377 248 448
cat 0.0070 220 288 345 405
cat 0.0066 387 193 440 240
cat 0.0024 205 377 248 448
cat 0.0016 344 142 445 245
cat 0.0014 392 264 499 399
dog 0.8039 37 226 242 444
dog 0.0314 16 142 408 455
dog 0.0197 342 148 444 242
dog 0.0105 387 193 440 240
dog 0.0087 21 190 154 354
dog 0.0081 343 185 471 255
dog 0.0064 97 217 307 399
dog 0.0048 218 298 346 397
dog 0.0044 380 198 497 270
dog 0.0039 0 196 93 318
dog 0.0034 135 250 370 432
dog 0.0023 14 162 119 264
dog 0.0017 359 212 383 252
dog 0.0016 309 107 487 271
dog 0.0015 392 264 499 399
dog 0.0014 205 377 248 448
dog 0.0013 346 183 394 248
dog 0.0012 49 227 194 353
dog 0.0010 47 294 164 362
sheep 0.0011 205 377 248 448
bottle 0.0662 218 298 346 397
bottle 0.0105 359 212 383 252
bottle 0.0079 0 10 23 109
bottle 0.0067 318 42 342 71
bottle 0.0030 2 8 21 42
bottle 0.0027 54 146 127 241
bottle 0.0022 348 154 373 191
bottle 0.0021 10 17 103 108
bottle 0.0020 362 136 383 178
bottle 0.0019 0 35 16 93
bottle 0.0016 301 42 338 79
bottle 0.0016 1 9 18 69
bottle 0.0013 304 63 339 96
bottle 0.0012 46 86 136 217
bottle 0.0012 -1 46 55 109
bottle 0.0012 123 106 150 138
bottle 0.0011 0 55 25 99
bottle 0.0011 95 141 131 176
bottle 0.0010 392 264 499 399
chair 0.0099 17 48 411 477
chair 0.0029 380 198 497 270
chair 0.0024 52 -7 380 330
chair 0.0023 74 152 496 439
sofa 0.0648 17 48 411 477
sofa 0.0098 74 152 496 439
sofa 0.0024 380 198 497 270
sofa 0.0021 96 6 402 318
sofa 0.0015 306 251 504 427
pottedplant 0.0248 295 43 451 247
pottedplant 0.0195 355 53 457 154
pottedplant 0.0109 10 14 163 210
pottedplant 0.0019 392 51 486 167
pottedplant 0.0015 329 112 385 167
pottedplant 0.0011 256 -3 469 166
