person 0.8892 236 63 330 150
person 0.8490 218 129 434 373
person 0.8285 55 81 157 231
person 0.8197 120 77 200 210
person 0.8181 398 124 500 373
person 0.7899 0 136 119 322
person 0.6732 36 306 208 370
person 0.6576 339 66 401 175
person 0.6507 172 71 246 171
person 0.4842 383 75 446 273
person 0.2218 384 63 482 325
person 0.1639 212 58 298 153
person 0.0757 0 129 11 191
person 0.0471 0 132 17 218
person 0.0338 0 132 60 265
person 0.0316 329 74 421 285
person 0.0258 1 157 185 360
person 0.0230 0 136 23 290
person 0.0183 210 49 261 122
person 0.0150 204 63 250 139
person 0.0122 109 67 234 240
person 0.0118 177 153 322 369
person 0.0105 440 130 498 319
person 0.0096 -1 141 67 375
person 0.0086 318 87 402 228
person 0.0076 1 64 136 250
person 0.0072 478 127 499 345
person 0.0070 232 119 348 243
person 0.0057 21 228 250 365
person 0.0053 75 86 427 375
person 0.0052 249 80 383 152
person 0.0050 342 74 442 208
person 0.0047 225 88 339 196
person 0.0047 247 80 308 146
person 0.0043 171 62 331 236
person 0.0041 238 66 413 241
person 0.0041 0 133 56 188
person 0.0039 -1 134 97 227
person 0.0036 163 292 253 368
person 0.0036 0 258 53 370
person 0.0036 -1 246 103 358
person 0.0034 194 103 300 195
person 0.0033 216 81 257 151
person 0.0032 3 218 88 328
person 0.0030 218 190 290 357
person 0.0026 0 90 15 194
person 0.0025 132 81 278 282
person 0.0024 1 300 108 373
person 0.0023 280 235 304 266
person 0.0022 177 73 234 134
person 0.0021 267 86 330 143
person 0.0021 268 111 390 199
person 0.0021 0 54 11 103
person 0.0021 475 36 500 244
person 0.0020 240 58 282 147
person 0.0017 131 76 188 129
person 0.0016 116 79 178 150
person 0.0015 471 130 499 230
person 0.0015 30 271 225 347
person 0.0014 474 222 499 365
person 0.0013 350 122 394 230
person 0.0013 97 108 187 241
person 0.0012 263 33 539 352
person 0.0011 0 186 16 241
person 0.0011 286 75 334 132
person 0.0011 0 231 23 324
person 0.0011 0 283 18 374
person 0.0011 376 100 417 249
person 0.0011 157 79 198 162
person 0.0010 12 154 155 278
person 0.0010 339 80 369 113
person 0.0010 374 76 401 116
person 0.0010 216 92 238 141
bottle 0.4640 142 216 162 263
bottle 0.1048 33 290 58 335
bottle 0.1005 27 288 65 371
bottle 0.0731 0 258 53 370
bottle 0.0389 18 324 66 373
bottle 0.0384 0 283 18 374
bottle 0.0273 29 252 63 336
bottle 0.0240 49 294 70 329
bottle 0.0124 164 206 199 307
bottle 0.0123 131 185 161 253
bottle 0.0068 -1 246 103 358
bottle 0.0055 29 235 72 311
bottle 0.0042 13 304 208 372
bottle 0.0031 15 335 50 372
bottle 0.0027 1 300 108 373
bottle 0.0022 269 218 296 255
bottle 0.0021 138 215 164 286
bottle 0.0021 51 260 151 331
bottle 0.0020 23 354 61 373
bottle 0.0019 241 144 271 173
bottle 0.0016 218 149 251 173
bottle 0.0014 -1 253 51 307
bottle 0.0012 220 195 257 234
bottle 0.0012 243 160 271 192
bottle 0.0011 0 242 22 350
bottle 0.0011 166 209 194 250
bottle 0.0010 32 233 62 262
chair 0.4033 423 321 482 373
chair 0.3090 433 238 498 372
chair 0.1438 429 130 501 371
chair 0.1224 212 50 261 151
chair 0.0945 416 298 497 367
chair 0.0505 227 102 251 147
chair 0.0357 421 327 454 373
chair 0.0191 476 257 499 364
chair 0.0171 441 126 498 264
chair 0.0155 452 328 481 371
chair 0.0150 249 98 274 141
chair 0.0132 290 97 333 130
chair 0.0128 0 138 14 209
chair 0.0109 121 75 198 231
chair 0.0107 233 70 330 155
chair 0.0093 478 127 499 345
chair 0.0091 365 165 388 193
chair 0.0067 0 133 56 188
chair 0.0061 454 135 499 222
chair 0.0060 130 183 154 223
chair 0.0059 0 136 23 290
chair 0.0057 419 270 482 352
chair 0.0054 388 196 437 270
chair 0.0053 279 105 323 136
chair 0.0052 369 189 393 233
chair 0.0047 486 277 500 348
chair 0.0046 485 243 499 307
chair 0.0046 163 123 194 193
chair 0.0042 477 324 499 375
chair 0.0040 224 219 434 370
chair 0.0034 170 119 190 160
chair 0.0034 0 168 15 219
chair 0.0032 408 270 456 354
chair 0.0032 247 80 308 146
chair 0.0031 475 36 500 244
chair 0.0031 485 304 500 365
chair 0.0031 267 86 330 143
chair 0.0030 39 303 204 370
chair 0.0030 235 88 285 148
chair 0.0029 216 92 238 141
chair 0.0028 263 102 293 140
chair 0.0027 280 235 304 266
chair 0.0025 430 200 464 274
chair 0.0025 172 69 244 201
chair 0.0024 0 132 60 265
chair 0.0023 405 212 433 251
chair 0.0023 260 178 303 255
chair 0.0022 163 292 253 368
chair 0.0022 487 221 500 288
chair 0.0022 321 107 355 132
chair 0.0021 409 305 461 369
chair 0.0020 0 186 16 241
chair 0.0019 5 133 52 155
chair 0.0018 195 63 281 172
chair 0.0018 485 186 500 242
chair 0.0014 242 127 273 157
chair 0.0014 158 177 261 259
chair 0.0014 131 185 161 253
chair 0.0014 480 27 499 134
chair 0.0013 484 90 500 141
chair 0.0013 447 164 498 310
chair 0.0012 159 133 268 230
chair 0.0012 45 223 76 250
chair 0.0012 0 154 101 308
chair 0.0012 0 283 18 374
chair 0.0012 269 218 296 255
chair 0.0011 396 192 476 355
chair 0.0011 416 318 447 352
chair 0.0011 412 272 439 308
chair 0.0011 452 318 490 349
chair 0.0011 452 132 495 154
chair 0.0011 409 326 430 373
chair 0.0011 393 239 434 309
chair 0.0010 408 183 453 282
chair 0.0010 213 117 234 158
chair 0.0010 393 102 467 262
sofa 0.0341 212 50 261 151
sofa 0.0230 233 70 330 155
sofa 0.0114 227 102 251 147
sofa 0.0093 195 63 281 172
sofa 0.0088 0 133 56 188
sofa 0.0077 440 130 498 319
sofa 0.0060 3 98 133 294
sofa 0.0054 194 103 300 195
sofa 0.0052 121 75 198 231
sofa 0.0044 238 66 413 241
sofa 0.0042 0 132 17 218
sofa 0.0040 268 111 390 199
sofa 0.0039 0 132 60 265
sofa 0.0038 172 69 244 201
sofa 0.0035 384 63 482 325
sofa 0.0033 36 75 166 240
sofa 0.0030 249 80 383 152
sofa 0.0030 249 98 274 141
sofa 0.0023 340 67 403 218
sofa 0.0022 454 135 499 222
sofa 0.0022 478 127 499 345
sofa 0.0020 290 97 333 130
sofa 0.0020 17 87 111 222
sofa 0.0019 142 63 264 237
sofa 0.0018 171 62 331 236
sofa 0.0017 0 129 11 191
sofa 0.0014 382 73 449 250
sofa 0.0014 206 78 508 384
sofa 0.0013 -1 134 97 227
sofa 0.0012 235 88 285 148
sofa 0.0010 -1 100 62 209
sofa 0.0010 224 219 434 370
pottedplant 0.0015 0 138 14 209
diningtable 0.1962 30 177 245 355
diningtable 0.0729 18 130 404 390
diningtable 0.0722 194 144 298 229
diningtable 0.0321 215 115 431 361
diningtable 0.0160 106 97 317 352
diningtable 0.0100 154 95 349 272
diningtable 0.0079 159 133 268 230
diningtable 0.0074 0 234 208 368
diningtable 0.0065 177 153 322 369
diningtable 0.0054 232 119 348 243
diningtable 0.0024 149 213 219 333
diningtable 0.0023 194 103 300 195
diningtable 0.0023 198 183 293 254
diningtable 0.0023 30 271 225 347
diningtable 0.0021 95 229 233 310
diningtable 0.0020 202 154 271 201
diningtable 0.0015 116 277 468 383
diningtable 0.0010 89 200 500 376
diningtable 0.0010 5 232 81 356
