person 0.6906 11 88 110 235
person 0.3415 19 76 102 177
person 0.0215 142 82 194 144
person 0.0109 22 85 104 136
person 0.0073 144 82 189 108
person 0.0043 169 105 196 138
person 0.0029 149 99 184 138
person 0.0019 47 78 84 113
person 0.0017 -1 114 70 234
person 0.0017 64 101 101 136
person 0.0016 0 83 26 194
person 0.0012 0 129 31 220
person 0.0010 108 92 193 229
bicycle 0.7867 119 99 202 231
bicycle 0.0422 137 121 189 227
bicycle 0.0336 72 77 210 246
bicycle 0.0176 122 100 167 218
bicycle 0.0142 6 78 173 245
bicycle 0.0069 94 155 185 238
bicycle 0.0060 14 160 163 241
bicycle 0.0047 104 84 191 167
bicycle 0.0037 125 145 171 236
bicycle 0.0036 28 115 146 232
bicycle 0.0033 144 98 190 170
bicycle 0.0030 129 151 154 194
bicycle 0.0027 142 82 194 144
bicycle 0.0016 109 90 175 144
car 0.0067 16 223 173 258
motorbike 0.0016 119 88 197 231
bird 0.0093 15 244 76 261
bird 0.0028 3 242 57 259
bird 0.0021 37 247 91 265
cat 0.0019 53 199 87 229
dog 0.0110 16 223 173 258
dog 0.0033 53 199 87 229
dog 0.0022 0 209 123 255
dog 0.0019 0 153 110 238
dog 0.0018 -3 191 141 239
dog 0.0013 52 190 117 232
chair 0.0079 11 109 120 232
