person 0.9397 189 25 243 264
person 0.9267 234 28 319 266
person 0.1659 79 101 186 397
person 0.1542 342 132 373 197
person 0.1299 356 133 374 192
person 0.0822 354 126 373 167
person 0.0063 59 228 181 394
person 0.0044 159 95 229 249
person 0.0024 349 121 375 182
person 0.0018 74 53 218 313
person 0.0017 117 114 187 236
car 0.0026 342 145 372 180
bird 0.7639 70 102 178 397
bird 0.0039 117 114 187 236
bird 0.0014 114 117 149 174
dog 0.0048 59 228 181 394
dog 0.0010 79 101 186 397
horse 0.0395 67 220 173 382
horse 0.0026 342 132 373 197
horse 0.0012 79 101 186 397
sheep 0.0158 65 216 173 390
cow 0.0031 79 101 186 397
cow 0.0023 65 216 173 390
bottle 0.0021 115 116 151 208
chair 0.0585 342 132 373 197
chair 0.0055 356 133 374 192
chair 0.0011 345 131 370 166
diningtable 0.0038 341 159 372 196
diningtable 0.0018 342 145 372 180
diningtable 0.0012 356 133 374 192
