person 0.0080 10 38 498 340
person 0.0046 479 131 500 226
person 0.0034 416 103 451 178
person 0.0019 419 109 442 159
person 0.0011 484 118 499 168
bicycle 0.0022 479 115 500 210
car 0.0528 196 37 449 194
car 0.0098 28 5 476 314
car 0.0013 79 42 204 159
car 0.0012 64 115 102 132
car 0.0012 -2 119 94 209
car 0.0011 78 -28 498 191
car 0.0010 146 47 183 80
motorbike 0.7160 10 38 498 340
motorbike 0.0010 60 47 297 323
chair 0.0016 479 131 500 226
chair 0.0012 196 37 449 194
pottedplant 0.0069 0 130 92 214
pottedplant 0.0013 5 -2 106 84
tvmonitor 0.0047 196 37 449 194
