person 0.0018 277 277 311 303
person 0.0017 330 284 352 304
bicycle 0.1757 267 225 292 259
bicycle 0.0822 251 239 281 261
bicycle 0.0510 292 235 314 269
bicycle 0.0151 286 222 307 262
bicycle 0.0043 249 223 270 259
bicycle 0.0028 252 218 302 262
bicycle 0.0011 277 277 311 303
car 0.0072 0 176 15 211
car 0.0036 44 184 86 209
bird 0.0126 277 277 311 303
bird 0.0020 330 284 352 304
bird 0.0019 143 277 178 298
chair 0.0256 260 233 294 263
chair 0.0190 292 235 314 269
chair 0.0101 251 239 281 261
chair 0.0058 249 223 270 259
chair 0.0031 286 222 307 262
chair 0.0018 296 237 323 267
chair 0.0017 277 277 311 303
pottedplant 0.5555 95 272 130 303
pottedplant 0.4609 103 260 137 298
pottedplant 0.1043 126 258 149 295
pottedplant 0.0626 84 266 135 309
pottedplant 0.0210 143 277 178 298
pottedplant 0.0141 136 275 165 299
pottedplant 0.0121 3 254 114 329
pottedplant 0.0116 41 265 99 316
pottedplant 0.0114 114 251 166 298
pottedplant 0.0094 330 284 352 304
pottedplant 0.0069 110 170 140 289
pottedplant 0.0043 113 242 142 269
pottedplant 0.0037 68 272 107 308
pottedplant 0.0030 102 212 145 303
pottedplant 0.0025 89 239 124 264
pottedplant 0.0024 87 225 124 251
pottedplant 0.0020 115 211 135 262
pottedplant 0.0016 33 260 139 319
pottedplant 0.0016 126 244 152 272
pottedplant 0.0016 292 235 314 269
pottedplant 0.0015 76 253 189 328
pottedplant 0.0013 296 237 323 267
pottedplant 0.0010 56 250 122 305
pottedplant 0.0010 51 290 80 320
diningtable 0.0011 267 225 292 259
