person 0.0258 50 3 445 301
person 0.0015 243 136 396 308
person 0.0010 2 -5 180 308
cat 0.1507 50 3 445 301
cat 0.0108 87 67 342 293
cat 0.0027 243 136 396 308
cat 0.0014 1 -27 294 328
dog 0.3263 50 3 445 301
dog 0.0260 262 167 381 301
dog 0.0082 87 67 342 293
dog 0.0068 188 144 388 304
dog 0.0028 3 139 419 370
chair 0.0243 50 3 445 301
chair 0.0017 300 -4 502 144
sofa 0.1168 66 -8 503 317
sofa 0.0117 -11 58 432 378
sofa 0.0026 -26 0 379 129
sofa 0.0017 27 211 471 365
sofa 0.0016 300 -4 502 144
sofa 0.0012 -15 -19 376 252
