person 0.8761 47 23 448 331
person 0.0561 0 -24 52 349
person 0.0241 -1 -11 103 338
person 0.0234 199 -9 510 336
person 0.0138 -2 -7 219 335
person 0.0069 0 139 21 255
person 0.0039 0 10 25 261
person 0.0037 473 161 500 275
person 0.0029 443 -15 500 339
person 0.0021 10 -4 181 197
person 0.0015 65 6 215 227
person 0.0012 390 0 500 328
person 0.0011 85 -19 490 216
person 0.0011 193 6 460 177
motorbike 0.0023 473 161 500 275
bottle 0.0051 0 139 21 255
bottle 0.0018 473 161 500 275
chair 0.0424 -4 7 363 338
chair 0.0030 10 -4 181 197
chair 0.0026 -1 -11 103 338
chair 0.0023 0 244 20 334
chair 0.0023 65 6 215 227
chair 0.0022 41 118 452 346
chair 0.0019 0 -24 52 349
chair 0.0019 193 6 460 177
chair 0.0018 87 9 488 269
chair 0.0018 0 170 19 327
chair 0.0014 0 139 21 255
chair 0.0013 183 5 320 39
chair 0.0011 473 161 500 275
chair 0.0010 65 -7 131 115
sofa 0.0405 21 17 413 333
sofa 0.0046 193 6 460 177
sofa 0.0030 -2 -7 219 335
sofa 0.0019 -1 -11 103 338
sofa 0.0018 85 -19 490 216
sofa 0.0016 69 123 488 347
sofa 0.0011 199 -9 510 336
sofa 0.0011 10 -4 181 197
sofa 0.0010 0 -24 52 349
tvmonitor 0.0013 76 -5 133 118
