person 0.0219 12 70 263 511
bird 0.9198 157 286 265 384
bird 0.0671 12 70 263 511
bird 0.0216 136 248 286 406
bird 0.0133 27 36 183 411
bird 0.0080 153 274 212 326
bird 0.0074 45 303 296 497
bird 0.0051 154 267 275 327
bird 0.0031 212 281 260 385
bird 0.0030 60 159 351 484
bird 0.0027 170 319 236 380
bird 0.0026 196 303 291 399
bird 0.0025 169 276 203 319
bird 0.0020 167 287 229 347
bird 0.0017 186 272 281 370
bird 0.0016 189 269 244 321
bird 0.0015 201 256 294 314
bird 0.0014 148 284 177 322
bird 0.0013 134 305 240 394
bird 0.0013 175 302 225 330
bird 0.0012 171 298 332 495
sheep 0.0036 16 39 257 470
cow 0.0013 16 39 257 470
pottedplant 0.0014 120 23 295 245
