person 0.0060 243 79 271 126
person 0.0044 134 242 185 295
person 0.0015 0 105 17 325
person 0.0012 0 122 9 190
cat 0.0012 243 79 271 126
cat 0.0010 241 212 273 255
dog 0.0084 243 79 271 126
dog 0.0016 13 207 117 306
bottle 0.1962 430 56 447 102
bottle 0.0197 442 65 463 105
bottle 0.0061 406 268 427 316
bottle 0.0033 0 122 9 190
bottle 0.0021 378 252 401 286
bottle 0.0017 137 274 181 296
chair 0.1269 430 227 501 329
chair 0.0197 442 220 492 284
chair 0.0129 432 283 499 331
chair 0.0114 9 194 197 319
chair 0.0079 381 197 486 305
chair 0.0049 5 222 26 324
chair 0.0036 378 252 401 286
chair 0.0031 236 199 322 308
chair 0.0026 9 215 109 323
chair 0.0025 275 249 322 326
chair 0.0024 272 303 314 325
chair 0.0024 475 235 500 316
chair 0.0021 239 211 311 255
chair 0.0020 58 171 335 325
chair 0.0014 -1 137 19 330
chair 0.0010 48 235 166 308
chair 0.0010 357 219 469 324
chair 0.0010 375 219 411 289
sofa 0.9662 46 171 316 318
sofa 0.0534 9 194 197 319
sofa 0.0066 401 223 502 329
sofa 0.0063 48 235 166 308
sofa 0.0038 13 207 117 306
sofa 0.0033 248 215 338 326
sofa 0.0013 73 185 257 280
sofa 0.0013 381 197 486 305
sofa 0.0010 275 249 322 326
pottedplant 0.0571 375 191 462 315
pottedplant 0.0275 390 239 441 309
pottedplant 0.0180 401 223 502 329
pottedplant 0.0168 397 259 433 321
pottedplant 0.0116 401 222 454 284
pottedplant 0.0105 378 252 401 286
pottedplant 0.0065 418 251 449 283
pottedplant 0.0065 406 268 427 316
pottedplant 0.0056 134 242 185 295
pottedplant 0.0053 387 198 442 267
pottedplant 0.0042 306 91 329 135
pottedplant 0.0038 383 240 406 278
pottedplant 0.0038 375 219 411 289
pottedplant 0.0032 385 196 414 222
pottedplant 0.0029 298 88 338 141
pottedplant 0.0019 395 254 427 290
pottedplant 0.0017 367 250 466 328
pottedplant 0.0017 415 242 448 274
pottedplant 0.0015 408 254 449 327
pottedplant 0.0014 436 259 499 326
pottedplant 0.0014 390 196 426 229
pottedplant 0.0013 9 215 109 323
pottedplant 0.0013 396 238 426 272
pottedplant 0.0012 377 243 418 302
pottedplant 0.0011 316 87 351 152
pottedplant 0.0011 147 267 184 291
pottedplant 0.0011 400 221 428 252
pottedplant 0.0010 5 222 26 324
pottedplant 0.0010 316 89 334 122
diningtable 0.0040 432 283 499 331
diningtable 0.0031 63 260 183 310
diningtable 0.0027 401 223 502 329
diningtable 0.0018 441 279 497 306
