person 0.0302 278 144 317 166
person 0.0247 319 143 351 165
person 0.0210 144 143 180 162
person 0.0149 124 142 165 161
person 0.0118 329 143 380 165
person 0.0086 310 131 358 153
person 0.0055 108 143 141 162
person 0.0035 339 126 370 158
person 0.0027 301 141 331 166
person 0.0019 255 144 310 163
person 0.0016 354 144 386 166
person 0.0012 362 115 385 159
person 0.0012 0 204 30 226
person 0.0011 35 186 56 235
person 0.0010 52 127 82 156
bicycle 0.0124 1 160 50 224
bicycle 0.0108 35 186 56 235
bicycle 0.0053 222 192 256 230
bicycle 0.0029 3 199 41 227
bicycle 0.0021 31 157 59 236
bicycle 0.0016 0 169 19 223
bicycle 0.0014 10 173 42 218
bicycle 0.0013 0 124 62 229
car 0.9799 38 135 241 229
car 0.9722 221 142 449 235
car 0.0992 454 185 491 211
car 0.0286 212 128 371 190
car 0.0276 444 182 471 206
car 0.0146 476 179 498 211
car 0.0060 10 124 104 228
car 0.0056 0 204 30 226
car 0.0040 76 79 420 212
car 0.0038 5 128 413 238
car 0.0035 412 187 452 210
car 0.0035 220 147 246 176
car 0.0034 224 140 358 221
car 0.0032 344 155 456 231
car 0.0031 105 127 233 188
car 0.0016 0 227 47 282
car 0.0015 385 175 452 227
car 0.0012 184 149 214 173
car 0.0012 162 144 197 166
car 0.0011 0 124 62 229
car 0.0010 453 197 496 220
motorbike 0.0069 0 204 30 226
motorbike 0.0025 1 160 50 224
bus 0.0791 454 185 491 211
bus 0.0377 476 179 498 211
bus 0.0230 444 182 471 206
bus 0.0117 483 159 499 209
bus 0.0102 76 79 420 212
bus 0.0078 441 169 469 197
bus 0.0028 448 172 501 213
bus 0.0028 451 172 487 198
bus 0.0023 87 80 413 146
bus 0.0014 412 187 452 210
train 0.0109 476 179 498 211
train 0.0089 483 159 499 209
train 0.0045 454 185 491 211
train 0.0017 19 69 411 166
boat 0.0014 480 112 499 205
bird 0.0094 117 244 178 271
bird 0.0072 128 236 187 264
bird 0.0050 112 260 178 275
bird 0.0017 136 226 187 254
bird 0.0013 182 222 228 252
bird 0.0011 389 309 501 364
bird 0.0011 387 245 430 266
cat 0.0017 96 221 353 288
dog 0.0089 96 221 353 288
dog 0.0064 136 226 187 254
dog 0.0055 182 222 228 252
dog 0.0022 114 228 185 271
dog 0.0014 391 312 497 369
dog 0.0012 222 192 256 230
dog 0.0011 159 225 195 250
sheep 0.0737 96 221 353 288
sheep 0.0735 387 245 430 266
sheep 0.0261 408 246 450 266
sheep 0.0157 454 255 495 290
sheep 0.0153 389 309 501 364
sheep 0.0150 427 249 483 266
sheep 0.0100 182 222 228 252
sheep 0.0076 315 245 353 278
sheep 0.0056 128 236 187 264
sheep 0.0050 478 264 500 310
sheep 0.0043 452 258 499 318
sheep 0.0042 136 226 187 254
sheep 0.0042 287 231 349 284
sheep 0.0039 117 244 178 271
sheep 0.0038 112 260 178 275
sheep 0.0036 213 222 354 284
sheep 0.0021 436 255 474 280
sheep 0.0021 476 251 499 372
sheep 0.0018 159 225 195 250
sheep 0.0017 364 226 423 240
sheep 0.0017 448 255 501 366
sheep 0.0016 426 222 486 240
sheep 0.0014 197 244 237 267
sheep 0.0010 222 220 251 251
sheep 0.0010 182 218 248 263
sheep 0.0010 409 315 491 343
cow 0.0032 118 222 372 284
tvmonitor 0.0014 32 130 242 225
