person 0.8945 371 0 497 226
person 0.0088 2 257 130 376
person 0.0053 481 38 499 236
person 0.0048 0 302 51 372
person 0.0040 259 3 477 217
person 0.0033 443 17 498 215
person 0.0027 206 -13 508 316
person 0.0018 481 126 499 225
person 0.0013 -17 73 441 377
car 0.0021 91 -22 487 317
motorbike 0.0025 71 170 507 374
boat 0.0036 91 -22 487 317
bird 0.0027 308 6 336 39
bird 0.0014 294 1 339 18
bird 0.0010 327 -1 378 18
cat 0.0153 249 39 349 211
cat 0.0044 157 40 352 233
dog 0.8317 243 39 354 207
dog 0.0107 157 40 352 233
dog 0.0052 31 165 468 372
dog 0.0015 246 31 349 94
cow 0.0010 71 170 507 374
chair 0.0133 481 126 499 225
chair 0.0073 243 39 354 207
chair 0.0056 441 71 501 230
chair 0.0045 359 4 503 271
chair 0.0029 489 139 500 221
chair 0.0023 424 76 452 167
chair 0.0022 481 38 499 236
chair 0.0014 481 118 500 313
chair 0.0010 71 170 507 374
sofa 0.0027 62 -4 445 383
sofa 0.0016 206 -13 508 316
pottedplant 0.0411 403 315 500 377
pottedplant 0.0011 336 315 469 377
diningtable 0.4331 71 170 507 374
diningtable 0.0496 -17 73 441 377
diningtable 0.0114 91 -22 487 317
diningtable 0.0069 281 154 464 286
diningtable 0.0020 136 134 432 311
diningtable 0.0012 303 158 499 369
diningtable 0.0011 364 227 504 377
