person 0.6350 79 -1 353 367
person 0.3797 12 -33 203 422
person 0.2534 241 7 491 394
person 0.0309 349 15 503 369
person 0.0135 137 234 351 369
person 0.0131 273 23 393 361
person 0.0042 386 228 502 370
person 0.0030 113 6 323 239
person 0.0024 -1 -20 53 404
person 0.0018 180 318 332 375
person 0.0014 276 12 446 227
person 0.0012 141 122 341 332
chair 0.1783 289 217 373 310
chair 0.1046 327 291 424 371
chair 0.0677 280 252 372 353
chair 0.0614 261 169 395 359
chair 0.0305 180 318 332 375
chair 0.0270 269 293 386 368
chair 0.0218 384 230 495 368
chair 0.0199 280 227 458 366
chair 0.0135 320 169 361 237
chair 0.0132 348 270 397 364
chair 0.0120 113 18 328 342
chair 0.0108 340 252 446 373
chair 0.0106 293 165 377 290
chair 0.0082 311 317 362 373
chair 0.0070 309 273 360 355
chair 0.0062 137 234 351 369
chair 0.0036 340 287 376 374
chair 0.0034 320 211 353 243
chair 0.0030 56 62 435 371
chair 0.0029 300 229 375 275
chair 0.0028 309 200 328 245
chair 0.0028 322 266 384 318
chair 0.0024 315 335 352 373
chair 0.0023 237 41 493 382
chair 0.0022 347 318 409 373
chair 0.0020 241 228 347 311
chair 0.0014 299 157 515 376
chair 0.0013 364 38 496 398
chair 0.0012 307 207 363 269
chair 0.0012 97 129 185 249
chair 0.0011 38 208 538 379
chair 0.0010 216 3 375 230
chair 0.0010 198 231 307 315
sofa 0.0920 79 -1 353 367
sofa 0.0229 180 318 332 375
sofa 0.0158 43 144 447 373
sofa 0.0076 137 234 351 369
sofa 0.0043 5 -24 265 404
sofa 0.0025 98 169 336 356
sofa 0.0012 97 129 185 249
sofa 0.0012 261 169 395 359
diningtable 0.0066 383 234 496 367
diningtable 0.0015 180 318 332 375
