person 0.7836 343 168 437 339
person 0.0014 363 236 385 274
person 0.0010 345 238 373 267
bicycle 0.6824 335 254 466 347
bicycle 0.2751 342 259 381 324
bicycle 0.0483 338 173 423 335
bicycle 0.0116 309 246 361 267
bicycle 0.0115 301 246 335 268
bicycle 0.0040 396 281 466 337
bicycle 0.0023 347 255 375 297
bicycle 0.0021 301 215 334 248
bicycle 0.0021 345 238 373 267
bicycle 0.0017 304 253 333 284
bicycle 0.0016 302 211 360 262
bicycle 0.0015 360 266 421 328
bicycle 0.0011 313 218 357 247
bicycle 0.0010 392 273 445 326
car 0.0029 111 124 225 184
car 0.0027 301 246 335 268
car 0.0013 302 211 360 262
car 0.0012 301 215 334 248
aeroplane 0.0042 19 -11 478 383
cat 0.0011 -1 -5 424 375
dog 0.0045 354 272 471 345
dog 0.0016 396 281 466 337
bottle 0.0024 398 279 431 316
chair 0.0011 354 272 471 345
