person 0.8085 373 47 499 382
person 0.5732 145 42 336 383
person 0.2102 337 132 362 198
person 0.0509 310 151 334 193
person 0.0441 311 50 330 87
person 0.0428 374 162 403 201
person 0.0425 408 135 431 171
person 0.0281 420 97 444 138
person 0.0236 329 159 352 200
person 0.0228 410 98 446 167
person 0.0210 413 123 439 164
person 0.0184 323 137 346 179
person 0.0156 329 178 354 206
person 0.0138 348 50 371 85
person 0.0115 481 171 500 377
person 0.0086 361 161 390 198
person 0.0077 339 126 360 161
person 0.0076 304 148 339 206
person 0.0072 483 78 500 317
person 0.0067 408 102 428 141
person 0.0055 285 62 312 88
person 0.0052 433 3 501 389
person 0.0046 287 -15 510 411
person 0.0041 123 58 225 376
person 0.0039 480 6 500 121
person 0.0036 402 130 436 194
person 0.0031 398 82 487 202
person 0.0027 282 157 437 371
person 0.0020 399 157 420 193
person 0.0019 261 68 395 381
person 0.0016 487 147 499 211
person 0.0013 385 48 405 84
person 0.0012 482 23 500 213
person 0.0011 334 49 351 88
person 0.0011 4 171 24 258
person 0.0010 442 -5 501 174
bird 0.0014 385 48 405 84
cat 0.0010 378 8 497 386
horse 0.0016 385 48 405 84
bottle 0.8890 26 158 45 245
bottle 0.2177 348 50 371 85
bottle 0.1465 4 171 24 258
bottle 0.1160 334 49 351 88
bottle 0.1061 311 50 330 87
bottle 0.0576 25 156 42 204
bottle 0.0370 32 179 48 244
bottle 0.0121 0 152 16 205
bottle 0.0094 93 155 108 189
bottle 0.0053 307 98 332 137
bottle 0.0046 0 209 17 255
bottle 0.0040 325 59 352 94
bottle 0.0034 1 132 22 228
bottle 0.0031 306 84 337 117
bottle 0.0030 385 48 405 84
bottle 0.0027 306 64 337 136
bottle 0.0023 116 177 139 224
bottle 0.0018 285 62 312 88
bottle 0.0017 271 1 311 57
bottle 0.0016 39 157 59 189
bottle 0.0015 374 162 403 201
bottle 0.0014 100 173 118 220
bottle 0.0012 77 152 99 180
bottle 0.0011 55 153 80 180
bottle 0.0010 318 102 351 138
bottle 0.0010 353 49 381 87
bottle 0.0010 25 211 43 248
chair 0.0725 287 215 368 370
chair 0.0476 1 278 45 373
chair 0.0234 319 219 359 280
chair 0.0092 329 178 354 206
chair 0.0065 374 176 402 206
chair 0.0049 122 245 153 377
chair 0.0047 255 217 415 374
chair 0.0043 272 211 331 376
chair 0.0026 299 221 336 368
chair 0.0019 355 185 403 209
chair 0.0017 130 42 321 383
chair 0.0016 314 218 358 328
chair 0.0011 342 146 366 201
chair 0.0011 361 161 390 198
chair 0.0010 99 223 329 370
chair 0.0010 411 136 438 166
sofa 0.0111 1 278 45 373
sofa 0.0043 120 42 371 380
sofa 0.0036 277 215 438 375
sofa 0.0013 287 215 368 370
pottedplant 0.0085 374 162 403 201
pottedplant 0.0013 348 50 371 85
pottedplant 0.0013 361 161 390 198
pottedplant 0.0012 329 178 354 206
diningtable 0.0063 329 178 354 206
diningtable 0.0041 355 185 403 209
diningtable 0.0031 336 200 407 222
diningtable 0.0029 1 278 45 373
diningtable 0.0026 316 191 407 259
diningtable 0.0013 340 169 408 215
diningtable 0.0013 374 176 402 206
diningtable 0.0011 329 159 352 200
tvmonitor 0.0140 -2 -2 108 48
tvmonitor 0.0067 120 67 176 124
tvmonitor 0.0016 6 -22 106 32
