person 0.0352 -41 4 463 361
person 0.0075 241 2 481 221
person 0.0058 0 1 131 216
person 0.0051 8 156 494 368
person 0.0042 480 64 499 217
person 0.0032 386 5 498 213
person 0.0026 469 106 500 242
person 0.0021 0 6 96 149
person 0.0012 486 110 500 168
car 0.0010 96 10 481 287
cat 0.0057 96 10 481 287
cat 0.0011 -1 22 135 256
cat 0.0010 1 144 122 250
dog 0.4111 96 10 481 287
dog 0.0142 241 2 481 221
dog 0.0062 0 -5 294 292
dog 0.0057 -26 76 453 362
dog 0.0039 0 1 136 156
dog 0.0038 -1 134 134 303
dog 0.0028 68 9 357 220
cow 0.0028 96 10 481 287
cow 0.0020 1 144 122 250
cow 0.0011 0 1 131 216
bottle 0.0012 254 335 278 373
chair 0.0191 96 10 481 287
chair 0.0033 241 2 481 221
chair 0.0032 386 5 498 213
chair 0.0023 4 -4 171 156
chair 0.0020 -1 22 135 256
chair 0.0010 268 325 474 375
chair 0.0010 61 299 518 371
sofa 0.1526 -2 5 423 290
sofa 0.0292 157 0 481 246
sofa 0.0098 0 1 131 216
sofa 0.0086 55 69 525 368
sofa 0.0026 12 222 489 369
sofa 0.0018 311 3 497 218
diningtable 0.0096 29 299 474 371
diningtable 0.0086 12 222 489 369
diningtable 0.0016 31 326 311 369
diningtable 0.0011 157 318 450 376
