person 0.0014 0 -8 417 401
cat 0.0035 76 6 495 311
chair 0.0036 258 334 415 394
chair 0.0035 272 291 402 391
chair 0.0033 85 305 186 397
chair 0.0025 11 306 173 397
chair 0.0023 377 308 497 391
chair 0.0014 120 304 216 398
chair 0.0012 33 279 316 402
chair 0.0012 148 289 433 396
diningtable 0.0023 0 -8 417 401
tvmonitor 0.1349 21 49 240 336
tvmonitor 0.0767 33 -1 465 319
tvmonitor 0.0407 201 25 513 304
tvmonitor 0.0106 311 16 472 310
tvmonitor 0.0043 230 31 350 281
tvmonitor 0.0019 263 283 388 368
tvmonitor 0.0015 189 131 393 334
tvmonitor 0.0013 54 11 269 243
