person 0.5864 90 121 278 379
person 0.3952 236 54 481 378
person 0.0307 55 74 368 388
person 0.0100 388 24 502 345
person 0.0044 188 284 291 375
person 0.0025 422 214 492 321
person 0.0021 482 64 500 103
person 0.0014 484 272 500 310
person 0.0014 478 47 500 268
person 0.0013 379 206 453 306
person 0.0011 172 82 332 379
person 0.0011 479 61 501 142
person 0.0010 366 214 501 369
bottle 0.0151 418 322 455 375
bottle 0.0126 453 302 501 374
bottle 0.0072 378 300 444 372
bottle 0.0023 383 298 442 326
bottle 0.0017 484 272 500 310
bottle 0.0014 485 248 500 301
bottle 0.0010 17 321 86 373
chair 0.2757 395 210 493 314
chair 0.2051 379 206 453 306
chair 0.0090 239 292 289 369
chair 0.0071 188 284 291 375
chair 0.0028 485 248 500 301
chair 0.0027 369 177 502 353
chair 0.0026 377 224 420 314
chair 0.0025 -4 318 109 371
chair 0.0022 432 165 499 306
chair 0.0021 229 94 252 137
chair 0.0019 254 60 469 368
chair 0.0015 357 204 439 337
chair 0.0015 163 354 278 375
chair 0.0014 442 215 497 299
chair 0.0014 219 294 347 373
chair 0.0013 388 24 502 345
chair 0.0011 0 49 115 386
chair 0.0011 384 194 409 241
sofa 0.0337 395 210 493 314
sofa 0.0052 379 206 453 306
sofa 0.0034 388 24 502 345
sofa 0.0029 -4 318 109 371
sofa 0.0027 369 177 502 353
sofa 0.0023 254 60 469 368
sofa 0.0010 0 49 115 386
pottedplant 0.0037 439 28 500 340
pottedplant 0.0011 160 296 287 375
pottedplant 0.0010 441 156 500 306
diningtable 0.0149 163 354 278 375
diningtable 0.0136 -3 317 105 375
diningtable 0.0101 378 306 451 375
diningtable 0.0045 160 296 287 375
diningtable 0.0042 399 312 506 376
diningtable 0.0026 249 301 402 372
diningtable 0.0019 64 281 352 377
diningtable 0.0015 219 294 347 373
diningtable 0.0015 388 24 502 345
diningtable 0.0012 77 305 267 374
diningtable 0.0010 389 251 494 356
tvmonitor 0.0011 118 10 459 386
