person 0.9945 2 17 108 361
person 0.4278 181 82 395 383
person 0.2363 281 11 527 372
person 0.0907 264 90 456 280
person 0.0487 398 140 492 226
person 0.0469 358 16 504 299
person 0.0210 68 215 136 363
person 0.0176 235 155 499 372
person 0.0172 301 142 410 230
person 0.0109 164 223 356 379
person 0.0075 290 96 393 218
person 0.0060 374 147 422 212
person 0.0050 32 -6 395 392
person 0.0047 401 158 496 283
person 0.0046 310 159 411 285
person 0.0044 0 33 21 243
person 0.0044 446 141 486 163
person 0.0030 433 34 500 410
person 0.0026 98 118 116 167
person 0.0021 479 115 499 313
person 0.0019 342 164 465 284
person 0.0017 0 118 16 351
person 0.0013 379 145 500 376
person 0.0012 54 123 93 187
person 0.0012 130 138 153 171
person 0.0012 419 139 491 164
person 0.0011 413 119 459 148
person 0.0011 333 213 479 315
person 0.0010 467 -1 500 133
bicycle 0.0023 219 223 503 374
bicycle 0.0017 130 138 153 171
bicycle 0.0011 110 137 148 168
bicycle 0.0010 145 135 185 167
car 0.8587 413 119 459 148
car 0.8149 175 136 232 175
car 0.1637 147 131 186 158
car 0.1111 419 139 491 164
car 0.0553 158 133 198 157
car 0.0262 137 133 192 172
car 0.0218 417 124 479 153
car 0.0187 177 135 227 157
car 0.0132 127 133 156 160
car 0.0127 130 138 153 171
car 0.0113 446 141 486 163
car 0.0107 398 140 492 226
car 0.0083 98 118 116 167
car 0.0056 131 129 230 177
car 0.0047 112 127 138 164
car 0.0032 402 125 486 191
car 0.0026 446 97 497 173
car 0.0023 194 133 239 154
car 0.0023 441 121 495 194
car 0.0011 381 120 488 162
motorbike 0.0083 198 219 459 376
motorbike 0.0055 172 121 483 387
motorbike 0.0019 280 36 522 401
bus 0.0055 413 119 459 148
bus 0.0010 147 131 186 158
cat 0.0045 68 215 136 363
dog 0.9246 68 215 136 363
dog 0.0110 85 215 133 266
dog 0.0055 78 263 129 351
dog 0.0025 51 220 231 367
dog 0.0014 122 236 235 347
dog 0.0012 26 182 156 364
horse 0.0012 212 68 508 386
bottle 0.0033 221 213 254 245
chair 0.2497 374 147 422 212
chair 0.1975 198 219 459 376
chair 0.0548 398 140 492 226
chair 0.0535 222 309 371 374
chair 0.0276 274 269 398 330
chair 0.0224 172 121 483 387
chair 0.0158 124 232 238 349
chair 0.0143 301 142 410 230
chair 0.0136 220 257 351 367
chair 0.0129 379 292 491 369
chair 0.0082 449 296 501 372
chair 0.0077 292 155 319 189
chair 0.0075 98 118 116 167
chair 0.0074 423 156 478 227
chair 0.0072 401 158 496 283
chair 0.0071 254 296 462 377
chair 0.0068 310 159 411 285
chair 0.0064 379 145 500 376
chair 0.0059 440 230 500 373
chair 0.0055 286 142 311 180
chair 0.0046 447 243 499 303
chair 0.0042 271 175 391 277
chair 0.0038 419 139 491 164
chair 0.0032 353 147 435 238
chair 0.0031 391 221 436 242
chair 0.0025 234 332 315 372
chair 0.0021 165 276 418 379
chair 0.0021 235 315 282 348
chair 0.0019 396 172 420 222
chair 0.0016 275 224 386 313
chair 0.0014 451 264 501 294
chair 0.0014 342 164 465 284
chair 0.0012 451 195 499 315
chair 0.0012 324 246 485 359
chair 0.0012 302 75 504 368
chair 0.0011 394 201 427 230
chair 0.0010 89 80 116 166
sofa 0.0038 387 136 482 225
sofa 0.0038 198 219 459 376
sofa 0.0018 172 121 483 387
pottedplant 0.0027 124 232 238 349
diningtable 0.0213 124 232 238 349
diningtable 0.0163 198 219 459 376
diningtable 0.0094 126 223 239 288
diningtable 0.0069 387 136 482 225
diningtable 0.0041 81 222 268 365
diningtable 0.0041 419 139 491 164
diningtable 0.0017 229 297 425 380
diningtable 0.0011 407 140 461 163
diningtable 0.0010 374 147 422 212
