person 0.6914 134 62 341 379
person 0.2518 19 109 38 158
person 0.1992 312 114 330 210
person 0.1529 386 103 410 182
person 0.1158 317 106 340 215
person 0.1070 274 110 293 170
person 0.0998 152 145 177 184
person 0.0898 0 107 19 161
person 0.0861 0 106 21 206
person 0.0742 81 143 101 184
person 0.0451 12 110 41 201
person 0.0402 266 135 291 174
person 0.0327 0 130 18 186
person 0.0320 397 100 475 227
person 0.0257 313 113 327 172
person 0.0247 94 152 119 191
person 0.0209 479 115 499 282
person 0.0187 475 84 499 200
person 0.0169 282 115 297 172
person 0.0154 255 123 275 163
person 0.0145 243 284 334 373
person 0.0144 324 106 341 168
person 0.0141 267 76 294 168
person 0.0127 2 105 43 245
person 0.0120 0 153 15 199
person 0.0097 137 148 179 198
person 0.0094 79 134 102 260
person 0.0093 19 160 41 193
person 0.0092 19 136 41 179
person 0.0091 109 149 133 182
person 0.0077 322 142 338 209
person 0.0070 321 96 340 141
person 0.0068 478 111 498 165
person 0.0064 399 88 502 299
person 0.0061 322 87 390 239
person 0.0061 0 169 14 231
person 0.0059 436 116 471 207
person 0.0057 44 113 63 163
person 0.0043 475 100 499 144
person 0.0042 386 102 409 138
person 0.0042 38 113 64 201
person 0.0038 450 83 499 156
person 0.0037 458 104 484 143
person 0.0036 486 142 500 208
person 0.0035 387 81 411 120
person 0.0035 273 96 290 155
person 0.0033 478 164 499 338
person 0.0032 108 36 264 349
person 0.0029 281 96 306 179
person 0.0028 4 99 43 153
person 0.0028 316 99 332 142
person 0.0027 120 160 300 366
person 0.0027 319 145 340 240
person 0.0026 125 -12 527 386
person 0.0026 0 156 27 237
person 0.0026 261 126 299 196
person 0.0024 432 116 499 276
person 0.0023 441 36 500 173
person 0.0023 79 143 103 208
person 0.0019 392 95 427 226
person 0.0018 186 326 255 373
person 0.0017 131 157 156 193
person 0.0017 398 65 504 178
person 0.0017 81 148 128 199
person 0.0015 486 164 500 227
person 0.0015 11 178 41 227
person 0.0015 42 126 62 183
person 0.0014 266 160 301 192
person 0.0013 366 120 388 164
person 0.0012 163 298 335 373
person 0.0011 128 158 165 231
person 0.0011 80 125 102 159
person 0.0011 37 106 60 139
person 0.0010 131 148 161 182
person 0.0010 125 132 173 194
person 0.0010 194 351 254 375
person 0.0010 190 135 212 174
person 0.0010 310 147 333 232
person 0.0010 396 82 418 119
person 0.0010 444 131 493 224
person 0.0010 339 98 377 131
bicycle 0.0031 266 135 291 174
bicycle 0.0021 97 220 320 372
bicycle 0.0011 255 123 275 163
car 0.0060 256 135 276 172
car 0.0058 266 160 301 192
car 0.0044 259 143 302 213
car 0.0034 266 135 291 174
car 0.0011 69 16 178 142
car 0.0010 388 216 422 243
motorbike 0.0176 122 230 365 371
motorbike 0.0020 435 116 499 283
motorbike 0.0010 399 88 502 299
train 0.0052 310 59 502 250
train 0.0027 321 84 390 238
train 0.0011 117 52 369 391
boat 0.0043 97 220 320 372
horse 0.0037 415 104 498 334
horse 0.0017 97 220 320 372
horse 0.0013 402 96 483 224
horse 0.0012 235 283 332 376
horse 0.0011 0 100 21 247
cow 0.0143 415 104 498 334
cow 0.0052 479 115 499 282
cow 0.0014 486 142 500 208
cow 0.0010 432 108 500 254
bottle 0.0109 322 97 391 248
bottle 0.0076 194 351 254 375
bottle 0.0038 99 230 119 275
bottle 0.0031 112 153 136 191
bottle 0.0030 147 151 178 191
bottle 0.0026 263 182 306 284
bottle 0.0025 131 157 156 193
bottle 0.0014 317 109 339 240
chair 0.1317 103 223 174 375
chair 0.1087 102 224 262 370
chair 0.0867 120 160 300 366
chair 0.0826 112 228 163 323
chair 0.0537 147 151 178 191
chair 0.0391 94 152 119 191
chair 0.0311 81 149 102 193
chair 0.0184 91 188 165 326
chair 0.0179 87 194 125 276
chair 0.0166 112 153 136 191
chair 0.0151 79 134 102 260
chair 0.0137 104 222 148 293
chair 0.0137 86 169 190 366
chair 0.0115 133 172 196 289
chair 0.0103 415 104 498 334
chair 0.0092 94 181 146 248
chair 0.0087 0 169 44 234
chair 0.0085 67 160 133 302
chair 0.0083 82 155 121 238
chair 0.0082 140 251 259 334
chair 0.0080 106 229 136 272
chair 0.0070 131 193 153 233
chair 0.0067 99 230 119 275
chair 0.0066 108 224 139 252
chair 0.0066 111 192 141 233
chair 0.0065 88 194 118 236
chair 0.0057 19 160 41 193
chair 0.0057 2 224 189 371
chair 0.0055 127 184 162 284
chair 0.0047 322 87 390 239
chair 0.0045 131 157 156 193
chair 0.0039 68 312 194 372
chair 0.0038 49 134 75 298
chair 0.0038 121 200 236 334
chair 0.0036 82 165 166 271
chair 0.0033 80 207 95 264
chair 0.0032 19 136 41 179
chair 0.0030 95 225 123 325
chair 0.0025 91 218 114 261
chair 0.0024 37 129 65 268
chair 0.0021 0 106 21 206
chair 0.0021 154 300 258 372
chair 0.0020 478 164 499 338
chair 0.0020 37 152 55 199
chair 0.0019 156 258 348 360
chair 0.0019 339 98 377 131
chair 0.0019 77 154 99 314
chair 0.0019 16 105 38 148
chair 0.0018 42 126 62 183
chair 0.0018 2 105 43 245
chair 0.0018 0 130 18 186
chair 0.0017 132 178 160 211
chair 0.0017 81 148 128 199
chair 0.0016 243 284 334 373
chair 0.0016 -6 21 102 354
chair 0.0015 65 322 138 373
chair 0.0015 112 123 141 158
chair 0.0015 -1 255 69 373
chair 0.0015 85 179 123 208
chair 0.0015 334 85 381 150
chair 0.0014 10 186 41 232
chair 0.0014 388 123 408 183
chair 0.0014 53 175 85 331
chair 0.0012 12 110 41 201
chair 0.0012 38 113 64 201
chair 0.0012 122 148 176 200
chair 0.0012 43 92 80 259
chair 0.0012 12 45 183 332
chair 0.0012 44 113 63 163
chair 0.0012 20 146 92 303
chair 0.0011 134 62 341 379
chair 0.0011 339 126 374 160
chair 0.0011 314 136 328 212
chair 0.0011 479 115 499 282
chair 0.0011 322 142 338 209
chair 0.0010 100 181 150 210
chair 0.0010 128 158 165 231
sofa 0.0360 97 220 320 372
sofa 0.0048 103 223 174 375
sofa 0.0022 2 224 189 371
sofa 0.0013 68 312 194 372
sofa 0.0011 117 173 252 367
pottedplant 0.0033 435 116 499 283
pottedplant 0.0031 399 88 502 299
pottedplant 0.0014 479 145 499 323
pottedplant 0.0012 0 106 21 206
diningtable 0.0194 306 232 496 373
diningtable 0.0183 94 181 146 248
diningtable 0.0153 112 153 136 191
diningtable 0.0096 100 181 150 210
diningtable 0.0096 24 311 171 372
diningtable 0.0095 2 224 189 371
diningtable 0.0087 94 152 119 191
diningtable 0.0085 92 168 178 295
diningtable 0.0081 132 178 160 211
diningtable 0.0073 0 169 44 234
diningtable 0.0071 111 192 141 233
diningtable 0.0059 131 157 156 193
diningtable 0.0058 83 153 186 220
diningtable 0.0053 81 149 102 193
diningtable 0.0049 83 178 128 257
diningtable 0.0045 108 224 139 252
diningtable 0.0040 19 160 41 193
diningtable 0.0034 128 158 165 231
diningtable 0.0031 -3 252 68 368
diningtable 0.0028 -7 299 124 372
diningtable 0.0026 85 179 123 208
diningtable 0.0026 122 148 176 200
diningtable 0.0022 0 130 18 186
diningtable 0.0021 2 105 43 245
diningtable 0.0019 51 141 149 237
diningtable 0.0018 19 136 41 179
diningtable 0.0018 101 149 144 200
diningtable 0.0018 81 148 128 199
diningtable 0.0017 88 194 118 236
diningtable 0.0016 147 151 178 191
diningtable 0.0016 122 230 365 371
diningtable 0.0016 129 65 302 377
diningtable 0.0013 296 239 489 307
diningtable 0.0013 -1 226 50 282
diningtable 0.0013 99 230 119 275
diningtable 0.0012 0 153 15 199
diningtable 0.0012 266 160 301 192
diningtable 0.0011 131 193 153 233
diningtable 0.0011 91 218 114 261
diningtable 0.0011 0 100 21 247
diningtable 0.0010 446 264 498 324
diningtable 0.0010 -4 151 121 372
diningtable 0.0010 2 121 92 261
diningtable 0.0010 257 181 481 353
tvmonitor 0.0012 -1 255 69 373
