person 0.9510 99 86 244 409
person 0.0410 284 148 302 182
person 0.0312 112 96 232 238
person 0.0152 0 253 37 335
person 0.0080 255 0 274 52
person 0.0065 106 219 269 425
person 0.0047 283 154 324 247
person 0.0026 207 192 263 256
person 0.0023 122 247 216 394
person 0.0022 19 0 58 62
person 0.0022 27 2 49 57
person 0.0021 165 116 301 390
person 0.0018 104 239 169 390
person 0.0018 37 0 90 59
person 0.0016 11 1 31 55
person 0.0016 196 194 283 285
person 0.0015 288 150 314 181
person 0.0013 112 259 147 375
person 0.0013 39 1 116 90
person 0.0011 105 297 136 368
person 0.0010 0 0 87 91
person 0.0010 2 0 40 63
bicycle 0.0200 102 221 251 436
bicycle 0.0067 0 256 38 369
bicycle 0.0043 122 247 216 394
bicycle 0.0018 196 194 283 285
bicycle 0.0014 123 299 205 423
bicycle 0.0012 39 1 116 90
car 0.0073 0 253 37 335
motorbike 0.6821 102 221 251 436
motorbike 0.0316 122 247 216 394
motorbike 0.0027 0 256 38 369
motorbike 0.0025 157 245 248 397
motorbike 0.0016 223 173 252 198
motorbike 0.0013 231 193 262 221
motorbike 0.0012 284 148 302 182
motorbike 0.0011 0 182 333 462
train 0.0011 0 253 37 335
boat 0.1878 0 253 37 335
boat 0.0016 102 221 251 436
bird 0.0872 284 148 302 182
bird 0.0216 231 193 262 221
bird 0.0123 283 154 324 247
bird 0.0028 0 253 37 335
bird 0.0024 283 154 305 198
bird 0.0022 255 0 274 52
bird 0.0022 207 192 263 256
bird 0.0019 288 150 314 181
bird 0.0018 223 173 266 225
bird 0.0017 223 0 276 53
bird 0.0014 224 171 260 202
bird 0.0013 41 423 73 444
cat 0.0050 231 193 262 221
dog 0.0025 112 191 221 292
dog 0.0022 196 194 283 285
dog 0.0018 0 256 38 369
dog 0.0018 122 247 216 394
dog 0.0014 284 148 302 182
dog 0.0011 105 219 133 245
horse 0.0021 284 148 302 182
cow 0.0023 284 148 302 182
chair 0.0222 0 256 38 369
chair 0.0014 102 221 251 436
chair 0.0012 122 247 216 394
pottedplant 0.0515 223 173 252 198
pottedplant 0.0117 207 192 263 256
pottedplant 0.0109 231 193 262 221
pottedplant 0.0096 223 159 264 215
pottedplant 0.0070 284 148 302 182
pottedplant 0.0068 212 174 260 231
pottedplant 0.0047 223 180 253 220
pottedplant 0.0045 270 107 304 176
pottedplant 0.0024 197 179 282 264
pottedplant 0.0013 214 130 253 200
pottedplant 0.0012 240 157 322 264
pottedplant 0.0010 36 4 122 92
