person 0.0035 -4 301 274 363
person 0.0016 469 300 499 370
person 0.0010 -10 288 431 373
cat 0.5773 5 -21 484 386
cat 0.0034 22 23 477 224
dog 0.0163 27 -13 466 326
chair 0.1696 469 300 499 370
chair 0.0241 467 268 488 303
chair 0.0106 5 -21 484 386
chair 0.0038 470 342 500 372
chair 0.0033 462 238 495 300
chair 0.0025 -4 301 274 363
chair 0.0024 467 298 500 334
chair 0.0022 472 258 495 300
chair 0.0020 465 230 501 359
sofa 0.2494 469 300 499 370
sofa 0.0361 5 -21 484 386
sofa 0.0103 1 220 495 380
sofa 0.0087 -4 301 274 363
sofa 0.0083 470 342 500 372
sofa 0.0038 -10 288 431 373
sofa 0.0026 377 302 499 371
sofa 0.0019 253 159 478 376
sofa 0.0016 467 298 500 334
diningtable 0.0090 469 300 499 370
diningtable 0.0051 470 342 500 372
diningtable 0.0031 467 298 500 334
diningtable 0.0030 471 271 496 302
diningtable 0.0012 465 260 489 299
