person 0.0150 98 289 134 359
person 0.0102 7 354 32 400
person 0.0090 1 314 39 397
person 0.0055 18 389 131 499
person 0.0033 64 225 153 349
person 0.0025 6 338 35 376
person 0.0023 -1 310 131 399
person 0.0021 -37 -23 406 446
person 0.0017 3 316 32 355
person 0.0014 81 357 115 389
person 0.0014 -3 69 234 503
person 0.0012 0 -1 120 74
person 0.0012 63 486 107 500
person 0.0012 26 340 55 372
person 0.0011 0 347 22 403
person 0.0010 50 271 146 370
person 0.0010 18 481 107 499
bicycle 0.0025 -37 -23 406 446
car 0.0709 -37 11 403 485
car 0.0151 -20 0 329 122
car 0.0131 141 34 361 465
car 0.0105 247 191 367 480
car 0.0103 -5 39 239 460
car 0.0095 -56 5 421 195
car 0.0050 2 -3 136 88
car 0.0042 7 354 32 400
car 0.0029 26 340 55 372
car 0.0025 -1 310 131 399
car 0.0020 1 314 39 397
car 0.0019 -12 0 225 68
car 0.0016 6 338 35 376
car 0.0014 -3 -5 161 208
car 0.0014 0 347 22 403
car 0.0014 228 56 367 372
car 0.0013 81 357 115 389
car 0.0011 25 355 58 388
car 0.0010 276 397 377 499
car 0.0010 45 355 82 386
motorbike 0.1158 -37 -23 406 446
motorbike 0.0114 228 56 367 372
motorbike 0.0106 139 0 362 427
motorbike 0.0078 -56 5 421 195
motorbike 0.0014 -20 0 329 122
aeroplane 0.0134 -37 -23 406 446
aeroplane 0.0078 -7 7 241 419
aeroplane 0.0012 -56 5 421 195
bus 0.0031 -3 69 234 503
bus 0.0021 -37 11 403 485
train 0.0172 -3 69 234 503
train 0.0047 -37 11 403 485
boat 0.0018 5 -2 134 73
boat 0.0012 -3 69 234 503
bird 0.0025 99 290 136 371
bird 0.0014 103 360 137 388
horse 0.0093 -3 69 234 503
bottle 0.0100 -3 69 234 503
bottle 0.0013 63 486 107 500
chair 0.0056 141 34 361 465
chair 0.0043 -37 11 403 485
chair 0.0033 273 235 377 477
chair 0.0021 -5 39 239 460
chair 0.0013 183 231 363 477
chair 0.0012 276 397 377 499
chair 0.0010 228 56 367 372
chair 0.0010 5 -2 134 73
tvmonitor 0.0108 -5 39 239 460
