person 0.9369 209 19 450 329
person 0.0019 432 160 501 301
person 0.0018 312 163 493 331
boat 0.0011 435 152 499 274
cat 0.0457 244 151 483 328
cat 0.0075 198 29 308 146
cat 0.0057 209 19 450 329
cat 0.0029 273 228 466 327
cat 0.0016 179 30 399 152
cat 0.0011 243 228 333 321
dog 0.0016 244 151 483 328
dog 0.0014 216 4 493 335
horse 0.0022 216 4 493 335
sheep 0.0010 244 151 483 328
cow 0.0013 216 4 493 335
chair 0.0021 429 158 501 273
chair 0.0015 312 163 493 331
sofa 0.0030 435 152 499 274
sofa 0.0026 312 163 493 331
sofa 0.0011 216 4 493 335
