person 0.1341 -14 -6 370 387
person 0.0742 94 133 474 373
person 0.0213 1 4 182 373
person 0.0116 93 227 322 380
person 0.0074 132 129 200 176
person 0.0048 166 219 420 379
person 0.0030 382 294 501 374
person 0.0019 0 -21 61 396
person 0.0018 125 128 319 266
cat 0.2887 141 124 422 332
cat 0.1908 103 139 325 375
cat 0.0446 125 128 319 266
cat 0.0079 149 159 278 279
cat 0.0067 4 63 352 388
cat 0.0045 208 217 433 376
cat 0.0045 47 144 233 375
cat 0.0028 121 128 223 183
cat 0.0025 187 178 308 273
cat 0.0022 118 140 218 232
cat 0.0016 80 22 486 365
dog 0.0638 211 152 431 371
dog 0.0048 196 114 444 281
dog 0.0045 323 174 495 360
dog 0.0010 137 15 499 371
chair 0.0317 -14 -6 370 387
chair 0.0083 69 133 438 373
chair 0.0039 363 182 499 356
chair 0.0020 123 -1 376 149
chair 0.0017 382 294 501 374
chair 0.0016 132 129 200 176
sofa 0.0735 363 182 499 356
sofa 0.0485 68 87 439 383
sofa 0.0041 382 294 501 374
sofa 0.0016 431 192 500 344
sofa 0.0012 25 -7 479 318
diningtable 0.0264 382 294 501 374
diningtable 0.0073 94 133 474 373
diningtable 0.0028 367 213 498 373
