person 0.9622 -30 10 291 334
person 0.0027 0 100 25 249
person 0.0021 0 165 30 266
person 0.0018 53 67 445 327
person 0.0014 178 233 306 335
person 0.0012 0 175 55 332
person 0.0011 182 209 229 258
car 0.0010 0 131 27 255
boat 0.0013 10 8 396 329
boat 0.0012 18 215 312 333
boat 0.0011 -7 169 214 319
bird 0.0025 390 229 460 274
dog 0.0062 390 229 460 274
horse 0.0641 177 221 304 327
horse 0.0191 182 209 229 258
horse 0.0177 198 217 232 253
horse 0.0135 441 164 476 185
horse 0.0041 390 229 460 274
horse 0.0017 190 216 242 279
sheep 0.9610 281 213 352 262
sheep 0.9165 390 229 460 274
sheep 0.3461 441 164 476 185
sheep 0.2983 364 173 390 191
sheep 0.0240 398 170 435 187
sheep 0.0106 470 167 500 185
sheep 0.0072 188 223 320 326
sheep 0.0057 198 217 232 253
sheep 0.0032 398 227 457 249
sheep 0.0025 338 208 366 230
sheep 0.0019 320 206 358 230
sheep 0.0019 295 185 329 203
sheep 0.0016 322 216 358 252
sheep 0.0016 336 214 364 240
sheep 0.0016 439 230 466 268
sheep 0.0013 292 204 337 231
sheep 0.0011 284 205 318 232
sheep 0.0011 282 213 318 249
sheep 0.0010 477 238 499 274
cow 0.1088 441 164 476 185
cow 0.0363 390 229 460 274
cow 0.0065 470 167 500 185
cow 0.0060 177 221 304 327
cow 0.0055 364 173 390 191
cow 0.0055 198 217 232 253
cow 0.0048 182 209 229 258
cow 0.0014 398 170 435 187
cow 0.0011 222 180 244 200
chair 0.0029 0 175 55 332
chair 0.0022 0 191 28 233
chair 0.0016 0 174 29 297
chair 0.0013 0 100 25 249
