person 0.9911 182 111 282 309
person 0.0051 180 120 210 161
person 0.0046 192 141 209 176
person 0.0029 304 123 328 166
person 0.0027 202 145 231 290
person 0.0014 301 106 322 153
person 0.0014 313 6 332 163
person 0.0013 177 114 213 146
person 0.0012 181 116 238 170
person 0.0010 244 128 271 158
person 0.0010 219 183 236 226
bicycle 0.0471 304 123 328 166
bicycle 0.0038 301 106 322 153
bicycle 0.0037 298 86 329 165
bicycle 0.0020 277 129 309 155
bicycle 0.0018 252 137 291 159
bicycle 0.0016 283 109 308 141
car 0.8387 1 98 44 136
car 0.0038 -1 102 23 132
car 0.0036 26 98 56 124
car 0.0022 304 123 328 166
car 0.0020 22 103 49 132
motorbike 0.0013 304 123 328 166
bus 0.0098 0 97 43 131
boat 0.0019 303 10 331 163
dog 0.0014 93 225 114 268
horse 0.0033 177 115 217 169
chair 0.0780 93 225 114 268
chair 0.0030 78 223 117 281
chair 0.0014 304 123 328 166
