person 0.6691 3 4 277 387
person 0.2981 193 1 242 90
person 0.1892 311 153 410 290
person 0.1541 50 3 88 37
person 0.1362 15 4 84 48
person 0.1218 265 165 455 363
person 0.0972 0 4 51 70
person 0.0891 150 17 289 194
person 0.0645 80 -4 417 392
person 0.0641 388 82 496 160
person 0.0606 -2 8 112 123
person 0.0505 297 230 496 376
person 0.0485 156 117 488 395
person 0.0458 314 215 416 315
person 0.0406 176 5 262 119
person 0.0391 387 96 435 154
person 0.0236 359 -2 467 127
person 0.0224 1 8 59 150
person 0.0209 279 222 377 313
person 0.0199 417 97 488 144
person 0.0169 370 218 415 280
person 0.0166 303 126 500 338
person 0.0164 208 7 300 135
person 0.0162 0 139 21 369
person 0.0155 0 14 49 364
person 0.0137 65 0 138 36
person 0.0131 342 227 404 285
person 0.0115 352 175 396 249
person 0.0112 199 2 235 44
person 0.0108 74 1 140 22
person 0.0099 399 99 430 141
person 0.0097 342 226 458 317
person 0.0095 383 235 413 275
person 0.0091 354 3 393 88
person 0.0090 360 233 392 266
person 0.0088 138 28 281 349
person 0.0088 276 256 376 362
person 0.0086 390 123 425 153
person 0.0085 39 3 143 51
person 0.0082 0 289 25 373
person 0.0078 189 0 221 35
person 0.0078 236 57 311 171
person 0.0077 458 101 487 143
person 0.0073 254 1 538 372
person 0.0072 322 8 352 33
person 0.0070 321 1 400 133
person 0.0061 400 97 463 152
person 0.0058 167 162 339 369
person 0.0057 143 211 419 382
person 0.0054 362 15 501 212
person 0.0051 -1 5 102 371
person 0.0051 178 0 237 52
person 0.0050 289 223 314 256
person 0.0046 85 21 275 100
person 0.0045 4 0 42 42
person 0.0044 185 28 320 262
person 0.0043 167 1 203 31
person 0.0043 391 94 501 221
person 0.0037 0 86 24 277
person 0.0037 208 -3 349 172
person 0.0036 385 214 410 250
person 0.0035 287 226 348 277
person 0.0035 221 0 248 90
person 0.0034 478 98 499 143
person 0.0033 300 219 330 254
person 0.0033 0 0 25 50
person 0.0033 -7 9 137 71
person 0.0032 323 173 381 254
person 0.0031 334 233 365 267
person 0.0031 0 108 25 204
person 0.0030 147 318 286 373
person 0.0029 360 2 391 41
person 0.0028 305 224 367 281
person 0.0027 306 72 403 162
person 0.0026 28 0 70 25
person 0.0024 479 95 499 188
person 0.0023 383 223 434 280
person 0.0023 -2 4 34 119
person 0.0022 317 200 364 273
person 0.0020 439 108 499 171
person 0.0019 287 300 355 358
person 0.0018 178 335 258 373
person 0.0018 277 172 360 298
person 0.0017 321 220 341 258
person 0.0017 299 228 337 269
person 0.0017 382 221 493 318
person 0.0017 481 113 498 157
person 0.0017 103 2 136 28
person 0.0017 13 164 407 367
person 0.0017 277 2 367 85
person 0.0016 0 333 22 374
person 0.0016 289 9 332 78
person 0.0015 0 15 31 62
person 0.0015 287 245 422 343
person 0.0015 411 102 446 140
person 0.0015 56 8 294 139
person 0.0015 198 0 236 21
person 0.0014 289 151 392 247
person 0.0014 486 128 500 191
person 0.0013 235 3 334 79
bicycle 0.0108 299 167 495 366
bicycle 0.0045 87 285 481 379
bicycle 0.0043 194 -4 532 379
bicycle 0.0036 314 49 501 260
bicycle 0.0032 269 143 439 316
bicycle 0.0028 46 154 455 380
bicycle 0.0019 314 215 416 315
bicycle 0.0016 227 208 441 382
bicycle 0.0010 211 290 388 375
car 0.0145 391 94 501 221
car 0.0089 235 3 334 79
car 0.0057 -1 5 95 48
car 0.0056 216 -1 305 95
car 0.0050 481 82 499 235
car 0.0039 322 8 352 33
car 0.0038 362 15 501 212
car 0.0034 442 121 499 190
car 0.0033 194 -4 532 379
car 0.0032 436 145 503 167
car 0.0029 299 167 495 366
car 0.0021 441 147 499 210
car 0.0020 360 2 391 41
car 0.0019 489 145 500 208
car 0.0019 0 125 22 348
car 0.0016 0 75 49 381
car 0.0015 74 1 140 22
car 0.0013 486 128 500 191
car 0.0013 39 3 143 51
car 0.0012 0 2 54 58
car 0.0011 484 133 500 255
car 0.0011 481 113 498 157
car 0.0010 238 4 309 32
motorbike 0.0160 269 143 439 316
motorbike 0.0115 205 65 524 382
motorbike 0.0050 303 126 500 338
motorbike 0.0033 311 153 410 290
motorbike 0.0031 8 72 409 370
motorbike 0.0012 227 208 441 382
motorbike 0.0011 0 2 54 58
motorbike 0.0011 370 49 500 260
motorbike 0.0010 0 1 109 55
bus 0.0044 342 -2 492 157
boat 0.0039 3 215 422 373
boat 0.0019 97 125 477 390
boat 0.0013 297 230 496 376
boat 0.0012 265 165 455 363
bird 0.0017 385 214 410 250
bird 0.0011 329 227 385 281
dog 0.0024 287 300 355 358
dog 0.0010 0 1 109 55
horse 0.0024 297 230 496 376
horse 0.0010 -1 5 95 48
bottle 0.0138 385 214 410 250
bottle 0.0090 324 180 355 208
bottle 0.0065 323 145 349 177
bottle 0.0048 352 175 396 249
bottle 0.0047 321 172 363 233
bottle 0.0029 316 169 366 191
bottle 0.0025 286 229 315 266
bottle 0.0019 382 208 406 237
bottle 0.0017 359 195 388 238
bottle 0.0017 373 210 413 272
bottle 0.0017 343 240 394 298
bottle 0.0017 309 148 373 198
bottle 0.0016 390 123 425 153
bottle 0.0012 383 235 413 275
bottle 0.0011 300 219 330 254
bottle 0.0010 360 233 392 266
bottle 0.0010 347 260 386 290
chair 0.1948 362 15 501 212
chair 0.1228 0 23 55 181
chair 0.1013 236 57 311 171
chair 0.0781 65 0 138 36
chair 0.0610 390 146 500 229
chair 0.0608 0 251 24 374
chair 0.0545 392 91 498 206
chair 0.0449 0 139 21 369
chair 0.0428 221 76 294 197
chair 0.0424 0 100 51 179
chair 0.0346 236 4 316 141
chair 0.0332 289 9 332 78
chair 0.0329 74 1 140 22
chair 0.0304 0 4 51 70
chair 0.0275 1 137 49 379
chair 0.0246 310 148 407 236
chair 0.0224 304 113 409 182
chair 0.0213 0 38 27 199
chair 0.0211 342 155 401 202
chair 0.0205 235 69 284 130
chair 0.0203 0 13 107 200
chair 0.0195 0 298 18 359
chair 0.0194 235 23 289 98
chair 0.0173 1 104 54 127
chair 0.0172 478 98 499 143
chair 0.0169 0 269 87 363
chair 0.0164 288 28 320 63
chair 0.0136 2 284 40 375
chair 0.0130 0 132 21 183
chair 0.0128 39 3 143 51
chair 0.0122 297 230 496 376
chair 0.0114 303 126 500 338
chair 0.0111 285 38 324 74
chair 0.0102 0 86 24 277
chair 0.0101 368 5 498 113
chair 0.0099 394 94 502 151
chair 0.0099 439 108 499 171
chair 0.0097 306 72 403 162
chair 0.0092 269 143 439 316
chair 0.0089 0 333 22 374
chair 0.0089 241 71 275 101
chair 0.0087 479 95 499 188
chair 0.0075 0 1 109 55
chair 0.0074 372 85 499 286
chair 0.0066 192 11 311 195
chair 0.0065 235 3 334 79
chair 0.0058 196 3 302 84
chair 0.0058 63 4 100 36
chair 0.0056 2 156 94 376
chair 0.0054 322 8 352 33
chair 0.0051 393 163 495 275
chair 0.0049 -1 38 339 392
chair 0.0048 228 70 252 101
chair 0.0045 247 64 301 142
chair 0.0041 5 46 39 76
chair 0.0041 0 307 26 381
chair 0.0040 55 1 198 39
chair 0.0038 316 114 391 161
chair 0.0038 0 258 14 326
chair 0.0037 103 2 136 28
chair 0.0036 476 11 500 150
chair 0.0036 436 145 503 167
chair 0.0034 275 78 314 167
chair 0.0033 326 133 471 234
chair 0.0033 287 150 343 202
chair 0.0030 350 161 396 241
chair 0.0029 346 151 390 171
chair 0.0029 317 151 390 197
chair 0.0028 483 93 500 263
chair 0.0026 91 3 258 77
chair 0.0025 441 147 499 210
chair 0.0025 -2 4 34 119
chair 0.0024 -4 6 73 125
chair 0.0024 288 6 319 40
chair 0.0023 199 2 235 44
chair 0.0023 205 65 524 382
chair 0.0022 295 6 341 36
chair 0.0021 240 5 417 195
chair 0.0021 2 79 56 238
chair 0.0021 10 53 118 149
chair 0.0021 281 156 386 288
chair 0.0020 0 15 31 62
chair 0.0019 189 0 217 25
chair 0.0019 312 6 356 83
chair 0.0019 169 27 330 348
chair 0.0018 481 113 498 157
chair 0.0017 284 11 381 125
chair 0.0017 299 25 326 70
chair 0.0017 80 37 277 121
chair 0.0015 295 151 339 179
chair 0.0015 0 147 19 197
chair 0.0015 486 128 500 191
chair 0.0015 209 114 293 250
chair 0.0015 33 63 243 146
chair 0.0014 344 7 381 87
chair 0.0014 431 123 498 239
chair 0.0014 30 21 52 62
chair 0.0014 440 127 499 149
chair 0.0014 322 100 462 174
chair 0.0013 285 115 310 162
sofa 0.0086 0 139 21 369
sofa 0.0074 220 82 292 192
sofa 0.0071 0 251 24 374
sofa 0.0063 8 72 409 370
sofa 0.0017 1 137 49 379
sofa 0.0015 150 17 289 194
sofa 0.0015 65 0 138 36
sofa 0.0015 36 3 222 50
sofa 0.0015 306 72 403 162
sofa 0.0014 304 113 409 182
sofa 0.0013 0 1 109 55
sofa 0.0012 109 -20 468 406
sofa 0.0012 234 67 316 178
sofa 0.0010 0 333 22 374
diningtable 0.0353 -2 8 112 123
diningtable 0.0147 390 146 500 229
diningtable 0.0084 0 1 109 55
diningtable 0.0073 -3 54 113 164
diningtable 0.0042 59 39 274 119
diningtable 0.0041 392 91 498 206
diningtable 0.0039 284 11 381 125
diningtable 0.0039 1 104 54 127
diningtable 0.0035 436 145 503 167
diningtable 0.0035 0 139 21 369
diningtable 0.0035 -4 306 195 373
diningtable 0.0031 5 22 172 105
diningtable 0.0029 442 121 499 190
diningtable 0.0025 36 3 222 50
diningtable 0.0021 440 127 499 149
diningtable 0.0020 0 100 51 179
diningtable 0.0016 0 23 55 181
diningtable 0.0015 46 154 455 380
diningtable 0.0014 481 113 498 157
diningtable 0.0014 284 58 391 163
diningtable 0.0013 83 71 268 141
diningtable 0.0013 236 4 316 141
diningtable 0.0012 326 133 471 234
diningtable 0.0012 441 147 499 210
diningtable 0.0011 7 284 423 379
tvmonitor 0.0047 357 7 506 110
tvmonitor 0.0025 360 2 391 41
tvmonitor 0.0020 0 139 21 369
