person 0.0080 475 237 497 264
person 0.0013 479 227 499 259
bird 0.0018 475 237 497 264
dog 0.0412 475 237 497 264
horse 0.0030 475 237 497 264
horse 0.0027 282 224 348 279
sheep 0.9713 282 224 348 279
sheep 0.7682 475 237 497 264
sheep 0.0255 254 270 297 321
sheep 0.0054 211 249 238 289
sheep 0.0052 284 223 309 249
sheep 0.0043 479 227 499 259
sheep 0.0041 460 243 496 266
sheep 0.0028 163 282 200 309
sheep 0.0025 180 286 217 311
sheep 0.0023 296 219 496 373
sheep 0.0020 346 230 399 288
sheep 0.0018 347 220 467 291
sheep 0.0017 202 251 242 332
sheep 0.0017 350 228 397 249
sheep 0.0014 293 224 342 255
sheep 0.0014 354 236 391 265
sheep 0.0012 370 230 418 285
sheep 0.0011 358 252 389 293
sheep 0.0010 392 221 493 298
cow 0.0249 282 224 348 279
cow 0.0164 475 237 497 264
cow 0.0019 163 282 200 309
cow 0.0013 254 270 297 321
cow 0.0012 129 284 192 338
cow 0.0011 180 286 217 311
cow 0.0010 155 282 213 341
pottedplant 0.0019 39 271 170 346
pottedplant 0.0016 1 301 104 370
pottedplant 0.0010 6 290 192 372
