person 0.8749 384 163 410 232
person 0.6510 311 141 332 210
person 0.3774 284 97 304 146
person 0.3434 310 89 334 114
person 0.1667 111 241 133 275
person 0.0387 421 111 439 167
person 0.0336 313 143 330 184
person 0.0319 396 115 420 166
person 0.0236 381 136 407 170
person 0.0235 343 84 377 105
person 0.0226 289 90 309 119
person 0.0221 385 161 409 195
person 0.0210 356 85 390 103
person 0.0151 125 241 150 264
person 0.0146 302 102 336 136
person 0.0139 475 177 499 215
person 0.0128 420 110 439 139
person 0.0093 348 73 368 104
person 0.0083 441 116 464 151
person 0.0071 399 136 427 175
person 0.0066 218 129 256 157
person 0.0066 379 126 419 178
person 0.0059 313 91 351 110
person 0.0058 271 103 297 139
person 0.0057 400 110 421 134
person 0.0057 282 117 309 150
person 0.0053 479 103 499 143
person 0.0048 459 119 489 150
person 0.0037 307 63 354 91
person 0.0029 478 163 501 204
person 0.0026 417 138 441 173
person 0.0025 192 195 246 249
person 0.0023 474 140 500 216
person 0.0017 244 121 263 154
person 0.0017 467 179 490 212
person 0.0015 296 111 340 157
person 0.0014 457 106 488 141
person 0.0014 303 54 359 83
person 0.0014 209 153 357 238
person 0.0013 149 0 191 17
person 0.0012 472 174 500 252
person 0.0011 0 10 15 67
person 0.0011 266 179 300 201
person 0.0010 474 118 496 148
person 0.0010 253 168 303 228
person 0.0010 315 109 398 134
person 0.0010 257 191 309 243
bicycle 0.0090 343 84 377 105
bicycle 0.0077 282 117 309 150
bicycle 0.0053 295 96 411 152
bicycle 0.0047 386 114 427 171
bicycle 0.0030 475 177 499 215
bicycle 0.0027 399 136 427 175
bicycle 0.0020 356 85 390 103
bicycle 0.0020 307 63 354 91
bicycle 0.0014 381 136 407 170
bicycle 0.0014 313 91 351 110
bicycle 0.0013 284 97 304 146
car 0.7888 157 158 268 219
car 0.2357 295 96 411 152
car 0.1359 147 156 327 238
car 0.0490 307 63 354 91
car 0.0229 7 34 261 192
car 0.0187 313 119 396 159
car 0.0185 299 53 362 98
car 0.0118 11 125 243 196
car 0.0092 302 102 336 136
car 0.0060 218 129 256 157
car 0.0038 313 91 351 110
car 0.0038 284 97 304 146
car 0.0036 296 111 340 157
car 0.0032 214 84 260 152
car 0.0031 356 85 390 103
car 0.0024 192 195 246 249
car 0.0022 127 162 363 279
car 0.0020 279 57 397 148
car 0.0019 292 104 381 130
car 0.0019 79 150 274 212
car 0.0019 343 84 377 105
car 0.0017 233 166 289 229
car 0.0017 313 143 330 184
car 0.0017 289 40 378 116
car 0.0016 141 176 284 256
car 0.0016 266 179 300 201
car 0.0014 290 86 495 161
car 0.0013 310 89 334 114
car 0.0012 393 242 501 277
car 0.0011 111 241 133 275
car 0.0011 230 157 297 203
car 0.0010 282 117 309 150
motorbike 0.0488 295 96 411 152
motorbike 0.0041 282 117 309 150
motorbike 0.0038 284 97 304 146
motorbike 0.0030 386 114 427 171
motorbike 0.0020 307 63 354 91
motorbike 0.0019 313 143 330 184
motorbike 0.0010 475 177 499 215
aeroplane 0.0114 295 96 411 152
aeroplane 0.0060 27 160 323 287
aeroplane 0.0017 -7 66 270 212
aeroplane 0.0015 -7 192 195 342
aeroplane 0.0014 1 115 264 252
aeroplane 0.0012 -2 102 420 342
aeroplane 0.0010 -3 142 209 298
bus 0.1733 7 34 261 192
bus 0.0077 11 125 243 196
bus 0.0061 299 53 362 98
bus 0.0058 388 90 501 186
bus 0.0032 289 40 378 116
bus 0.0011 214 84 260 152
boat 0.0217 295 96 411 152
boat 0.0046 313 119 396 159
dog 0.0012 475 177 499 215
horse 0.0020 386 114 427 171
horse 0.0010 282 117 309 150
bottle 0.0026 149 0 191 17
chair 0.0096 475 177 499 215
chair 0.0025 0 10 15 67
chair 0.0022 478 163 501 204
chair 0.0017 282 117 309 150
chair 0.0012 284 97 304 146
sofa 0.0064 295 96 411 152
pottedplant 0.0196 441 116 464 151
pottedplant 0.0094 420 110 439 139
pottedplant 0.0092 457 106 488 141
pottedplant 0.0069 459 119 489 150
pottedplant 0.0061 415 108 442 172
pottedplant 0.0059 399 93 502 180
pottedplant 0.0034 479 103 499 143
pottedplant 0.0027 443 99 498 151
pottedplant 0.0019 379 117 420 167
pottedplant 0.0011 429 110 483 170
diningtable 0.0013 475 177 499 215
tvmonitor 0.0477 294 43 365 92
tvmonitor 0.0103 303 54 359 83
tvmonitor 0.0084 307 63 354 91
tvmonitor 0.0058 7 34 261 192
tvmonitor 0.0014 295 96 411 152
