person 0.0245 309 103 370 144
person 0.0091 285 101 352 144
person 0.0083 335 111 372 144
person 0.0080 166 102 228 144
person 0.0068 301 113 345 143
person 0.0041 158 108 207 141
person 0.0039 257 97 394 145
person 0.0037 152 87 411 149
person 0.0036 318 93 356 126
person 0.0028 167 92 199 125
person 0.0023 143 72 176 99
person 0.0020 135 75 183 143
person 0.0019 152 81 206 140
person 0.0017 351 70 395 102
person 0.0016 182 93 216 124
person 0.0015 327 77 382 140
person 0.0014 104 90 237 148
person 0.0012 270 111 319 142
person 0.0011 335 89 373 120
person 0.0010 339 72 376 99
car 0.1392 68 33 458 326
car 0.0364 103 66 397 131
car 0.0014 243 65 423 145
car 0.0012 74 57 212 288
car 0.0011 257 97 394 145
motorbike 0.0026 68 33 458 326
bus 0.0029 68 33 458 326
bus 0.0015 103 66 397 131
train 0.0184 68 33 458 326
