person 0.9309 233 30 326 170
person 0.8836 275 55 467 334
person 0.5245 1 17 62 357
person 0.5070 51 39 369 390
person 0.1268 283 81 369 222
person 0.1033 1 41 65 166
person 0.0545 1 293 28 375
person 0.0424 0 165 16 346
person 0.0345 266 51 386 256
person 0.0317 0 98 26 299
person 0.0293 191 88 385 364
person 0.0268 0 233 19 383
person 0.0222 -2 54 111 153
person 0.0188 0 111 63 267
person 0.0178 0 28 113 278
person 0.0167 143 46 338 258
person 0.0130 294 97 338 172
person 0.0102 0 45 20 191
person 0.0087 106 38 320 181
person 0.0073 118 -20 455 331
person 0.0071 0 297 11 368
person 0.0071 1 332 29 374
person 0.0064 0 316 46 375
person 0.0056 144 47 266 161
person 0.0055 1 216 56 369
person 0.0044 0 61 12 139
person 0.0043 317 72 355 97
person 0.0041 -1 104 30 208
person 0.0041 307 79 364 165
person 0.0041 478 127 499 225
person 0.0040 4 157 79 312
person 0.0040 393 52 498 320
person 0.0035 52 163 286 376
person 0.0028 244 34 264 86
person 0.0027 65 108 95 178
person 0.0027 -2 59 116 101
person 0.0026 484 151 500 204
person 0.0026 9 43 170 350
person 0.0022 0 231 10 315
person 0.0021 -2 140 100 243
person 0.0018 242 105 330 189
person 0.0018 24 314 65 372
person 0.0018 0 54 17 104
person 0.0015 211 28 240 61
person 0.0014 4 130 56 184
person 0.0013 1 35 22 65
person 0.0013 477 180 498 216
person 0.0013 472 160 499 275
person 0.0013 17 160 51 186
person 0.0012 -1 166 26 185
person 0.0011 27 237 70 321
person 0.0010 99 246 237 370
bottle 0.2390 62 101 86 177
bottle 0.0784 71 120 103 185
bottle 0.0704 78 139 108 176
bottle 0.0401 22 36 44 75
bottle 0.0253 227 141 255 173
bottle 0.0209 211 28 240 61
bottle 0.0202 96 114 116 151
bottle 0.0158 240 144 265 179
bottle 0.0157 53 84 90 163
bottle 0.0133 229 20 248 66
bottle 0.0109 32 35 50 76
bottle 0.0105 17 160 51 186
bottle 0.0075 79 156 101 193
bottle 0.0030 220 139 268 185
bottle 0.0026 62 92 82 142
bottle 0.0026 71 105 93 144
bottle 0.0025 186 29 222 53
bottle 0.0020 1 35 22 65
bottle 0.0018 47 113 89 239
bottle 0.0014 48 83 79 124
bottle 0.0012 231 41 252 84
bottle 0.0012 0 297 11 368
bottle 0.0012 262 152 288 173
bottle 0.0011 0 233 19 383
bottle 0.0011 240 130 266 162
bottle 0.0011 215 147 240 174
chair 0.9089 101 251 249 365
chair 0.5076 390 193 504 364
chair 0.0920 6 67 114 158
chair 0.0892 92 106 117 147
chair 0.0621 0 165 16 346
chair 0.0452 243 261 319 371
chair 0.0448 116 238 362 370
chair 0.0435 83 85 120 150
chair 0.0337 431 185 498 332
chair 0.0230 0 188 67 354
chair 0.0151 53 76 117 128
chair 0.0145 0 111 23 322
chair 0.0143 28 241 66 341
chair 0.0131 317 72 355 97
chair 0.0131 306 299 486 372
chair 0.0123 295 209 365 252
chair 0.0118 412 110 500 204
chair 0.0099 265 217 483 372
chair 0.0087 0 233 19 383
chair 0.0081 313 324 436 375
chair 0.0081 321 138 343 169
chair 0.0078 48 83 79 124
chair 0.0071 367 327 424 371
chair 0.0066 299 69 489 368
chair 0.0063 0 231 10 315
chair 0.0063 307 123 335 162
chair 0.0063 59 80 110 157
chair 0.0062 455 185 498 256
chair 0.0059 339 204 364 238
chair 0.0058 4 150 57 171
chair 0.0056 294 97 338 172
chair 0.0055 1 332 29 374
chair 0.0055 73 41 420 400
chair 0.0054 475 209 500 371
chair 0.0051 82 108 118 177
chair 0.0049 0 158 65 289
chair 0.0047 17 160 51 186
chair 0.0046 52 163 286 376
chair 0.0045 484 151 500 204
chair 0.0045 319 208 358 237
chair 0.0045 296 142 333 167
chair 0.0043 0 232 55 327
chair 0.0042 330 52 371 72
chair 0.0042 270 105 329 167
chair 0.0040 344 247 472 361
chair 0.0040 187 240 312 371
chair 0.0039 460 186 494 212
chair 0.0035 116 55 136 100
chair 0.0035 1 293 28 375
chair 0.0035 473 169 500 305
chair 0.0033 254 300 408 369
chair 0.0033 477 180 498 216
chair 0.0031 461 194 491 235
chair 0.0030 0 28 113 278
chair 0.0029 71 105 93 144
chair 0.0029 333 214 488 324
chair 0.0028 230 82 254 122
chair 0.0028 41 259 61 317
chair 0.0027 -1 166 26 185
chair 0.0026 4 130 56 184
chair 0.0026 117 10 142 103
chair 0.0026 13 293 104 374
chair 0.0026 54 71 107 93
chair 0.0025 451 137 500 209
chair 0.0025 310 256 431 363
chair 0.0025 393 52 498 320
chair 0.0024 477 192 499 233
chair 0.0023 274 188 365 265
chair 0.0022 43 62 93 78
chair 0.0022 -2 140 100 243
chair 0.0021 53 84 90 163
chair 0.0019 224 140 344 217
chair 0.0019 21 219 110 370
chair 0.0019 0 54 60 383
chair 0.0018 0 92 17 149
chair 0.0018 75 55 198 153
chair 0.0017 38 207 464 378
chair 0.0017 150 117 273 182
chair 0.0017 1 42 60 172
chair 0.0015 43 233 75 318
chair 0.0015 478 127 499 225
chair 0.0014 24 306 65 369
chair 0.0014 0 78 26 198
chair 0.0014 3 130 46 155
chair 0.0013 65 108 95 178
chair 0.0013 0 174 19 212
chair 0.0013 274 151 323 172
chair 0.0012 34 79 70 118
chair 0.0012 223 58 254 144
chair 0.0012 -2 59 116 101
chair 0.0011 411 333 483 374
chair 0.0010 306 100 332 139
chair 0.0010 307 79 364 165
chair 0.0010 283 332 320 374
chair 0.0010 291 204 380 315
chair 0.0010 111 233 245 313
sofa 0.0086 73 41 420 400
sofa 0.0024 71 213 506 370
sofa 0.0024 88 252 256 369
sofa 0.0022 0 233 19 383
sofa 0.0022 116 238 362 370
sofa 0.0021 1 293 28 375
sofa 0.0019 1 332 29 374
sofa 0.0012 302 187 503 365
pottedplant 0.0040 117 10 142 103
pottedplant 0.0038 0 44 22 69
pottedplant 0.0019 22 36 44 75
pottedplant 0.0016 75 55 198 153
pottedplant 0.0015 68 33 279 178
pottedplant 0.0011 90 20 188 131
diningtable 0.4269 6 67 114 158
diningtable 0.1560 -2 59 116 101
diningtable 0.1168 3 201 79 339
diningtable 0.1014 -2 140 100 243
diningtable 0.0928 224 140 344 217
diningtable 0.0539 29 65 107 86
diningtable 0.0264 191 88 385 364
diningtable 0.0151 -3 42 110 123
diningtable 0.0151 0 70 98 378
diningtable 0.0091 126 60 452 393
diningtable 0.0081 4 150 57 171
diningtable 0.0080 0 111 63 267
diningtable 0.0077 7 113 118 201
diningtable 0.0057 36 75 102 126
diningtable 0.0052 1 233 50 353
diningtable 0.0044 234 179 360 267
diningtable 0.0043 192 158 367 230
diningtable 0.0037 84 55 334 332
diningtable 0.0036 0 226 16 358
diningtable 0.0027 28 241 66 341
diningtable 0.0022 70 161 348 373
diningtable 0.0020 13 77 168 370
diningtable 0.0019 18 69 84 88
diningtable 0.0017 4 176 78 245
diningtable 0.0016 9 136 165 231
diningtable 0.0015 236 179 275 200
diningtable 0.0015 0 134 57 218
diningtable 0.0015 207 117 297 181
diningtable 0.0013 1 42 60 172
diningtable 0.0012 460 186 494 212
diningtable 0.0012 20 71 75 131
diningtable 0.0012 185 17 249 66
diningtable 0.0011 284 107 368 245
diningtable 0.0011 242 105 330 189
diningtable 0.0011 268 144 478 374
diningtable 0.0011 198 181 295 266
tvmonitor 0.0083 186 29 222 53
tvmonitor 0.0079 407 89 499 210
tvmonitor 0.0017 8 67 117 168
tvmonitor 0.0012 395 41 498 253
