person 0.0245 39 -17 473 352
person 0.0033 0 303 179 396
car 0.0046 1 -20 429 420
cat 0.6577 39 -17 473 352
cat 0.1111 0 303 179 396
cat 0.0076 -13 162 437 391
cat 0.0050 124 24 506 246
cat 0.0042 308 0 502 319
cat 0.0030 431 83 499 224
cat 0.0025 241 107 491 295
cat 0.0025 0 -21 296 417
cat 0.0017 102 93 322 317
cat 0.0016 -5 242 265 404
dog 0.0259 7 301 162 396
chair 0.0208 55 -29 524 426
chair 0.0014 30 166 470 387
sofa 0.0890 55 -29 524 426
sofa 0.0027 30 166 470 387
sofa 0.0011 -30 272 455 408
sofa 0.0010 30 10 479 182
