person 0.1023 49 334 87 362
person 0.0496 32 333 67 364
person 0.0327 17 332 42 367
person 0.0321 238 185 283 245
person 0.0229 60 -5 206 240
person 0.0156 56 323 88 352
person 0.0103 63 335 96 361
person 0.0063 30 328 98 374
person 0.0061 233 189 312 288
person 0.0051 110 6 176 198
person 0.0043 246 179 270 219
person 0.0041 252 207 309 271
person 0.0021 34 321 66 351
person 0.0020 286 314 310 348
person 0.0019 224 316 243 348
person 0.0019 241 187 267 237
person 0.0018 145 41 184 122
person 0.0016 130 203 166 233
person 0.0016 228 179 266 251
person 0.0012 198 178 219 209
person 0.0011 125 13 197 149
bicycle 0.0110 12 -6 408 308
bicycle 0.0063 0 102 26 254
bicycle 0.0045 0 61 64 382
bicycle 0.0038 2 103 60 261
car 0.0410 436 287 470 308
car 0.0098 413 288 444 309
car 0.0081 444 288 491 307
car 0.0056 240 284 277 309
car 0.0056 49 334 87 362
car 0.0053 435 295 467 313
car 0.0046 394 285 435 309
car 0.0043 243 298 279 325
car 0.0029 262 294 298 323
car 0.0029 32 333 67 364
car 0.0028 28 354 106 375
car 0.0024 -2 312 107 378
car 0.0022 357 287 382 308
car 0.0021 253 284 301 309
car 0.0021 352 281 373 307
car 0.0019 383 284 411 308
car 0.0017 317 281 352 303
car 0.0014 482 279 500 314
car 0.0012 408 296 452 313
aeroplane 0.0051 2 6 412 361
aeroplane 0.0039 -2 312 107 378
aeroplane 0.0012 -4 278 105 349
bus 0.0071 436 287 470 308
bus 0.0030 394 285 435 309
bus 0.0023 413 288 444 309
bus 0.0016 19 -8 337 306
bus 0.0011 383 284 411 308
train 0.0025 51 -22 442 322
boat 0.1627 19 -8 337 306
boat 0.0643 33 -3 164 240
boat 0.0244 -2 183 274 351
boat 0.0226 75 0 265 232
boat 0.0183 -2 312 107 378
boat 0.0121 102 -2 464 367
boat 0.0120 453 243 490 310
boat 0.0113 482 279 500 314
boat 0.0095 436 287 470 308
boat 0.0072 444 288 491 307
boat 0.0056 -2 1 110 287
boat 0.0046 465 246 484 300
boat 0.0030 483 292 500 322
boat 0.0029 -6 270 106 352
boat 0.0023 472 241 499 313
boat 0.0023 431 246 481 306
boat 0.0023 478 254 498 299
boat 0.0021 435 295 467 313
boat 0.0018 440 262 498 315
boat 0.0016 439 260 468 294
boat 0.0016 0 143 420 362
boat 0.0013 0 330 24 365
boat 0.0012 391 263 497 326
boat 0.0010 75 314 253 355
boat 0.0010 28 354 106 375
bird 0.0029 51 192 80 225
bird 0.0010 4 70 57 97
bottle 0.0017 17 332 42 367
chair 0.0068 -2 312 107 378
chair 0.0033 49 334 87 362
chair 0.0024 63 335 96 361
chair 0.0018 28 354 106 375
chair 0.0016 -4 278 105 349
chair 0.0015 62 317 97 354
chair 0.0011 0 74 26 246
pottedplant 0.0079 45 170 85 227
pottedplant 0.0061 -2 1 110 287
pottedplant 0.0041 31 121 103 227
pottedplant 0.0041 6 76 90 241
pottedplant 0.0025 61 172 108 223
pottedplant 0.0016 33 -3 164 240
diningtable 0.0012 -2 312 107 378
