person 0.9534 134 87 293 493
person 0.8830 56 157 165 497
person 0.0112 144 129 176 165
person 0.0097 6 135 144 454
person 0.0052 51 168 95 231
person 0.0047 57 160 151 319
person 0.0026 2 233 74 366
person 0.0023 29 146 270 494
person 0.0018 45 227 87 292
person 0.0014 139 127 179 189
person 0.0010 155 142 182 170
bottle 0.0152 144 129 176 165
bottle 0.0016 249 427 267 467
bottle 0.0010 121 247 163 313
chair 0.0284 -3 289 90 503
chair 0.0156 0 395 86 501
chair 0.0066 -1 272 72 401
chair 0.0051 7 235 61 296
chair 0.0039 31 237 57 273
chair 0.0021 317 426 368 476
chair 0.0014 0 232 74 353
chair 0.0014 134 447 310 500
chair 0.0012 295 241 367 355
chair 0.0011 182 409 288 502
chair 0.0010 132 209 151 238
sofa 0.4151 -3 289 90 503
sofa 0.1619 0 395 86 501
sofa 0.0559 -1 272 72 401
sofa 0.0458 53 220 169 512
sofa 0.0065 4 176 148 481
sofa 0.0058 291 252 368 399
sofa 0.0052 6 369 211 497
sofa 0.0032 0 232 74 353
sofa 0.0028 265 339 357 467
sofa 0.0026 259 249 366 483
sofa 0.0023 244 398 357 495
sofa 0.0023 234 448 363 500
sofa 0.0018 134 447 310 500
sofa 0.0017 16 287 71 356
sofa 0.0014 284 313 364 439
sofa 0.0014 11 242 106 395
sofa 0.0013 284 333 341 407
sofa 0.0011 7 235 61 296
sofa 0.0011 32 407 164 497
sofa 0.0010 32 456 259 500
pottedplant 0.1361 1 118 50 165
pottedplant 0.1211 4 119 31 158
pottedplant 0.0107 26 130 50 167
pottedplant 0.0031 1 114 48 216
pottedplant 0.0026 17 125 53 201
diningtable 0.0056 0 395 86 501
tvmonitor 0.0082 290 249 368 351
tvmonitor 0.0029 1 163 31 226
tvmonitor 0.0027 137 68 293 378
tvmonitor 0.0012 286 231 373 445
tvmonitor 0.0012 105 142 317 219
tvmonitor 0.0012 140 117 179 172
