person 0.0097 404 61 438 181
person 0.0048 349 109 372 151
person 0.0016 251 93 308 161
person 0.0015 354 49 449 158
person 0.0012 71 59 342 301
person 0.0011 255 69 304 143
person 0.0010 250 104 276 144
bicycle 0.0011 41 73 395 402
car 0.0016 51 45 386 324
car 0.0016 74 49 270 206
motorbike 0.9483 55 49 385 366
motorbike 0.0059 251 93 308 161
motorbike 0.0031 194 82 375 333
motorbike 0.0023 85 49 327 212
motorbike 0.0011 239 101 285 159
motorbike 0.0010 235 51 320 142
bottle 0.0021 404 58 437 158
bottle 0.0021 349 109 372 151
diningtable 0.0014 9 292 489 498
