person 0.9943 20 69 308 365
person 0.9231 334 97 482 373
person 0.0813 277 0 309 38
person 0.0143 0 230 87 374
person 0.0141 336 232 455 365
person 0.0129 82 66 489 378
person 0.0021 471 262 500 366
person 0.0021 0 81 130 372
person 0.0011 -2 26 59 348
bird 0.0013 0 230 87 374
dog 0.0115 336 232 455 365
dog 0.0069 345 236 395 315
dog 0.0034 0 230 87 374
horse 0.0038 0 230 87 374
bottle 0.0109 345 236 395 315
bottle 0.0012 268 295 295 363
chair 0.0029 331 215 479 375
chair 0.0016 0 246 86 371
sofa 0.0025 331 215 479 375
sofa 0.0011 471 262 500 366
sofa 0.0010 82 66 489 378
