person 0.0022 210 197 239 231
person 0.0019 190 201 213 235
person 0.0010 225 204 252 236
car 0.0078 370 224 412 245
car 0.0031 355 220 397 242
car 0.0030 335 227 377 247
car 0.0017 356 209 398 226
car 0.0015 304 222 362 242
aeroplane 0.5393 45 90 312 185
aeroplane 0.0765 37 106 165 174
aeroplane 0.0710 105 94 462 192
aeroplane 0.0522 298 156 373 185
aeroplane 0.0500 167 118 396 198
aeroplane 0.0354 263 137 392 196
aeroplane 0.0293 -8 62 430 255
aeroplane 0.0118 202 211 457 255
aeroplane 0.0117 93 113 117 156
aeroplane 0.0103 81 109 128 167
aeroplane 0.0085 21 121 229 185
aeroplane 0.0083 13 179 185 243
aeroplane 0.0082 132 89 310 159
aeroplane 0.0072 -5 212 215 248
aeroplane 0.0068 136 111 306 192
aeroplane 0.0067 211 100 422 180
aeroplane 0.0067 220 178 436 224
aeroplane 0.0061 165 95 391 152
aeroplane 0.0052 34 151 297 195
aeroplane 0.0036 290 105 315 136
aeroplane 0.0036 141 93 182 154
aeroplane 0.0033 44 123 80 154
aeroplane 0.0032 35 111 101 156
aeroplane 0.0032 89 165 155 184
aeroplane 0.0027 331 161 369 185
aeroplane 0.0025 296 166 334 191
aeroplane 0.0018 5 108 115 169
aeroplane 0.0016 266 185 456 238
aeroplane 0.0016 93 107 119 139
aeroplane 0.0015 124 209 297 253
aeroplane 0.0015 77 164 264 233
aeroplane 0.0015 0 175 108 235
aeroplane 0.0012 195 190 401 242
aeroplane 0.0012 290 161 455 194
aeroplane 0.0011 87 223 163 239
aeroplane 0.0011 181 166 378 226
aeroplane 0.0010 72 116 106 153
bus 0.0037 356 209 398 226
bus 0.0019 298 156 373 185
bus 0.0016 245 213 461 253
bus 0.0016 304 222 362 242
bus 0.0016 370 224 412 245
bus 0.0016 307 208 363 229
train 0.0037 260 211 481 254
train 0.0010 358 214 507 253
boat 0.0141 398 169 436 187
boat 0.0104 451 225 496 249
boat 0.0071 304 214 491 254
boat 0.0053 445 272 467 303
boat 0.0037 15 113 39 154
boat 0.0036 476 218 498 253
boat 0.0032 9 142 43 167
boat 0.0031 394 215 502 254
boat 0.0028 451 108 498 240
boat 0.0028 411 238 493 255
boat 0.0027 392 167 496 254
boat 0.0022 422 224 484 249
boat 0.0020 27 146 73 164
boat 0.0015 391 150 435 171
boat 0.0015 398 107 499 235
boat 0.0014 449 178 499 248
boat 0.0013 3 108 47 163
boat 0.0013 370 168 422 185
boat 0.0013 443 211 500 256
boat 0.0012 451 277 482 302
boat 0.0011 481 191 499 236
boat 0.0010 309 183 495 250
