person 0.3667 111 53 400 375
person 0.0722 0 109 14 163
person 0.0209 155 129 176 157
person 0.0209 163 126 194 156
person 0.0125 245 86 409 370
person 0.0084 227 99 255 133
person 0.0031 243 98 274 135
person 0.0021 269 93 357 225
person 0.0020 154 127 180 190
person 0.0018 294 159 325 195
person 0.0014 349 144 363 202
person 0.0013 0 135 21 172
person 0.0012 284 91 324 151
person 0.0010 256 139 348 240
car 0.6407 2 121 104 169
car 0.3274 -1 164 122 234
car 0.0319 17 122 79 151
car 0.0248 38 121 95 154
car 0.0223 11 123 47 153
car 0.0210 0 109 14 163
car 0.0190 0 135 21 172
car 0.0180 5 139 48 168
car 0.0177 -3 131 125 330
car 0.0142 74 123 102 157
car 0.0090 17 119 79 135
car 0.0081 0 130 57 173
car 0.0047 1 91 100 161
car 0.0044 374 120 407 148
car 0.0039 18 135 77 168
car 0.0039 323 140 357 171
car 0.0030 0 114 23 193
car 0.0030 163 126 194 156
car 0.0026 155 129 176 157
car 0.0023 27 113 148 168
car 0.0014 44 178 117 220
car 0.0013 320 129 361 197
car 0.0013 77 112 186 172
car 0.0012 85 125 112 153
car 0.0011 323 128 356 155
motorbike 0.0223 288 173 453 372
motorbike 0.0166 351 246 467 370
motorbike 0.0024 324 228 412 375
bus 0.0162 2 122 102 167
bottle 0.0022 350 298 390 372
bottle 0.0019 365 104 392 141
bottle 0.0016 451 54 490 118
chair 0.0332 62 314 237 378
chair 0.0241 54 244 284 370
chair 0.0126 89 265 231 363
chair 0.0036 58 228 137 355
chair 0.0033 62 232 122 315
chair 0.0031 122 235 374 379
chair 0.0025 266 292 293 336
chair 0.0018 85 289 336 377
chair 0.0010 245 156 423 374
sofa 0.0301 67 298 250 376
sofa 0.0235 54 244 284 370
sofa 0.0138 111 53 400 375
sofa 0.0118 91 270 227 355
sofa 0.0087 245 156 423 374
sofa 0.0071 29 212 471 379
sofa 0.0064 122 235 374 379
pottedplant 0.0021 365 98 410 148
pottedplant 0.0011 374 120 407 148
diningtable 0.0035 67 298 250 376
diningtable 0.0019 29 212 471 379
diningtable 0.0017 54 244 284 370
diningtable 0.0012 89 265 231 363
