person 0.9886 34 106 96 247
person 0.9785 110 106 188 261
person 0.1745 191 185 308 329
person 0.1004 214 103 274 172
person 0.0880 233 103 259 136
person 0.0628 309 126 328 164
person 0.0155 177 105 314 280
person 0.0105 169 125 253 254
person 0.0095 33 120 53 161
person 0.0070 31 119 60 197
person 0.0069 205 116 286 198
person 0.0069 130 52 163 74
person 0.0068 71 129 98 162
person 0.0066 90 127 113 155
person 0.0062 140 101 163 130
person 0.0059 34 106 54 145
person 0.0057 212 136 283 175
person 0.0055 179 175 390 338
person 0.0053 55 107 80 135
person 0.0047 25 123 44 160
person 0.0042 35 126 94 198
person 0.0039 386 53 416 76
person 0.0037 228 102 283 148
person 0.0034 219 120 267 153
person 0.0034 234 198 325 326
person 0.0033 216 124 344 180
person 0.0029 25 135 43 177
person 0.0029 16 120 48 195
person 0.0025 234 125 282 151
person 0.0024 118 129 174 233
person 0.0023 194 137 308 225
person 0.0023 0 123 23 153
person 0.0021 106 19 474 363
person 0.0020 318 54 341 78
person 0.0020 67 108 96 137
person 0.0018 159 109 195 249
person 0.0017 143 148 302 313
person 0.0015 26 166 46 191
person 0.0014 -1 115 32 202
person 0.0013 0 141 27 172
person 0.0011 166 104 192 136
person 0.0011 151 82 339 227
person 0.0011 129 111 189 163
person 0.0010 0 106 20 141
person 0.0010 260 121 289 148
bicycle 0.0142 225 141 283 173
car 0.0035 259 114 301 134
car 0.0032 215 110 296 178
car 0.0025 225 141 283 173
car 0.0025 218 131 435 178
car 0.0018 179 175 390 338
car 0.0017 349 77 466 138
car 0.0015 234 125 282 151
car 0.0013 77 159 508 371
car 0.0011 407 68 457 80
car 0.0010 210 131 381 219
car 0.0010 194 137 308 225
bus 0.0012 108 92 477 363
train 0.0012 -7 4 429 301
cat 0.0014 184 178 311 331
dog 0.0010 184 178 311 331
horse 0.0046 214 103 274 172
horse 0.0042 233 103 259 136
horse 0.0015 213 141 278 173
bottle 0.0024 384 100 405 142
bottle 0.0015 309 126 328 164
chair 0.0207 225 141 283 173
chair 0.0052 202 172 454 351
chair 0.0021 130 52 163 74
chair 0.0019 215 110 296 178
chair 0.0016 194 137 308 225
chair 0.0015 306 131 328 171
chair 0.0013 279 137 318 171
chair 0.0011 279 131 312 155
chair 0.0010 193 183 314 330
diningtable 0.0038 77 159 508 371
diningtable 0.0023 202 172 454 351
tvmonitor 0.0030 304 54 437 97
tvmonitor 0.0025 108 92 477 363
