person 0.0026 275 0 321 14
person 0.0014 241 -1 310 15
person 0.0013 137 4 387 414
person 0.0012 -54 -5 428 430
car 0.0026 5 186 169 408
car 0.0025 282 0 334 14
bottle 0.0059 275 0 321 14
bottle 0.0021 299 0 372 19
bottle 0.0013 186 11 365 260
chair 0.0186 12 193 178 437
chair 0.0034 186 11 365 260
chair 0.0028 1 180 57 263
chair 0.0011 0 407 21 487
pottedplant 0.0048 282 0 334 14
pottedplant 0.0010 1 180 57 263
diningtable 0.0012 251 3 373 50
tvmonitor 0.4501 186 11 365 260
tvmonitor 0.0298 5 186 169 408
tvmonitor 0.0055 212 11 330 159
tvmonitor 0.0048 163 81 360 333
tvmonitor 0.0022 251 61 347 191
tvmonitor 0.0013 174 168 331 271
tvmonitor 0.0011 230 3 358 62
tvmonitor 0.0010 164 207 355 391
