person 0.9951 92 156 183 421
person 0.0089 4 119 23 172
person 0.0064 3 117 25 208
person 0.0059 6 133 22 192
person 0.0055 38 139 62 184
person 0.0038 78 87 95 127
person 0.0036 18 138 41 186
person 0.0034 40 122 63 171
person 0.0029 33 127 71 192
person 0.0029 13 125 42 164
person 0.0026 7 126 49 196
person 0.0017 1 77 26 175
person 0.0017 2 101 22 145
person 0.0012 2 80 22 133
person 0.0010 228 162 255 208
person 0.0010 71 126 103 168
bicycle 0.0649 238 224 272 304
bicycle 0.0221 233 253 255 303
bicycle 0.0187 253 249 273 306
bicycle 0.0130 -1 199 69 309
bicycle 0.0076 247 235 270 289
bicycle 0.0033 102 258 181 412
bicycle 0.0026 237 235 257 290
bicycle 0.0022 244 226 270 255
bicycle 0.0020 228 274 256 310
bicycle 0.0012 209 206 275 305
bicycle 0.0011 254 274 272 311
car 0.0064 38 139 62 184
car 0.0062 2 173 97 233
car 0.0054 6 135 108 216
car 0.0043 217 146 265 216
car 0.0033 33 127 71 192
car 0.0032 6 190 53 220
car 0.0027 17 193 75 219
car 0.0026 5 147 52 217
car 0.0024 30 162 70 197
car 0.0020 53 138 80 183
car 0.0020 1 203 58 228
car 0.0018 27 147 72 214
car 0.0018 6 133 22 192
car 0.0017 0 189 61 251
car 0.0015 18 138 41 186
car 0.0015 13 162 42 202
car 0.0014 41 131 91 193
car 0.0014 173 143 269 214
car 0.0013 4 119 23 172
car 0.0013 7 126 49 196
car 0.0012 1 198 94 302
car 0.0012 5 151 20 208
car 0.0012 230 143 255 182
car 0.0011 223 191 259 217
car 0.0010 3 117 25 208
car 0.0010 14 99 122 190
motorbike 0.0024 238 224 272 304
motorbike 0.0023 97 250 182 416
horse 0.0013 8 93 111 185
sheep 0.0016 97 250 182 416
bottle 0.0016 167 312 187 349
bottle 0.0014 155 272 181 326
chair 0.0083 -1 199 69 309
chair 0.0029 230 223 267 304
chair 0.0012 233 253 255 303
pottedplant 0.0017 223 191 259 217
