person 0.0591 19 275 47 307
person 0.0518 19 262 39 297
person 0.0299 27 284 61 306
person 0.0020 27 256 57 295
person 0.0016 477 125 499 160
person 0.0015 9 264 55 311
person 0.0014 369 283 422 301
person 0.0010 222 134 245 169
bicycle 0.0044 27 284 61 306
bicycle 0.0015 19 275 47 307
bicycle 0.0010 96 297 127 334
car 0.9827 301 282 496 347
car 0.0064 27 284 61 306
car 0.0064 453 251 494 264
car 0.0034 305 303 375 346
car 0.0025 477 125 499 160
car 0.0019 19 275 47 307
car 0.0013 354 285 392 305
chair 0.0135 19 275 47 307
chair 0.0123 19 262 39 297
chair 0.0107 27 284 61 306
chair 0.0027 27 256 57 295
chair 0.0020 96 297 127 334
chair 0.0010 60 275 102 304
pottedplant 0.0682 -1 178 27 290
pottedplant 0.0383 27 284 61 306
pottedplant 0.0052 19 275 47 307
pottedplant 0.0045 323 154 393 285
pottedplant 0.0036 19 262 39 297
pottedplant 0.0016 0 209 21 259
pottedplant 0.0016 0 187 18 243
pottedplant 0.0015 447 262 503 315
pottedplant 0.0014 445 261 502 284
pottedplant 0.0013 18 264 68 308
pottedplant 0.0011 -1 287 107 334
pottedplant 0.0010 27 256 57 295
diningtable 0.0018 27 284 61 306
diningtable 0.0011 38 286 99 306
