person 0.0011 -3 291 126 375
bicycle 0.0027 106 242 453 372
bicycle 0.0010 193 184 462 357
car 0.0020 80 64 430 371
car 0.0012 23 221 477 380
boat 0.0035 23 221 477 380
boat 0.0029 146 5 492 365
cat 0.0068 110 62 462 376
dog 0.0970 163 42 387 266
dog 0.0222 110 62 462 376
dog 0.0027 116 178 392 363
sheep 0.0292 122 240 370 371
sheep 0.0026 51 163 457 360
bottle 0.0030 46 137 73 178
chair 0.0165 456 204 498 267
chair 0.0065 133 17 433 360
chair 0.0050 -3 291 126 375
chair 0.0028 2 195 84 350
chair 0.0019 99 183 161 223
chair 0.0016 334 285 425 371
chair 0.0014 1 -9 59 311
chair 0.0013 3 164 428 365
chair 0.0012 473 207 500 297
chair 0.0010 1 137 194 331
chair 0.0010 -2 180 72 288
sofa 0.0024 -1 308 126 376
sofa 0.0018 4 215 192 372
sofa 0.0010 -26 220 452 382
sofa 0.0010 133 17 433 360
pottedplant 0.0030 46 137 73 178
diningtable 0.0990 -1 308 126 376
diningtable 0.0144 23 221 477 380
diningtable 0.0082 4 215 192 372
diningtable 0.0041 1 249 107 371
diningtable 0.0027 122 240 370 371
diningtable 0.0020 73 264 165 368
diningtable 0.0011 110 62 462 376
diningtable 0.0010 -2 180 72 288
