person 0.7159 93 27 167 142
person 0.1318 23 59 303 213
person 0.1128 436 80 497 205
person 0.0677 418 117 495 223
person 0.0450 482 69 500 217
person 0.0450 16 45 175 132
person 0.0396 475 81 496 130
person 0.0230 332 129 356 162
person 0.0133 51 23 165 113
person 0.0093 451 79 495 142
person 0.0081 63 51 187 190
person 0.0079 -26 68 442 272
person 0.0070 223 169 266 230
person 0.0069 108 35 165 108
person 0.0066 198 115 293 225
person 0.0057 99 26 158 77
person 0.0046 239 138 278 222
person 0.0038 484 177 499 230
person 0.0035 436 143 462 174
person 0.0032 429 122 449 161
person 0.0031 430 114 487 170
person 0.0029 266 185 290 220
person 0.0029 483 93 500 147
person 0.0024 430 118 467 161
person 0.0023 153 102 285 193
person 0.0023 247 181 274 221
person 0.0022 487 112 500 174
person 0.0022 90 99 332 231
person 0.0015 452 183 490 221
person 0.0015 402 48 500 228
person 0.0014 432 170 469 194
person 0.0013 479 71 496 112
person 0.0012 423 143 455 176
person 0.0012 489 154 500 215
person 0.0011 411 63 496 155
person 0.0010 260 208 289 229
bicycle 0.0017 332 129 356 162
car 0.0053 143 132 285 212
car 0.0049 204 170 240 194
car 0.0048 147 171 216 194
car 0.0042 134 163 232 205
car 0.0039 14 83 318 243
car 0.0028 194 191 246 210
car 0.0025 296 173 333 191
car 0.0020 74 189 126 210
car 0.0019 198 115 293 225
car 0.0019 335 134 360 163
car 0.0017 167 190 236 208
car 0.0011 61 37 516 222
car 0.0010 123 178 316 224
aeroplane 0.0033 13 80 494 258
aeroplane 0.0011 134 163 232 205
bus 0.0091 147 171 216 194
bus 0.0048 134 163 232 205
bus 0.0029 13 80 494 258
bus 0.0022 207 160 471 212
bus 0.0016 98 174 269 220
bus 0.0015 143 132 285 212
train 0.0248 102 117 477 234
train 0.0151 207 160 471 212
train 0.0051 160 139 405 216
train 0.0032 61 37 516 222
train 0.0026 27 155 395 244
train 0.0021 -26 68 442 272
train 0.0014 134 163 232 205
boat 0.0010 190 169 486 226
bird 0.0061 332 129 356 162
bird 0.0018 432 111 499 223
cat 0.0030 432 111 499 223
dog 0.0249 418 117 495 223
dog 0.0163 23 59 303 213
dog 0.0073 332 129 356 162
dog 0.0060 430 114 487 170
dog 0.0019 16 45 175 132
dog 0.0014 436 80 497 205
horse 0.6468 23 59 303 213
horse 0.4327 432 111 499 223
horse 0.0340 411 81 498 198
horse 0.0154 16 45 175 132
horse 0.0080 484 86 500 240
horse 0.0068 443 175 498 226
horse 0.0053 -26 68 442 272
horse 0.0032 332 129 356 162
horse 0.0031 18 66 116 132
horse 0.0025 430 114 487 170
horse 0.0023 452 183 490 221
horse 0.0021 441 176 498 198
horse 0.0017 390 179 508 224
horse 0.0017 90 99 332 231
horse 0.0016 432 170 469 194
horse 0.0014 22 133 160 218
horse 0.0013 9 78 113 184
horse 0.0013 6 81 187 239
horse 0.0012 137 99 284 192
horse 0.0011 93 27 167 142
horse 0.0010 371 147 500 216
sheep 0.0036 332 129 356 162
sheep 0.0024 432 111 499 223
cow 0.0114 432 111 499 223
cow 0.0044 23 59 303 213
cow 0.0012 5 137 111 213
chair 0.0030 452 183 490 221
chair 0.0023 443 175 498 226
chair 0.0010 10 199 39 241
pottedplant 0.0060 335 134 360 163
pottedplant 0.0020 368 133 387 162
pottedplant 0.0010 338 145 367 166
tvmonitor 0.0027 65 -4 509 217
