person 0.0308 257 47 294 67
person 0.0138 0 53 91 152
person 0.0033 345 50 381 83
person 0.0024 0 0 28 77
person 0.0022 0 7 69 138
person 0.0012 0 19 29 142
person 0.0012 -1 70 102 208
person 0.0011 0 46 52 121
person 0.0011 266 46 327 69
person 0.0010 247 49 287 71
bird 0.0111 73 256 99 294
bird 0.0035 67 236 102 297
cat 0.0100 281 100 304 133
cat 0.0056 303 98 328 129
cat 0.0047 257 47 294 67
cat 0.0022 310 131 364 148
cat 0.0014 267 102 300 134
cat 0.0012 182 39 233 75
cat 0.0010 106 89 130 134
dog 0.0051 257 47 294 67
dog 0.0038 174 36 232 76
dog 0.0018 281 100 304 133
bottle 0.0015 264 257 295 329
bottle 0.0015 73 256 99 294
bottle 0.0014 263 289 290 329
chair 0.2053 0 58 116 302
chair 0.0367 -3 86 105 195
chair 0.0138 0 53 91 152
chair 0.0132 265 33 386 84
chair 0.0088 174 36 232 76
chair 0.0062 80 101 162 182
chair 0.0056 257 47 294 67
chair 0.0037 344 66 378 84
chair 0.0016 0 71 48 97
chair 0.0013 342 67 396 89
chair 0.0013 0 46 52 121
chair 0.0013 343 55 402 96
chair 0.0012 345 50 381 83
chair 0.0011 391 61 419 93
sofa 0.4665 0 58 116 302
sofa 0.0334 -1 63 95 167
sofa 0.0069 85 39 465 341
sofa 0.0051 -8 74 134 204
sofa 0.0045 -2 16 74 149
sofa 0.0023 265 33 386 84
sofa 0.0023 0 99 365 334
sofa 0.0021 0 63 57 144
pottedplant 0.2455 98 85 145 144
pottedplant 0.1386 105 83 131 132
pottedplant 0.0217 89 73 161 172
pottedplant 0.0077 93 110 150 181
pottedplant 0.0020 45 2 164 128
pottedplant 0.0014 68 109 90 139
diningtable 0.0198 -10 229 363 365
diningtable 0.0020 29 174 335 327
diningtable 0.0011 52 152 519 354
diningtable 0.0011 388 65 416 91
tvmonitor 0.0289 345 50 381 83
tvmonitor 0.0155 274 24 390 72
tvmonitor 0.0070 388 65 416 91
tvmonitor 0.0041 344 66 378 84
tvmonitor 0.0020 298 37 374 62
