person 0.9868 24 62 232 382
person 0.9843 285 29 323 107
person 0.8239 237 168 405 372
person 0.7222 255 61 479 377
person 0.2839 0 61 24 95
person 0.0602 0 -11 23 102
person 0.0223 116 71 225 308
person 0.0095 128 56 157 78
person 0.0084 138 55 181 77
person 0.0070 -1 45 25 108
person 0.0046 381 81 488 380
person 0.0046 126 69 215 215
person 0.0034 0 -74 26 88
person 0.0032 0 14 14 78
person 0.0030 305 36 328 84
person 0.0024 239 286 278 373
person 0.0022 337 182 375 285
person 0.0021 139 245 230 374
person 0.0020 7 71 116 376
person 0.0019 264 196 382 338
person 0.0018 0 37 22 202
person 0.0018 309 61 484 237
person 0.0016 238 252 323 366
person 0.0015 130 60 160 94
person 0.0014 251 151 348 287
person 0.0013 159 193 240 334
person 0.0011 142 159 256 369
car 0.0010 0 61 24 95
motorbike 0.0016 0 61 24 95
boat 0.0019 0 61 24 95
boat 0.0017 0 -11 23 102
boat 0.0017 189 71 475 377
bird 0.0292 0 61 24 95
bird 0.0013 0 24 24 96
bird 0.0010 128 56 157 78
cat 0.0028 0 61 24 95
dog 0.0553 0 61 24 95
dog 0.0010 -1 45 25 108
horse 0.0063 0 61 24 95
horse 0.0016 189 71 475 377
horse 0.0016 20 69 241 375
horse 0.0014 0 47 23 154
sheep 0.0068 0 61 24 95
cow 0.0218 0 61 24 95
bottle 0.0050 182 262 218 286
chair 0.0012 383 286 415 374
chair 0.0011 368 236 438 369
