person 0.9685 298 192 332 340
person 0.9236 162 114 278 340
person 0.0412 479 185 500 349
person 0.0134 262 233 298 334
person 0.0131 180 119 264 246
person 0.0107 273 223 298 262
person 0.0081 258 180 315 340
person 0.0024 479 71 500 303
person 0.0010 257 214 299 270
bicycle 0.0012 279 224 303 261
car 0.0062 273 223 298 262
car 0.0026 479 185 500 349
motorbike 0.0019 273 223 298 262
train 0.0023 479 185 500 349
boat 0.0011 479 185 500 349
horse 0.6772 155 142 294 352
horse 0.0897 183 225 294 337
horse 0.0123 273 223 298 262
horse 0.0119 262 233 298 334
horse 0.0113 156 218 216 343
horse 0.0068 258 180 315 340
horse 0.0046 186 216 220 351
horse 0.0021 204 136 295 280
horse 0.0017 157 262 203 344
horse 0.0016 257 214 299 270
horse 0.0012 175 121 259 300
bottle 0.0019 479 185 500 349
chair 0.0020 479 185 500 349
pottedplant 0.0011 479 185 500 349
