person 0.6704 71 72 297 380
person 0.3499 215 133 435 377
person 0.3455 311 6 503 375
person 0.0195 240 81 328 221
person 0.0119 150 0 494 385
person 0.0091 0 122 20 269
person 0.0081 331 125 385 153
person 0.0074 314 124 420 250
person 0.0063 325 127 388 182
person 0.0063 28 3 72 67
person 0.0043 257 125 331 246
person 0.0040 400 215 425 252
person 0.0037 -3 82 71 373
person 0.0036 220 75 338 290
person 0.0034 0 193 20 241
person 0.0032 268 161 320 233
person 0.0029 0 87 57 206
person 0.0026 2 210 56 269
person 0.0019 31 12 74 151
person 0.0015 0 195 23 354
person 0.0015 0 85 16 225
person 0.0013 32 203 61 235
person 0.0012 173 160 345 373
person 0.0012 298 155 330 242
person 0.0011 356 126 388 152
person 0.0011 270 101 322 214
person 0.0010 0 190 60 240
cat 0.0010 10 226 49 252
dog 0.0038 10 226 49 252
dog 0.0013 2 210 56 269
bottle 0.0269 91 150 107 195
bottle 0.0118 69 159 98 193
bottle 0.0058 161 18 177 57
bottle 0.0037 52 205 89 274
bottle 0.0029 132 13 151 59
bottle 0.0026 54 211 84 253
bottle 0.0018 168 19 181 57
bottle 0.0014 80 17 97 64
bottle 0.0013 82 212 103 248
bottle 0.0012 45 150 62 194
bottle 0.0010 0 13 15 68
bottle 0.0010 57 240 87 274
chair 0.0126 0 193 20 241
chair 0.0094 57 76 354 369
chair 0.0086 0 190 60 240
chair 0.0062 1 196 103 274
chair 0.0056 69 159 98 193
chair 0.0055 1 320 55 374
chair 0.0045 0 177 22 260
chair 0.0043 0 87 57 206
chair 0.0039 0 13 15 68
chair 0.0017 0 243 66 375
chair 0.0015 32 203 61 235
chair 0.0014 2 210 56 269
chair 0.0013 0 195 23 354
chair 0.0013 91 150 107 195
chair 0.0012 57 157 84 193
chair 0.0012 205 220 377 372
chair 0.0010 0 85 16 225
chair 0.0010 0 183 18 220
chair 0.0010 4 188 48 212
sofa 0.0943 1 196 103 274
sofa 0.0177 57 76 354 369
sofa 0.0153 0 177 121 369
sofa 0.0098 0 190 60 240
sofa 0.0052 0 193 20 241
sofa 0.0051 0 177 22 260
sofa 0.0038 89 150 492 359
sofa 0.0034 -3 82 71 373
sofa 0.0027 2 210 56 269
sofa 0.0022 -17 227 438 357
sofa 0.0020 205 220 377 372
pottedplant 0.0161 24 1 80 62
pottedplant 0.0027 52 205 89 274
pottedplant 0.0016 11 45 33 66
pottedplant 0.0013 2 210 56 269
pottedplant 0.0011 10 226 49 252
pottedplant 0.0010 117 90 166 146
diningtable 0.0223 -1 254 98 364
diningtable 0.0140 -1 214 102 296
diningtable 0.0124 0 177 121 369
diningtable 0.0020 -4 204 70 345
diningtable 0.0012 10 15 194 204
tvmonitor 0.0048 0 13 15 68
