person 0.2292 172 146 200 169
person 0.1642 148 148 180 170
person 0.1066 227 140 260 169
person 0.0984 207 141 240 167
person 0.0755 188 142 219 167
person 0.0393 240 135 273 167
person 0.0092 127 138 158 171
person 0.0021 237 129 290 172
person 0.0020 258 137 297 164
person 0.0017 186 132 255 151
person 0.0016 209 134 269 172
car 0.8686 74 127 420 231
car 0.0135 124 126 288 223
car 0.0105 240 142 406 211
car 0.0036 95 125 309 180
car 0.0011 130 126 305 156
car 0.0010 192 130 407 188
motorbike 0.0019 74 127 420 231
aeroplane 0.0118 74 127 420 231
bus 0.0105 69 142 429 231
boat 0.0023 74 127 420 231
dog 0.0017 148 148 180 170
dog 0.0014 172 146 200 169
