person 0.3485 17 10 219 267
person 0.0256 67 13 203 157
person 0.0036 52 0 333 245
person 0.0010 46 8 152 238
person 0.0010 58 98 228 239
bicycle 0.1722 5 143 179 258
bicycle 0.0932 31 76 304 268
bicycle 0.0112 58 98 228 239
bicycle 0.0059 145 97 325 287
bicycle 0.0010 46 176 173 228
car 0.0031 31 76 304 268
motorbike 0.1719 31 76 304 268
motorbike 0.0026 6 160 178 261
motorbike 0.0017 80 130 259 252
boat 0.0018 17 10 219 267
chair 0.0198 6 160 178 261
chair 0.0100 140 133 207 195
chair 0.0058 58 98 228 239
chair 0.0014 46 24 188 252
chair 0.0013 129 112 212 177
chair 0.0013 31 76 304 268
sofa 0.0010 49 99 337 280
diningtable 0.0015 -21 156 305 275
