person 0.3727 483 189 499 274
person 0.0652 380 176 414 247
person 0.0524 387 206 413 249
person 0.0331 298 126 328 234
person 0.0320 281 126 318 234
person 0.0199 477 115 498 166
person 0.0096 484 206 500 334
person 0.0089 272 175 288 223
person 0.0077 478 117 499 270
person 0.0064 302 131 327 170
person 0.0057 267 128 290 231
person 0.0053 389 120 415 164
person 0.0045 385 178 410 221
person 0.0042 442 207 462 261
person 0.0040 456 175 486 261
person 0.0038 290 173 308 229
person 0.0034 349 188 366 240
person 0.0031 249 130 275 224
person 0.0030 457 200 475 259
person 0.0029 485 244 500 295
person 0.0024 289 248 309 292
person 0.0020 302 172 322 227
person 0.0020 474 106 500 204
person 0.0019 254 171 271 219
person 0.0016 210 141 228 213
person 0.0013 285 134 312 178
person 0.0013 383 122 416 234
person 0.0013 277 162 321 255
person 0.0013 438 193 471 265
person 0.0010 453 121 496 266
person 0.0010 373 211 416 334
person 0.0010 484 165 499 232
car 0.0018 481 169 499 266
bus 0.0060 135 48 504 333
train 0.8981 64 19 516 327
cat 0.0030 483 189 499 274
dog 0.0017 483 189 499 274
chair 0.0017 387 206 413 249
