person 0.5368 22 47 401 503
person 0.0534 0 333 36 465
person 0.0105 0 344 65 483
person 0.0100 355 456 426 480
person 0.0024 286 135 423 416
person 0.0020 323 465 416 480
person 0.0014 -1 342 142 480
person 0.0013 339 430 425 480
person 0.0012 189 49 431 434
person 0.0011 288 201 377 332
person 0.0010 14 149 123 399
car 0.0017 -1 344 37 481
car 0.0010 30 34 394 445
motorbike 0.0052 8 48 348 504
motorbike 0.0012 0 333 36 465
boat 0.0042 22 47 401 503
dog 0.0081 8 48 348 504
chair 0.0063 8 48 348 504
chair 0.0059 7 278 414 484
chair 0.0018 371 453 426 480
chair 0.0011 65 363 357 478
chair 0.0011 -1 344 37 481
chair 0.0011 73 423 361 480
sofa 0.0016 30 34 394 445
