person 0.9418 -7 56 349 383
person 0.7989 238 54 494 383
person 0.0085 398 111 502 356
person 0.0011 0 87 129 296
chair 0.2892 3 137 110 228
chair 0.0231 2 133 123 327
chair 0.0121 401 141 502 203
chair 0.0075 -7 56 349 383
chair 0.0066 11 207 51 232
chair 0.0054 0 152 52 239
chair 0.0046 0 36 136 261
chair 0.0043 0 225 23 319
chair 0.0036 401 149 499 373
chair 0.0031 0 202 47 269
chair 0.0028 0 212 23 258
chair 0.0023 162 19 487 382
chair 0.0019 11 213 43 244
chair 0.0018 0 200 58 329
chair 0.0015 0 191 27 283
chair 0.0014 -12 242 337 375
chair 0.0013 476 171 500 380
chair 0.0013 0 128 25 266
chair 0.0010 0 202 25 231
chair 0.0010 0 226 19 284
sofa 0.0031 -15 70 420 379
sofa 0.0029 401 149 499 373
sofa 0.0026 397 139 499 209
sofa 0.0017 3 137 110 228
sofa 0.0011 377 43 503 342
sofa 0.0010 238 54 494 383
diningtable 0.0316 0 138 103 225
tvmonitor 0.0021 68 6 508 310
