person 0.0148 -1 180 36 365
person 0.0087 -1 251 37 338
person 0.0074 135 12 425 354
person 0.0034 374 -2 497 236
person 0.0020 -1 151 55 293
person 0.0019 -26 -1 385 319
person 0.0018 -2 75 58 375
person 0.0012 -1 79 132 363
car 0.0476 164 22 395 276
car 0.0220 103 -8 413 378
car 0.0052 374 -2 497 236
car 0.0028 301 24 435 255
car 0.0021 1 148 40 284
motorbike 0.0400 103 -8 413 378
motorbike 0.0083 164 22 395 276
aeroplane 0.0019 135 12 425 354
boat 0.0021 0 2 415 373
boat 0.0016 374 -2 497 236
boat 0.0013 167 33 394 329
bird 0.0018 164 22 395 276
cat 0.0019 153 195 240 310
horse 0.0019 149 34 373 329
bottle 0.6507 14 84 168 366
bottle 0.0037 -4 17 130 294
bottle 0.0029 26 23 236 288
bottle 0.0024 27 94 154 180
bottle 0.0024 -1 111 57 283
bottle 0.0021 164 22 395 276
chair 0.1176 374 -2 497 236
chair 0.0093 357 155 431 236
chair 0.0074 397 86 497 229
chair 0.0071 365 -3 500 120
chair 0.0031 167 33 394 329
chair 0.0020 363 0 496 57
chair 0.0019 357 185 464 264
chair 0.0016 -1 180 36 365
chair 0.0011 0 271 42 351
sofa 0.1949 374 -2 497 236
sofa 0.0116 397 86 497 229
pottedplant 0.0949 361 156 424 230
pottedplant 0.0771 301 24 435 255
pottedplant 0.0531 331 -10 491 241
pottedplant 0.0526 329 90 416 219
pottedplant 0.0316 228 -6 425 218
pottedplant 0.0043 349 151 393 214
pottedplant 0.0038 396 126 497 233
pottedplant 0.0026 165 -10 474 308
pottedplant 0.0025 374 199 492 259
pottedplant 0.0018 0 -18 186 240
pottedplant 0.0018 -7 16 284 370
pottedplant 0.0016 349 113 401 210
pottedplant 0.0014 347 108 411 160
pottedplant 0.0014 311 51 415 175
diningtable 0.0028 -40 13 398 368
diningtable 0.0021 -1 284 353 370
diningtable 0.0013 374 -2 497 236
tvmonitor 0.0037 374 -2 497 236
