person 0.0289 40 45 376 174
person 0.0130 73 27 493 280
person 0.0039 16 71 420 379
person 0.0026 205 42 444 198
person 0.0020 68 48 275 120
person 0.0013 224 50 352 164
cat 0.0011 16 71 420 379
dog 0.0406 36 65 473 381
dog 0.0357 40 45 376 174
dog 0.0248 236 47 356 165
dog 0.0160 136 51 452 224
dog 0.0077 0 6 494 229
dog 0.0035 175 53 326 161
chair 0.0106 16 71 420 379
chair 0.0037 321 12 497 204
chair 0.0034 412 52 499 193
chair 0.0028 -2 80 141 377
chair 0.0011 409 139 457 193
chair 0.0011 46 50 225 116
sofa 0.0958 45 72 523 373
sofa 0.0396 -2 80 141 377
sofa 0.0115 15 65 338 232
sofa 0.0056 321 12 497 204
sofa 0.0027 5 63 291 388
sofa 0.0019 0 6 494 229
