person 0.8819 211 140 289 262
person 0.0381 235 153 281 234
person 0.0286 264 143 295 173
person 0.0168 247 146 280 175
person 0.0136 301 146 339 172
person 0.0129 253 140 294 206
person 0.0121 -1 258 54 326
person 0.0110 -2 245 95 328
person 0.0104 0 180 60 322
person 0.0098 0 154 25 309
person 0.0096 297 156 336 187
person 0.0095 211 107 230 136
person 0.0090 210 147 271 212
person 0.0077 98 116 125 146
person 0.0072 166 138 275 252
person 0.0069 280 144 309 179
person 0.0062 342 161 371 187
person 0.0061 377 125 402 144
person 0.0037 -1 225 27 319
person 0.0028 286 153 313 185
person 0.0026 350 124 401 142
person 0.0023 332 125 387 139
person 0.0023 0 208 17 266
person 0.0022 474 121 497 159
person 0.0015 259 149 286 189
person 0.0013 9 282 83 328
person 0.0013 0 115 24 231
person 0.0013 271 137 319 182
person 0.0012 207 161 244 227
person 0.0012 480 135 499 296
person 0.0012 224 189 255 269
person 0.0012 289 141 345 183
person 0.0012 126 79 298 255
person 0.0011 378 155 411 187
person 0.0011 247 154 279 196
person 0.0011 209 135 356 203
person 0.0010 313 156 353 186
person 0.0010 166 131 355 286
bicycle 0.0020 211 107 230 136
car 0.7582 169 128 501 304
car 0.1382 410 131 463 148
car 0.0629 98 116 125 146
car 0.0432 345 137 473 185
car 0.0135 377 125 402 144
car 0.0120 260 125 488 194
car 0.0079 350 124 401 142
car 0.0079 457 129 491 152
car 0.0053 153 130 265 220
car 0.0048 -1 258 54 326
car 0.0044 394 125 430 150
car 0.0042 0 124 24 159
car 0.0035 -2 245 95 328
car 0.0035 481 152 500 314
car 0.0034 0 183 27 321
car 0.0032 101 111 134 137
car 0.0031 431 164 477 187
car 0.0027 0 180 60 322
car 0.0023 204 136 306 220
car 0.0023 134 124 220 221
car 0.0023 408 137 458 162
car 0.0022 166 131 355 286
car 0.0019 122 114 163 133
car 0.0018 211 107 230 136
car 0.0017 11 25 413 308
car 0.0016 474 121 497 159
car 0.0016 376 120 485 161
car 0.0015 443 164 500 315
car 0.0012 90 113 128 160
car 0.0012 421 140 479 161
car 0.0012 0 233 20 268
car 0.0012 477 162 500 195
car 0.0011 2 111 133 198
car 0.0011 122 119 161 143
car 0.0010 275 127 321 141
car 0.0010 -4 151 130 333
car 0.0010 354 126 503 311
car 0.0010 407 163 464 191
motorbike 0.0011 -1 258 54 326
aeroplane 0.0056 11 25 413 308
aeroplane 0.0034 2 111 133 198
aeroplane 0.0027 66 136 524 284
bus 0.0034 423 132 474 147
bus 0.0024 98 107 124 137
boat 0.1885 2 111 133 198
boat 0.0233 0 124 24 159
boat 0.0081 1 119 27 187
boat 0.0023 423 132 474 147
boat 0.0016 -7 110 144 304
boat 0.0012 11 25 413 308
boat 0.0010 0 149 23 190
bird 0.0040 0 259 28 329
bird 0.0029 -1 258 54 326
dog 0.0055 101 118 133 144
bottle 0.0037 0 259 28 329
bottle 0.0017 -1 258 54 326
tvmonitor 0.0016 2 111 133 198
