person 0.1263 -11 76 438 370
person 0.0552 0 131 193 323
person 0.0280 59 37 521 277
person 0.0160 141 113 499 258
person 0.0109 34 115 315 330
person 0.0041 473 146 500 284
person 0.0039 2 152 103 305
person 0.0020 12 210 488 372
person 0.0014 -17 -31 435 189
person 0.0011 477 78 500 241
person 0.0011 478 168 500 219
cat 0.5685 156 201 480 319
cat 0.1287 341 195 448 246
cat 0.0321 195 203 433 279
cat 0.0166 75 86 513 363
cat 0.0092 308 199 448 269
cat 0.0036 104 113 400 248
cat 0.0028 326 225 468 276
cat 0.0011 379 211 450 249
cat 0.0010 2 152 103 305
cat 0.0010 158 204 269 320
cat 0.0010 78 183 348 336
dog 0.1079 156 201 480 319
dog 0.0428 341 195 448 246
dog 0.0245 -11 76 438 370
dog 0.0085 195 203 433 279
dog 0.0056 0 131 193 323
dog 0.0017 104 113 400 248
dog 0.0016 33 -5 463 243
dog 0.0015 137 137 500 383
dog 0.0012 308 199 448 269
bottle 0.0018 182 185 236 239
bottle 0.0011 6 212 97 308
bottle 0.0010 187 296 217 324
chair 0.0101 135 90 497 359
chair 0.0033 473 146 500 284
chair 0.0030 478 168 500 219
chair 0.0025 -18 38 442 340
chair 0.0012 143 221 496 367
sofa 0.0905 33 37 469 342
sofa 0.0161 143 221 496 367
sofa 0.0073 65 -30 511 190
sofa 0.0033 473 146 500 284
sofa 0.0021 0 126 363 384
sofa 0.0020 104 113 400 248
sofa 0.0016 1 160 190 340
sofa 0.0015 28 6 390 138
sofa 0.0013 472 197 500 314
sofa 0.0012 161 157 475 302
sofa 0.0011 0 -3 361 241
