person 0.0120 156 190 191 209
car 0.0196 156 190 191 209
car 0.0045 109 225 240 429
car 0.0036 99 196 150 217
car 0.0029 29 186 60 209
car 0.0025 -1 237 243 491
car 0.0021 116 206 158 225
car 0.0019 49 169 71 203
car 0.0017 122 191 231 250
car 0.0017 126 204 219 295
car 0.0016 98 205 148 226
car 0.0013 121 191 202 209
car 0.0010 178 210 214 233
car 0.0010 167 194 223 212
motorbike 0.0040 92 212 233 433
motorbike 0.0021 -1 195 371 520
aeroplane 0.0022 109 225 240 429
bird 0.0015 164 321 192 362
sheep 0.0016 198 206 238 226
chair 0.0324 126 204 219 295
chair 0.0062 138 232 212 283
chair 0.0054 113 214 202 366
chair 0.0053 198 206 238 226
chair 0.0040 109 225 240 429
chair 0.0021 178 210 214 233
chair 0.0020 147 194 203 249
chair 0.0013 157 199 197 234
diningtable 0.0016 156 190 191 209
diningtable 0.0011 5 213 234 447
diningtable 0.0011 106 196 165 214
diningtable 0.0010 -1 195 371 520
