person 0.9735 207 102 435 366
person 0.9408 1 55 257 377
person 0.0203 203 318 263 372
person 0.0148 94 166 263 358
person 0.0129 43 150 463 373
person 0.0123 115 169 237 276
person 0.0067 2 91 94 306
person 0.0060 156 267 293 363
person 0.0058 139 181 358 353
person 0.0051 124 221 231 304
person 0.0039 303 91 407 148
person 0.0029 165 175 246 269
person 0.0026 335 90 387 119
person 0.0024 125 262 156 326
person 0.0016 -1 23 17 215
person 0.0015 74 167 193 281
person 0.0014 159 312 280 376
person 0.0013 144 157 189 233
person 0.0011 301 293 479 375
person 0.0011 403 79 425 126
bicycle 0.0182 301 293 479 375
bicycle 0.0070 393 330 467 374
bicycle 0.0035 172 216 474 373
bicycle 0.0017 43 150 463 373
bicycle 0.0014 277 296 388 372
car 0.0036 303 91 407 148
car 0.0036 127 247 185 268
car 0.0016 50 -7 525 158
car 0.0014 348 91 390 120
car 0.0012 403 79 425 126
car 0.0010 452 105 487 131
motorbike 0.0118 172 216 474 373
motorbike 0.0068 298 284 460 376
motorbike 0.0043 166 270 308 357
motorbike 0.0035 3 140 417 381
motorbike 0.0032 138 242 346 371
motorbike 0.0017 292 268 374 358
motorbike 0.0016 210 229 343 280
motorbike 0.0010 205 263 354 346
aeroplane 0.0163 50 -7 525 158
boat 0.0026 172 216 474 373
boat 0.0011 50 -7 525 158
bird 0.0022 201 176 247 226
bottle 0.0562 288 301 315 331
bottle 0.0165 311 289 370 344
bottle 0.0146 287 310 317 342
bottle 0.0023 285 300 320 363
bottle 0.0022 201 176 247 226
bottle 0.0021 281 286 384 376
bottle 0.0019 308 259 431 365
bottle 0.0018 284 285 314 311
bottle 0.0016 335 289 374 325
bottle 0.0014 342 319 372 347
bottle 0.0012 306 279 332 313
bottle 0.0011 305 313 369 345
bottle 0.0011 327 292 380 360
bottle 0.0010 324 280 351 314
chair 0.0131 393 330 467 374
chair 0.0095 427 304 464 334
chair 0.0089 422 305 467 367
chair 0.0067 301 293 479 375
chair 0.0054 0 295 98 369
chair 0.0030 128 245 171 267
chair 0.0028 203 318 263 372
chair 0.0025 175 297 303 370
chair 0.0024 0 305 56 351
chair 0.0016 4 131 106 378
chair 0.0014 206 121 440 380
chair 0.0014 423 288 468 341
chair 0.0013 438 334 466 373
chair 0.0011 307 115 335 157
chair 0.0011 411 249 488 362
chair 0.0010 157 354 207 378
