car 0.0042 29 26 59 50
car 0.0035 10 24 45 49
boat 0.3324 269 147 296 163
boat 0.0511 260 102 307 130
boat 0.0039 267 133 300 155
boat 0.0037 279 151 351 163
boat 0.0036 65 130 284 164
boat 0.0028 176 131 225 148
boat 0.0024 1 16 419 359
boat 0.0022 239 104 282 131
boat 0.0021 223 130 261 149
boat 0.0021 266 147 320 161
boat 0.0019 154 129 209 146
boat 0.0018 80 133 125 150
boat 0.0015 105 122 299 156
boat 0.0015 171 146 231 161
boat 0.0014 153 146 210 162
boat 0.0013 103 140 301 176
boat 0.0013 217 146 266 161
boat 0.0012 6 122 98 188
boat 0.0011 43 186 94 209
boat 0.0011 197 85 313 128
boat 0.0010 133 128 193 145
boat 0.0010 195 128 243 147
