person 0.7568 288 226 335 292
person 0.0867 294 230 327 273
person 0.0090 284 226 322 258
person 0.0040 41 199 58 232
person 0.0035 280 251 347 292
person 0.0026 193 259 233 288
person 0.0015 283 218 339 263
bicycle 0.9458 280 251 347 292
bicycle 0.0930 282 264 318 294
bicycle 0.0406 319 266 350 291
bicycle 0.0039 209 257 350 296
bicycle 0.0035 249 262 314 290
bicycle 0.0034 288 226 335 292
bicycle 0.0034 294 230 327 273
bicycle 0.0030 282 234 445 293
bicycle 0.0027 264 264 382 309
bicycle 0.0019 323 262 385 285
bicycle 0.0016 284 226 322 258
bicycle 0.0016 275 251 392 297
bicycle 0.0011 285 272 348 296
car 0.0244 418 237 437 259
car 0.0206 143 248 183 271
car 0.0107 403 238 433 261
car 0.0051 193 259 233 288
car 0.0019 138 249 163 270
car 0.0017 141 260 187 277
car 0.0014 425 243 485 261
car 0.0012 373 241 418 269
motorbike 0.0011 280 251 347 292
aeroplane 0.0252 264 141 359 226
aeroplane 0.0100 233 53 408 248
aeroplane 0.0049 83 27 496 284
aeroplane 0.0023 256 118 373 205
aeroplane 0.0014 293 124 454 195
aeroplane 0.0012 -16 100 437 339
bus 0.0052 412 138 498 218
bus 0.0023 330 200 373 217
bus 0.0012 143 248 183 271
train 0.0019 412 138 498 218
boat 0.0028 -16 100 437 339
horse 0.0020 189 181 217 218
chair 0.0040 282 264 318 294
chair 0.0020 193 259 233 288
chair 0.0015 288 230 322 268
chair 0.0010 189 181 217 218
chair 0.0010 288 256 344 295
tvmonitor 0.0113 -3 0 176 46
