person 0.0175 232 115 287 160
person 0.0070 250 114 304 160
person 0.0067 214 123 265 151
person 0.0045 337 141 363 169
person 0.0034 275 119 315 154
person 0.0028 337 121 365 163
person 0.0015 280 111 316 138
person 0.0014 259 110 300 136
person 0.0014 200 122 244 149
person 0.0012 240 111 279 137
person 0.0011 179 126 224 150
person 0.0010 221 111 267 137
person 0.0010 383 65 416 85
car 0.9255 5 86 482 350
car 0.7969 390 66 430 83
car 0.4853 416 66 453 82
car 0.1297 426 64 471 87
car 0.0432 425 61 468 75
car 0.0381 383 65 416 85
car 0.0356 335 73 367 90
car 0.0070 455 66 485 97
car 0.0023 406 126 432 149
car 0.0017 353 69 398 88
motorbike 0.0129 0 81 448 360
bus 0.0023 412 64 460 78
bus 0.0019 425 61 468 75
bus 0.0012 390 66 430 83
dog 0.0021 337 141 363 169
cow 0.0011 335 73 367 90
chair 0.0011 33 57 55 103
pottedplant 0.0014 335 73 367 90
