person 0.9798 52 186 92 292
person 0.8451 0 158 31 316
person 0.5645 366 220 464 371
person 0.4690 476 204 499 337
person 0.4168 344 180 411 333
person 0.0760 23 171 100 298
person 0.0510 441 188 459 238
person 0.0475 367 191 411 284
person 0.0444 335 230 412 373
person 0.0374 308 200 329 258
person 0.0251 94 177 116 214
person 0.0249 448 197 499 335
person 0.0197 485 224 500 288
person 0.0196 28 190 63 283
person 0.0149 -1 152 17 197
person 0.0149 480 265 499 325
person 0.0134 90 162 113 196
person 0.0130 0 171 28 260
person 0.0122 476 208 499 253
person 0.0110 423 194 448 233
person 0.0084 55 180 80 214
person 0.0074 440 210 463 250
person 0.0065 373 211 456 302
person 0.0064 471 199 499 235
person 0.0060 458 254 493 329
person 0.0059 4 161 41 241
person 0.0056 412 217 485 366
person 0.0053 33 196 58 229
person 0.0053 37 158 135 284
person 0.0052 455 201 495 273
person 0.0051 373 218 411 337
person 0.0050 -1 170 15 228
person 0.0047 71 183 97 214
person 0.0047 0 228 27 317
person 0.0046 435 198 468 268
person 0.0045 88 198 112 225
person 0.0044 425 254 472 334
person 0.0040 403 210 451 264
person 0.0038 406 184 457 244
person 0.0038 461 275 484 320
person 0.0032 85 187 114 285
person 0.0032 -1 132 131 312
person 0.0024 78 196 99 233
person 0.0021 12 153 49 187
person 0.0021 15 179 39 223
person 0.0021 0 250 21 299
person 0.0020 400 197 430 230
person 0.0019 -1 149 21 178
person 0.0019 379 193 409 232
person 0.0019 378 9 402 49
person 0.0018 45 140 87 166
person 0.0018 69 143 109 175
person 0.0018 469 186 500 251
person 0.0015 88 145 121 178
person 0.0014 30 221 60 252
person 0.0014 353 259 403 325
person 0.0013 83 168 121 222
person 0.0013 0 226 17 280
person 0.0012 337 150 474 312
person 0.0012 464 247 487 292
person 0.0012 20 188 39 240
person 0.0011 428 253 462 280
person 0.0010 335 174 417 260
person 0.0010 72 164 105 193
person 0.0010 435 247 502 379
bicycle 0.0388 461 275 484 320
bicycle 0.0089 458 254 493 329
bicycle 0.0027 464 247 487 292
bicycle 0.0022 337 298 475 374
bicycle 0.0018 440 210 463 250
bicycle 0.0015 366 220 464 371
bicycle 0.0012 455 201 495 273
bicycle 0.0012 476 184 499 333
bicycle 0.0011 308 200 329 258
bicycle 0.0011 485 224 500 288
car 0.3249 4 129 165 265
car 0.1136 -1 149 21 178
car 0.0997 -1 139 146 211
car 0.0755 -1 152 17 197
car 0.0358 471 199 499 235
car 0.0240 324 203 346 235
car 0.0235 8 149 52 180
car 0.0178 -1 147 57 197
car 0.0177 7 142 83 184
car 0.0071 454 193 498 247
car 0.0071 87 134 355 268
car 0.0060 4 161 41 241
car 0.0057 0 156 22 245
car 0.0052 423 194 448 233
car 0.0046 441 188 459 238
car 0.0045 45 140 87 166
car 0.0044 453 194 498 312
car 0.0042 20 155 64 187
car 0.0032 471 189 500 289
car 0.0029 406 184 457 244
car 0.0028 103 139 241 247
car 0.0028 32 186 62 223
car 0.0028 37 158 135 284
car 0.0027 23 171 100 298
car 0.0027 476 208 499 253
car 0.0026 15 179 39 223
car 0.0026 0 148 101 241
car 0.0025 -1 170 15 228
car 0.0023 341 196 373 230
car 0.0022 461 275 484 320
car 0.0021 476 242 499 335
car 0.0021 354 197 382 225
car 0.0020 28 165 65 229
car 0.0020 -1 132 26 192
car 0.0019 434 245 466 275
car 0.0015 458 254 493 329
car 0.0015 5 138 277 287
car 0.0015 400 197 430 230
car 0.0012 306 196 330 248
car 0.0012 38 135 99 154
car 0.0010 419 186 446 218
motorbike 0.0043 455 212 498 332
motorbike 0.0042 461 275 484 320
motorbike 0.0030 337 298 475 374
motorbike 0.0027 366 220 464 371
motorbike 0.0021 476 204 499 337
motorbike 0.0010 327 296 406 373
motorbike 0.0010 -1 149 21 178
aeroplane 0.0099 71 144 362 277
bus 0.0063 93 135 381 266
bus 0.0025 441 188 459 238
bus 0.0016 471 199 499 235
bus 0.0016 321 162 349 232
bus 0.0012 392 190 440 216
bus 0.0012 419 186 446 218
train 0.6586 87 134 355 268
train 0.0052 65 112 501 333
train 0.0051 103 139 241 247
train 0.0034 343 175 413 296
train 0.0017 321 162 349 232
train 0.0012 9 20 421 276
boat 0.0372 71 144 362 277
boat 0.0013 392 307 487 369
boat 0.0011 337 298 475 374
bird 0.0020 378 9 402 49
dog 0.0014 377 258 400 295
horse 0.0026 308 200 329 258
horse 0.0013 343 175 413 296
bottle 0.0013 377 258 400 295
chair 0.0100 461 275 484 320
chair 0.0073 455 212 498 332
chair 0.0050 455 201 495 273
chair 0.0045 444 327 500 374
chair 0.0038 476 184 499 333
chair 0.0026 452 0 498 59
chair 0.0024 458 209 491 249
chair 0.0022 485 224 500 288
chair 0.0018 481 283 500 336
chair 0.0017 452 2 499 125
chair 0.0017 435 198 468 268
chair 0.0016 440 210 463 250
chair 0.0016 464 247 487 292
chair 0.0012 444 354 499 374
chair 0.0012 453 238 486 273
chair 0.0012 483 313 500 344
chair 0.0011 453 325 496 347
chair 0.0010 378 2 452 52
pottedplant 0.0014 33 196 58 229
diningtable 0.0153 444 327 500 374
diningtable 0.0032 453 325 496 347
diningtable 0.0015 455 212 498 332
diningtable 0.0011 483 313 500 344
diningtable 0.0010 453 238 486 273
diningtable 0.0010 434 245 466 275
