person 0.0776 -2 248 100 334
person 0.0243 0 263 64 329
person 0.0063 124 16 447 264
person 0.0022 0 184 69 321
person 0.0021 12 242 162 331
person 0.0010 0 147 107 338
train 0.0026 118 6 449 318
bird 0.0259 256 86 286 110
bird 0.0019 149 3 425 259
bird 0.0013 256 70 300 127
cat 0.0025 0 263 64 329
dog 0.0049 0 263 64 329
dog 0.0013 -2 248 100 334
dog 0.0011 149 3 425 259
bottle 0.0023 333 203 381 235
bottle 0.0023 241 192 286 276
bottle 0.0021 318 50 423 272
bottle 0.0011 340 203 406 259
bottle 0.0010 325 198 347 234
chair 0.0405 442 157 499 322
chair 0.0122 258 287 389 330
chair 0.0090 1 262 87 327
chair 0.0072 254 246 393 331
chair 0.0063 335 191 410 277
chair 0.0045 453 160 497 221
chair 0.0034 12 242 162 331
chair 0.0022 100 8 425 323
chair 0.0016 154 216 270 289
chair 0.0011 373 204 416 265
chair 0.0010 163 210 407 329
chair 0.0010 0 -7 108 336
sofa 0.0418 -2 248 100 334
sofa 0.0088 0 263 64 329
sofa 0.0032 12 242 162 331
pottedplant 0.0072 233 171 327 260
pottedplant 0.0021 244 190 349 280
pottedplant 0.0015 445 167 500 335
diningtable 0.0064 163 210 407 329
diningtable 0.0024 254 246 393 331
diningtable 0.0023 100 8 425 323
tvmonitor 0.0039 118 6 449 318
