person 0.0092 0 164 12 233
person 0.0069 112 158 136 192
person 0.0061 135 164 162 196
person 0.0046 102 147 119 184
person 0.0034 120 178 141 213
person 0.0023 471 64 500 134
person 0.0017 281 3 302 41
person 0.0017 454 46 488 66
person 0.0016 170 4 192 45
person 0.0015 0 156 16 205
person 0.0012 414 149 440 198
person 0.0011 459 77 485 123
car 0.0360 184 49 223 70
car 0.0156 194 47 247 70
car 0.0066 410 47 462 64
car 0.0053 212 52 264 72
car 0.0046 170 49 203 70
car 0.0039 371 49 415 66
car 0.0032 308 50 369 67
car 0.0028 332 47 374 65
car 0.0025 444 298 499 324
car 0.0024 194 38 248 59
car 0.0020 254 53 304 74
car 0.0019 349 47 395 67
car 0.0019 204 6 237 39
car 0.0014 210 37 274 58
car 0.0012 370 51 457 66
car 0.0011 42 53 92 74
car 0.0011 246 53 279 74
aeroplane 0.0025 274 8 452 54
aeroplane 0.0024 39 5 304 54
aeroplane 0.0023 156 7 337 58
bus 0.0073 308 50 369 67
bus 0.0060 254 53 304 74
bus 0.0042 410 47 462 64
bus 0.0030 170 49 203 70
bus 0.0027 194 47 247 70
bus 0.0020 39 5 304 54
bus 0.0015 184 49 223 70
bus 0.0013 332 47 374 65
bus 0.0012 212 52 264 72
bus 0.0011 170 4 192 45
train 0.1007 274 8 452 54
train 0.0274 39 5 304 54
train 0.0196 161 8 414 57
train 0.0157 265 24 448 65
train 0.0106 -2 119 106 194
train 0.0096 273 37 465 91
train 0.0090 410 47 462 64
train 0.0085 386 8 500 56
train 0.0074 1 133 57 189
train 0.0070 316 37 387 58
train 0.0061 0 110 21 248
train 0.0059 404 40 460 60
train 0.0058 0 156 16 205
train 0.0054 308 50 369 67
train 0.0054 332 47 374 65
train 0.0050 -1 102 64 207
train 0.0049 349 47 395 67
train 0.0048 371 49 415 66
train 0.0040 0 151 16 246
train 0.0039 344 38 407 56
train 0.0036 0 99 29 178
train 0.0033 361 28 502 64
train 0.0032 48 -13 376 80
train 0.0031 404 143 499 207
train 0.0029 -24 97 446 358
train 0.0028 304 127 505 188
train 0.0028 0 116 23 164
train 0.0026 170 4 192 45
train 0.0025 363 41 414 60
train 0.0024 370 51 457 66
train 0.0023 69 -14 510 310
train 0.0021 19 139 247 375
train 0.0020 21 7 170 48
train 0.0020 176 -15 474 87
train 0.0019 437 0 463 36
train 0.0017 321 2 505 48
train 0.0016 369 36 493 78
train 0.0014 103 119 259 181
train 0.0014 20 46 247 88
train 0.0014 161 0 324 49
train 0.0014 22 18 224 63
train 0.0012 270 -8 464 27
train 0.0012 378 37 457 55
train 0.0011 -1 140 18 177
train 0.0011 246 39 403 81
train 0.0011 61 146 194 231
train 0.0010 403 110 503 173
train 0.0010 254 53 304 74
train 0.0010 -4 87 111 149
boat 0.0021 274 8 452 54
boat 0.0019 254 53 304 74
boat 0.0016 308 50 369 67
boat 0.0013 212 52 264 72
boat 0.0013 194 47 247 70
boat 0.0011 0 151 16 246
boat 0.0010 184 49 223 70
chair 0.0011 75 28 138 48
