person 0.0089 97 -1 238 62
person 0.0064 58 1 273 149
person 0.0061 373 15 408 36
person 0.0055 0 49 13 114
person 0.0042 393 9 426 38
person 0.0035 479 25 499 51
person 0.0029 478 3 499 51
person 0.0027 445 26 490 48
person 0.0026 293 13 342 32
person 0.0022 32 18 389 287
person 0.0020 435 16 476 45
person 0.0018 0 72 17 123
person 0.0016 413 11 453 42
person 0.0015 334 14 374 33
person 0.0015 0 56 23 176
person 0.0015 52 1 107 53
person 0.0014 409 328 457 371
person 0.0012 0 90 17 155
bicycle 0.0015 373 15 408 36
bicycle 0.0015 393 9 426 38
car 0.0031 373 15 408 36
car 0.0011 479 25 499 51
car 0.0010 393 9 426 38
boat 0.0010 292 2 498 44
bottle 0.0021 97 -1 238 62
bottle 0.0012 0 49 13 114
bottle 0.0010 0 18 57 188
chair 0.0046 0 18 57 188
chair 0.0033 267 2 483 58
chair 0.0028 373 15 408 36
chair 0.0015 241 5 497 123
chair 0.0015 293 13 342 32
chair 0.0012 81 18 275 206
chair 0.0012 97 -1 238 62
sofa 0.0030 0 18 57 188
sofa 0.0012 241 5 497 123
diningtable 0.0292 76 55 425 387
diningtable 0.0073 267 2 483 58
diningtable 0.0022 14 -3 347 303
tvmonitor 0.3476 134 55 359 256
tvmonitor 0.0084 0 18 57 188
