person 0.0272 0 139 20 182
person 0.0192 1 91 67 261
person 0.0161 0 -2 17 51
person 0.0065 -1 95 24 216
person 0.0040 3 0 79 48
person 0.0015 0 177 18 217
person 0.0013 283 19 298 62
person 0.0012 299 -1 323 34
person 0.0012 0 31 12 96
person 0.0010 -3 154 105 276
bicycle 0.0540 3 0 79 48
bicycle 0.0121 -2 59 102 271
bicycle 0.0068 -3 13 204 249
bicycle 0.0025 44 1 80 37
car 0.0120 0 0 70 47
car 0.0062 0 -2 17 51
car 0.0029 -9 47 361 279
car 0.0012 2 -1 57 15
car 0.0011 7 20 50 46
motorbike 0.0281 3 0 79 48
motorbike 0.0031 0 15 68 252
bus 0.0016 0 0 70 47
train 0.0013 249 -7 478 192
boat 0.0132 1 91 67 261
boat 0.0025 -5 4 222 114
boat 0.0022 3 0 79 48
boat 0.0011 0 19 66 176
boat 0.0011 -3 13 204 249
boat 0.0010 -3 154 105 276
bird 0.0013 36 79 318 258
bird 0.0010 -3 13 204 249
cat 0.6433 36 79 318 258
cat 0.0021 74 79 273 162
cat 0.0019 117 121 364 259
cat 0.0012 90 174 231 253
dog 0.0613 36 79 318 258
dog 0.0015 -2 44 274 216
horse 0.0011 36 79 318 258
sheep 0.0178 36 79 318 258
cow 0.0014 36 79 318 258
bottle 0.0520 206 -1 236 37
bottle 0.0434 228 0 250 42
bottle 0.0133 174 -1 201 22
bottle 0.0114 70 -1 186 40
bottle 0.0066 247 0 269 52
bottle 0.0046 211 -3 255 50
bottle 0.0044 344 17 370 55
bottle 0.0027 321 44 343 77
bottle 0.0012 254 -1 293 59
bottle 0.0012 283 19 298 62
bottle 0.0012 291 45 315 81
chair 0.0182 -2 59 102 271
chair 0.0064 1 110 67 268
chair 0.0029 2 12 257 151
chair 0.0024 -3 13 204 249
chair 0.0014 -9 47 361 279
chair 0.0013 0 0 70 47
sofa 0.0016 -4 64 419 329
sofa 0.0015 22 117 334 264
diningtable 0.0238 1 78 66 259
diningtable 0.0015 1 86 62 148
diningtable 0.0014 -4 64 419 329
