person 0.8567 269 28 433 357
person 0.2003 253 96 333 209
person 0.0281 265 101 323 174
person 0.0115 230 54 345 254
person 0.0052 59 93 282 298
person 0.0039 290 101 319 134
person 0.0038 251 24 415 214
person 0.0030 250 95 311 155
person 0.0024 208 107 312 214
person 0.0020 240 129 315 262
person 0.0017 232 108 258 137
person 0.0015 296 95 343 183
person 0.0013 224 99 354 341
person 0.0013 268 82 358 168
person 0.0012 66 100 191 203
person 0.0010 288 93 317 122
bicycle 0.0102 57 74 366 365
bicycle 0.0043 154 114 346 331
bicycle 0.0021 249 61 418 364
bicycle 0.0010 48 161 291 349
car 0.0014 290 101 319 134
motorbike 0.3939 57 74 366 365
motorbike 0.1285 154 114 346 331
motorbike 0.0502 41 100 245 345
motorbike 0.0209 66 100 191 203
motorbike 0.0114 249 61 418 364
motorbike 0.0083 177 113 263 246
motorbike 0.0069 53 90 286 235
motorbike 0.0022 231 79 350 308
motorbike 0.0014 247 145 317 300
motorbike 0.0010 117 130 222 232
boat 0.0025 71 86 425 353
bottle 0.0020 276 222 305 257
bottle 0.0016 300 195 328 230
bottle 0.0013 232 108 258 137
bottle 0.0012 274 229 307 271
