person 0.7771 233 59 496 380
person 0.5810 229 202 298 318
person 0.4075 0 -20 263 394
person 0.1893 274 199 330 265
person 0.1450 297 191 327 228
person 0.1156 292 187 336 255
person 0.1114 251 197 336 310
person 0.0897 24 128 238 375
person 0.0226 221 160 436 364
person 0.0175 295 41 491 276
person 0.0167 189 178 324 360
person 0.0146 276 182 353 275
person 0.0135 311 180 353 252
person 0.0130 204 197 284 343
person 0.0126 -2 147 136 367
person 0.0080 145 147 262 365
person 0.0070 284 192 317 228
person 0.0068 321 194 351 237
person 0.0068 256 199 302 266
person 0.0064 270 194 297 225
person 0.0058 233 211 285 265
person 0.0045 2 243 128 374
person 0.0043 64 255 151 372
person 0.0041 182 177 241 349
person 0.0038 277 213 317 259
person 0.0034 282 220 343 281
person 0.0029 220 129 350 325
person 0.0027 137 145 209 325
person 0.0022 162 132 199 338
person 0.0021 111 284 250 375
person 0.0020 3 0 122 313
person 0.0019 81 -25 489 398
person 0.0018 318 217 352 250
person 0.0018 227 231 327 358
person 0.0016 280 231 309 269
person 0.0016 85 222 258 373
person 0.0014 284 137 362 253
person 0.0014 173 246 252 364
person 0.0013 225 206 257 336
person 0.0013 247 218 281 255
person 0.0011 92 151 171 292
person 0.0010 241 252 287 321
person 0.0010 198 194 235 274
boat 0.0027 182 61 480 381
bird 0.0020 0 -20 263 394
bird 0.0012 -9 8 222 137
dog 0.0071 0 -20 263 394
dog 0.0014 24 128 238 375
bottle 0.0028 226 200 297 326
chair 0.0053 201 270 252 354
chair 0.0022 233 198 320 312
chair 0.0020 216 229 298 355
chair 0.0018 24 128 238 375
chair 0.0014 209 300 255 360
chair 0.0010 206 305 314 368
sofa 0.0021 24 128 238 375
sofa 0.0014 233 198 320 312
sofa 0.0014 227 231 327 358
sofa 0.0011 -2 147 136 367
pottedplant 0.0026 0 -20 263 394
pottedplant 0.0011 402 6 497 225
