person 0.0455 0 136 30 173
person 0.0125 471 113 496 155
person 0.0122 466 81 499 156
person 0.0119 0 106 33 176
person 0.0056 378 112 410 140
person 0.0053 475 173 499 216
person 0.0051 471 177 499 331
person 0.0050 455 95 495 184
person 0.0048 471 158 500 237
person 0.0033 470 88 500 228
person 0.0032 474 247 500 329
person 0.0032 475 157 499 203
person 0.0031 31 77 72 111
person 0.0030 372 117 406 149
person 0.0024 -1 137 33 211
person 0.0024 0 95 22 146
person 0.0022 432 95 499 223
person 0.0020 175 109 312 189
person 0.0019 265 83 300 117
person 0.0018 465 6 501 157
person 0.0018 415 3 473 68
person 0.0018 402 1 497 222
person 0.0017 168 33 193 55
person 0.0017 433 64 504 317
person 0.0017 402 99 484 212
person 0.0017 0 28 28 174
person 0.0017 360 107 450 201
person 0.0016 5 134 36 155
person 0.0015 373 81 499 309
person 0.0013 365 113 421 166
person 0.0012 254 68 344 161
person 0.0010 324 5 397 125
bicycle 0.7781 30 91 391 366
bicycle 0.3586 371 131 498 331
bicycle 0.0450 440 153 501 312
bicycle 0.0222 253 125 480 330
bicycle 0.0189 448 177 500 251
bicycle 0.0132 471 177 499 331
bicycle 0.0097 357 162 458 285
bicycle 0.0090 401 129 495 239
bicycle 0.0086 16 95 258 305
bicycle 0.0062 366 119 447 246
bicycle 0.0053 126 99 361 291
bicycle 0.0041 404 206 498 333
bicycle 0.0033 264 167 382 275
bicycle 0.0029 -1 137 33 211
bicycle 0.0029 253 134 349 179
bicycle 0.0029 234 109 352 172
bicycle 0.0028 145 5 495 376
bicycle 0.0026 0 136 30 173
bicycle 0.0024 175 109 312 189
bicycle 0.0023 239 158 365 205
bicycle 0.0021 471 158 500 237
bicycle 0.0019 3 32 118 106
bicycle 0.0019 442 148 498 215
bicycle 0.0018 234 171 370 222
bicycle 0.0016 1 127 135 328
bicycle 0.0016 381 7 503 289
bicycle 0.0016 421 158 476 227
bicycle 0.0015 55 46 291 257
bicycle 0.0015 475 210 500 257
bicycle 0.0015 209 160 416 351
bicycle 0.0015 6 76 114 153
bicycle 0.0013 452 224 499 322
bicycle 0.0012 230 97 418 287
bicycle 0.0011 475 173 499 216
bicycle 0.0011 93 65 185 158
car 0.0148 0 132 31 159
car 0.0029 -1 131 33 192
car 0.0011 97 -14 482 327
motorbike 0.2495 371 131 498 331
motorbike 0.0541 440 153 501 312
motorbike 0.0416 446 156 498 234
motorbike 0.0131 409 135 499 224
motorbike 0.0125 471 177 499 331
motorbike 0.0115 471 158 500 237
motorbike 0.0061 421 158 476 227
motorbike 0.0053 380 150 482 238
motorbike 0.0032 30 91 391 366
motorbike 0.0030 357 162 458 285
motorbike 0.0025 452 224 499 322
motorbike 0.0022 443 105 495 212
motorbike 0.0022 404 206 498 333
motorbike 0.0020 -1 131 33 192
motorbike 0.0017 475 173 499 216
motorbike 0.0014 402 99 484 212
motorbike 0.0013 381 7 503 289
motorbike 0.0013 366 119 447 246
motorbike 0.0013 253 125 480 330
motorbike 0.0012 474 247 500 329
motorbike 0.0011 475 157 499 203
motorbike 0.0010 470 88 500 228
train 0.0030 150 123 262 193
train 0.0027 71 -3 426 313
train 0.0024 169 137 237 181
train 0.0022 152 21 350 188
train 0.0019 163 74 263 154
train 0.0016 261 15 330 116
train 0.0015 164 23 250 124
train 0.0013 114 105 246 171
train 0.0012 117 72 220 155
boat 0.0021 66 92 406 359
bird 0.0237 114 262 170 322
bird 0.0178 115 261 167 292
bird 0.0164 129 287 155 325
bird 0.0099 0 136 30 173
bird 0.0050 102 252 184 337
bird 0.0026 324 139 348 173
bird 0.0026 399 249 482 346
bird 0.0018 452 224 499 322
bird 0.0018 406 260 459 336
bird 0.0018 109 276 148 310
cat 0.0056 115 261 167 292
cat 0.0046 114 262 170 322
cat 0.0020 104 265 219 323
cat 0.0016 406 260 459 336
dog 0.1350 114 262 170 322
dog 0.0194 106 261 237 334
dog 0.0083 115 261 167 292
dog 0.0076 0 136 30 173
dog 0.0020 129 287 155 325
dog 0.0018 95 233 194 323
horse 0.0167 0 136 30 173
horse 0.0020 -1 137 33 211
sheep 0.0076 365 119 395 148
sheep 0.0031 324 139 348 173
sheep 0.0025 0 136 30 173
cow 0.0054 365 119 395 148
cow 0.0042 0 136 30 173
bottle 0.0263 115 261 167 292
bottle 0.0188 148 207 185 234
bottle 0.0111 187 237 217 273
bottle 0.0098 162 205 195 235
bottle 0.0061 140 239 182 274
bottle 0.0059 186 215 213 260
bottle 0.0045 166 211 196 256
bottle 0.0043 117 204 170 273
bottle 0.0038 134 210 187 269
bottle 0.0035 167 234 193 272
bottle 0.0035 126 239 167 276
bottle 0.0033 145 212 182 251
bottle 0.0029 181 204 223 270
bottle 0.0024 127 214 161 254
bottle 0.0022 107 200 144 275
bottle 0.0021 119 182 169 202
bottle 0.0019 114 211 140 254
bottle 0.0018 233 173 255 216
bottle 0.0016 140 254 176 290
bottle 0.0014 174 312 232 339
bottle 0.0011 207 234 236 277
bottle 0.0010 114 262 170 322
bottle 0.0010 136 189 188 242
chair 0.0015 475 173 499 216
chair 0.0014 30 91 391 366
chair 0.0012 254 68 344 161
chair 0.0011 261 15 330 116
chair 0.0010 0 136 30 173
pottedplant 0.0089 408 2 482 146
pottedplant 0.0082 166 0 226 47
pottedplant 0.0054 405 48 463 116
pottedplant 0.0047 182 5 218 39
pottedplant 0.0038 168 33 193 55
pottedplant 0.0034 164 23 250 124
pottedplant 0.0028 158 50 208 114
pottedplant 0.0018 324 5 397 125
pottedplant 0.0016 168 8 206 40
pottedplant 0.0015 119 36 222 122
pottedplant 0.0013 361 8 454 127
pottedplant 0.0013 156 7 253 80
pottedplant 0.0013 370 0 404 123
pottedplant 0.0010 381 7 503 289
tvmonitor 0.0053 260 10 333 86
