person 0.0025 487 184 500 244
person 0.0011 482 170 500 258
car 0.0020 -1 136 134 212
aeroplane 0.0057 -9 0 429 300
aeroplane 0.0043 49 -24 524 188
aeroplane 0.0014 -1 136 134 212
train 0.0010 -5 139 132 210
boat 0.0068 65 5 504 293
boat 0.0027 -1 136 134 212
cat 0.0026 125 164 372 233
bottle 0.0014 -1 136 134 212
chair 0.0126 65 5 504 293
chair 0.0022 -1 136 134 212
chair 0.0016 318 150 426 243
sofa 0.0013 65 5 504 293
sofa 0.0010 -1 136 134 212
diningtable 0.1211 -21 216 439 381
diningtable 0.0098 51 87 522 363
diningtable 0.0031 47 253 511 358
tvmonitor 0.0031 -5 139 132 210
