person 0.8080 94 28 406 401
person 0.7134 0 29 78 165
person 0.0692 122 60 376 285
person 0.0452 10 22 70 114
person 0.0362 1 49 29 86
person 0.0250 -12 2 266 356
person 0.0203 13 19 71 71
person 0.0168 25 1 78 55
person 0.0135 1 73 27 101
person 0.0118 31 1 72 23
person 0.0070 -1 0 75 23
person 0.0045 -3 75 88 209
person 0.0044 0 47 38 119
person 0.0043 43 5 75 45
person 0.0033 -30 231 432 502
person 0.0025 98 45 175 164
person 0.0021 114 87 165 151
person 0.0019 8 14 67 43
person 0.0014 0 10 32 84
person 0.0013 -1 49 14 95
person 0.0012 0 93 41 152
person 0.0011 1 89 29 119
person 0.0010 32 30 201 314
person 0.0010 120 161 408 480
person 0.0010 1 126 40 199
person 0.0010 -9 2 84 40
person 0.0010 355 307 398 401
bicycle 0.0029 1 73 27 101
bicycle 0.0028 1 49 29 86
car 0.0241 1 49 29 86
car 0.0058 2 -1 74 55
car 0.0049 1 39 27 64
car 0.0040 1 73 27 101
car 0.0011 -1 0 75 23
car 0.0010 110 43 179 173
motorbike 0.0027 1 73 27 101
motorbike 0.0012 1 49 29 86
boat 0.0017 1 49 29 86
dog 0.0013 114 87 165 151
bottle 0.0021 1 73 27 101
bottle 0.0020 1 49 29 86
bottle 0.0013 119 84 170 156
bottle 0.0011 113 53 178 194
chair 0.6506 163 63 231 194
chair 0.5125 0 41 81 209
chair 0.3132 114 53 181 210
chair 0.0983 171 67 222 145
chair 0.0926 173 94 210 190
chair 0.0560 4 122 97 217
chair 0.0474 42 54 119 208
chair 0.0471 122 60 376 285
chair 0.0178 6 35 141 216
chair 0.0174 1 115 42 142
chair 0.0129 126 47 269 221
chair 0.0125 119 84 170 156
chair 0.0124 0 135 65 195
chair 0.0115 1 73 27 101
chair 0.0115 117 128 175 197
chair 0.0107 1 89 29 119
chair 0.0102 175 60 280 192
chair 0.0100 1 49 29 86
chair 0.0081 0 107 39 184
chair 0.0078 64 35 186 219
chair 0.0064 254 311 391 405
chair 0.0063 355 307 398 401
chair 0.0058 150 271 395 446
chair 0.0043 0 140 25 192
chair 0.0036 0 93 41 152
chair 0.0036 65 52 89 157
chair 0.0035 32 30 201 314
chair 0.0033 77 45 418 441
chair 0.0031 5 124 59 150
chair 0.0031 127 11 354 190
chair 0.0031 0 47 38 119
chair 0.0030 173 68 222 108
chair 0.0030 0 61 13 104
chair 0.0029 177 117 203 178
chair 0.0026 91 50 217 281
chair 0.0024 163 93 191 195
chair 0.0024 307 280 395 394
chair 0.0021 17 92 46 121
chair 0.0018 243 245 395 416
chair 0.0018 1 39 27 64
chair 0.0015 23 93 82 153
chair 0.0013 364 306 392 356
chair 0.0012 176 104 207 139
chair 0.0012 179 280 376 386
chair 0.0011 175 91 216 122
chair 0.0010 144 193 388 393
sofa 0.0166 0 41 81 209
sofa 0.0040 -19 25 437 476
pottedplant 0.0012 1 49 29 86
diningtable 0.1220 -30 231 432 502
diningtable 0.0316 87 303 388 497
diningtable 0.0244 1 115 42 142
diningtable 0.0188 1 89 29 119
diningtable 0.0109 1 49 29 86
diningtable 0.0066 1 73 27 101
diningtable 0.0050 8 211 150 302
diningtable 0.0047 67 387 307 499
diningtable 0.0040 122 60 376 285
diningtable 0.0026 175 60 280 192
diningtable 0.0024 -3 229 162 509
diningtable 0.0019 5 178 231 323
diningtable 0.0018 163 63 231 194
diningtable 0.0017 102 446 297 499
diningtable 0.0016 127 11 354 190
diningtable 0.0015 -5 89 344 480
diningtable 0.0014 0 93 41 152
diningtable 0.0013 106 37 202 218
diningtable 0.0012 126 47 269 221
diningtable 0.0011 0 47 38 119
diningtable 0.0010 171 71 365 177
diningtable 0.0010 91 196 250 372
diningtable 0.0010 0 41 81 209
diningtable 0.0010 173 94 210 190
tvmonitor 0.0026 71 47 118 209
tvmonitor 0.0023 6 35 141 216
tvmonitor 0.0013 240 0 302 12
