person 0.0315 164 165 197 196
person 0.0239 190 165 217 197
person 0.0220 204 178 225 204
person 0.0061 191 178 222 200
person 0.0047 87 182 125 205
person 0.0030 200 159 235 193
person 0.0028 154 165 180 199
person 0.0027 161 179 203 200
person 0.0018 154 160 209 201
person 0.0016 151 178 178 203
person 0.0011 64 145 289 264
person 0.0010 169 156 237 200
bicycle 0.0013 64 145 289 264
car 0.6743 66 150 290 276
car 0.0104 233 177 280 224
car 0.0075 155 148 280 227
car 0.0029 222 161 253 193
car 0.0026 196 178 290 272
car 0.0019 204 157 275 207
motorbike 0.0016 184 150 290 231
motorbike 0.0013 64 145 289 264
motorbike 0.0012 196 178 290 272
bus 0.0021 66 150 290 276
chair 0.0012 64 145 289 264
