person 0.0621 180 204 209 243
person 0.0418 87 202 115 240
person 0.0220 130 200 157 240
person 0.0170 174 189 214 246
person 0.0128 162 205 193 241
person 0.0124 259 198 289 236
person 0.0090 133 188 190 244
person 0.0081 138 207 177 240
person 0.0066 72 189 118 242
person 0.0048 247 186 292 244
person 0.0040 236 201 263 238
person 0.0025 130 189 157 223
person 0.0017 156 189 192 223
person 0.0016 66 252 94 275
person 0.0015 148 183 204 235
person 0.0015 181 189 210 224
person 0.0013 72 204 104 240
person 0.0012 229 197 254 240
person 0.0011 141 190 177 224
person 0.0010 56 251 76 275
car 0.0063 50 117 379 438
car 0.0045 24 268 55 293
car 0.0028 1 260 20 290
bus 0.6129 49 95 376 409
train 0.1356 39 82 350 420
train 0.0035 322 186 373 253
