person 0.0155 19 32 99 126
person 0.0014 481 15 500 72
person 0.0010 39 61 95 121
car 0.0364 401 0 500 196
motorbike 0.0018 401 -1 502 160
aeroplane 0.0013 401 0 500 196
boat 0.0019 401 0 500 196
bird 0.0073 19 32 99 126
bird 0.0033 231 102 256 124
cat 0.0028 19 32 99 126
cat 0.0017 39 61 95 121
cow 0.0011 231 102 256 124
bottle 0.1410 27 175 108 289
bottle 0.0196 41 195 95 275
bottle 0.0182 401 0 500 196
bottle 0.0030 55 209 107 290
bottle 0.0024 80 179 123 287
bottle 0.0010 66 159 141 301
bottle 0.0010 26 34 99 126
bottle 0.0010 63 161 116 271
chair 0.0014 386 -6 499 328
pottedplant 0.0044 406 -2 499 163
diningtable 0.0033 143 -7 507 328
diningtable 0.0010 386 -6 499 328
