person 0.1636 -15 55 257 180
person 0.0392 0 38 114 148
person 0.0259 251 11 266 36
person 0.0234 258 0 288 41
person 0.0196 275 0 287 45
person 0.0189 21 45 181 141
person 0.0189 -2 0 61 53
person 0.0188 91 50 205 136
person 0.0183 79 37 289 196
person 0.0179 39 30 115 67
person 0.0134 248 2 273 38
person 0.0131 0 0 19 50
person 0.0115 279 1 287 37
person 0.0093 231 -3 281 36
person 0.0092 0 31 57 65
person 0.0076 -2 6 114 97
person 0.0073 272 1 287 92
person 0.0070 33 7 117 53
person 0.0057 0 0 52 32
person 0.0056 0 16 73 128
person 0.0047 -1 15 30 53
person 0.0046 96 34 281 125
person 0.0036 6 0 141 66
person 0.0032 0 9 166 184
person 0.0029 13 11 181 85
person 0.0027 0 2 36 193
person 0.0025 -1 -18 245 133
person 0.0025 273 32 287 55
person 0.0022 146 -2 235 35
person 0.0021 0 11 40 81
person 0.0021 0 46 76 186
person 0.0021 43 59 107 132
person 0.0019 65 36 119 71
person 0.0018 53 0 133 44
person 0.0016 159 44 188 74
person 0.0015 21 -2 89 33
person 0.0015 260 17 288 97
person 0.0015 0 19 16 49
person 0.0014 190 64 266 122
person 0.0014 18 69 91 133
person 0.0013 38 -1 208 62
person 0.0012 251 0 288 69
person 0.0012 1 35 34 54
person 0.0012 46 29 71 66
person 0.0012 0 40 58 101
person 0.0011 227 -1 246 35
person 0.0011 150 0 193 27
person 0.0010 161 47 178 70
person 0.0010 102 0 180 31
person 0.0010 222 18 285 126
car 0.0010 0 31 57 65
bird 0.0019 0 31 51 58
bird 0.0018 0 40 58 101
cat 0.0066 -2 0 61 53
cat 0.0064 0 31 51 58
cat 0.0038 38 46 291 185
cat 0.0033 96 34 281 125
cat 0.0030 1 23 109 128
cat 0.0021 0 0 19 50
cat 0.0019 -1 15 30 53
cat 0.0013 21 45 181 141
cat 0.0012 0 40 58 101
cat 0.0012 170 133 219 182
cat 0.0010 93 55 231 175
dog 0.0224 -15 55 257 180
dog 0.0048 108 46 266 146
dog 0.0041 79 37 289 196
dog 0.0026 91 50 205 136
dog 0.0022 188 65 269 123
dog 0.0018 -1 -1 40 56
dog 0.0014 0 31 51 58
dog 0.0013 21 45 181 141
dog 0.0010 138 99 286 187
bottle 0.0026 79 0 109 32
bottle 0.0026 33 7 117 53
bottle 0.0025 43 0 81 30
bottle 0.0013 0 31 51 58
bottle 0.0012 46 29 71 66
chair 0.0066 94 0 158 28
chair 0.0028 102 33 177 65
chair 0.0025 117 52 158 65
chair 0.0021 0 31 57 65
chair 0.0021 50 2 139 50
chair 0.0015 105 5 149 35
chair 0.0015 279 1 287 37
chair 0.0013 79 0 109 32
chair 0.0012 39 30 115 67
chair 0.0012 94 2 190 44
chair 0.0010 29 7 113 63
chair 0.0010 273 -4 287 72
chair 0.0010 -2 0 61 53
chair 0.0010 141 -1 198 31
sofa 0.0037 7 11 278 184
sofa 0.0033 20 109 310 205
diningtable 0.0013 79 37 289 196
diningtable 0.0011 -15 55 257 180
tvmonitor 0.0027 36 -24 295 136
tvmonitor 0.0014 96 34 281 125
