person 0.9636 132 154 219 395
person 0.9460 61 79 152 269
person 0.3736 1 148 20 222
person 0.2955 151 156 174 195
person 0.1456 0 148 17 187
person 0.1270 75 82 152 179
person 0.0973 190 149 210 185
person 0.0377 6 180 31 220
person 0.0232 149 152 181 210
person 0.0163 0 159 28 276
person 0.0112 161 148 208 181
person 0.0061 139 162 162 203
person 0.0059 53 120 123 280
person 0.0030 152 150 212 202
person 0.0029 137 149 159 181
person 0.0022 71 158 194 394
person 0.0019 58 151 110 214
person 0.0017 55 142 97 265
person 0.0017 186 150 219 209
person 0.0017 151 175 176 219
person 0.0017 110 143 151 218
person 0.0016 147 167 217 311
person 0.0015 190 160 219 282
person 0.0014 114 164 144 205
person 0.0014 6 149 40 216
person 0.0013 11 169 38 203
person 0.0012 123 149 166 215
person 0.0010 40 158 67 200
car 0.0010 201 163 251 191
dog 0.0014 151 152 177 185
horse 0.7848 61 135 154 385
horse 0.0610 130 144 220 386
horse 0.0163 151 156 174 195
horse 0.0090 0 149 25 243
horse 0.0083 6 180 31 220
horse 0.0058 56 138 141 281
horse 0.0033 0 211 63 268
horse 0.0024 -3 216 62 234
horse 0.0020 0 209 32 235
horse 0.0018 149 152 181 210
horse 0.0016 125 177 161 339
horse 0.0013 4 193 93 282
horse 0.0012 4 189 57 255
horse 0.0011 56 160 92 279
horse 0.0011 26 104 321 409
pottedplant 0.1352 209 239 248 282
diningtable 0.0014 -3 216 62 234
