car 0.0679 0 318 21 346
car 0.0220 242 339 279 355
car 0.0059 17 313 77 342
car 0.0050 327 361 358 374
car 0.0025 395 322 438 340
car 0.0025 405 321 459 340
car 0.0014 3 313 52 342
aeroplane 0.9008 126 223 458 338
aeroplane 0.1172 2 209 505 368
aeroplane 0.0697 245 260 280 281
aeroplane 0.0451 0 318 21 346
aeroplane 0.0386 164 225 338 319
aeroplane 0.0292 255 261 295 282
aeroplane 0.0259 274 262 323 282
aeroplane 0.0239 327 279 458 328
aeroplane 0.0222 445 284 496 308
aeroplane 0.0152 215 259 448 335
aeroplane 0.0123 470 285 500 307
aeroplane 0.0120 289 265 339 283
aeroplane 0.0093 52 284 276 338
aeroplane 0.0085 222 259 259 280
aeroplane 0.0079 437 287 476 306
aeroplane 0.0077 439 271 500 315
aeroplane 0.0064 281 239 311 274
aeroplane 0.0060 267 235 326 283
aeroplane 0.0056 405 321 459 340
aeroplane 0.0055 29 271 174 344
aeroplane 0.0054 309 263 358 284
aeroplane 0.0046 395 322 438 340
aeroplane 0.0045 326 319 480 358
aeroplane 0.0044 161 229 229 283
aeroplane 0.0040 441 289 499 338
aeroplane 0.0034 441 246 501 300
aeroplane 0.0033 17 313 77 342
aeroplane 0.0033 17 241 354 340
aeroplane 0.0032 270 244 448 303
aeroplane 0.0030 68 265 261 324
aeroplane 0.0029 20 24 479 357
aeroplane 0.0027 -3 309 117 351
aeroplane 0.0026 3 313 52 342
aeroplane 0.0024 211 229 389 288
aeroplane 0.0024 -9 297 292 356
aeroplane 0.0023 -3 269 117 349
aeroplane 0.0023 261 242 302 273
aeroplane 0.0023 329 265 378 285
aeroplane 0.0021 240 242 282 276
aeroplane 0.0021 458 262 494 290
aeroplane 0.0021 0 284 66 342
aeroplane 0.0020 442 299 501 322
aeroplane 0.0020 162 227 281 288
aeroplane 0.0018 0 294 19 338
aeroplane 0.0017 0 226 12 282
aeroplane 0.0017 430 318 460 340
aeroplane 0.0016 114 314 302 357
aeroplane 0.0015 0 266 63 321
aeroplane 0.0015 -6 202 205 342
aeroplane 0.0013 0 216 20 335
aeroplane 0.0012 365 322 414 341
aeroplane 0.0012 226 236 292 280
aeroplane 0.0011 20 306 71 327
aeroplane 0.0011 242 339 279 355
aeroplane 0.0011 116 283 201 306
aeroplane 0.0010 284 233 312 253
aeroplane 0.0010 401 262 504 327
bus 0.0132 242 339 279 355
bus 0.0027 0 318 21 346
bus 0.0013 445 284 496 308
bus 0.0013 17 313 77 342
bus 0.0010 405 321 459 340
boat 0.0038 0 318 21 346
