person 0.0087 52 0 81 43
person 0.0058 11 3 44 38
person 0.0054 1 1 56 50
person 0.0053 143 1 187 19
person 0.0052 17 0 76 49
person 0.0051 27 0 59 39
person 0.0027 112 1 294 69
person 0.0025 25 1 63 22
person 0.0022 1 3 27 39
person 0.0018 7 0 46 23
person 0.0010 48 0 81 21
car 0.0024 117 -1 291 71
bus 0.0086 117 -1 291 71
boat 0.0583 126 -5 286 69
bird 0.0132 368 5 417 75
bird 0.0105 374 53 422 75
bird 0.0075 360 9 456 85
bird 0.0015 370 38 426 81
bird 0.0010 311 19 355 39
bird 0.0010 414 55 459 73
cat 0.0134 253 139 339 255
cat 0.0045 94 106 283 250
dog 0.6420 98 109 307 251
dog 0.0573 253 139 339 255
dog 0.0050 360 9 456 85
dog 0.0022 368 5 417 75
horse 0.5919 98 109 307 251
horse 0.2057 261 136 337 262
sheep 0.3388 253 139 339 255
sheep 0.1660 98 109 307 251
sheep 0.0015 149 100 208 129
cow 0.0976 253 139 339 255
cow 0.0907 94 106 283 250
cow 0.0022 143 96 210 136
bottle 0.0016 374 53 422 75
chair 0.0013 143 1 187 19
sofa 0.0012 112 -6 297 69
diningtable 0.0028 117 -1 291 71
tvmonitor 0.0031 117 -1 291 71
