person 0.0356 60 154 134 305
person 0.0064 351 213 401 308
person 0.0041 0 110 17 159
person 0.0032 66 153 117 202
person 0.0028 0 92 19 300
person 0.0025 58 222 147 307
person 0.0019 483 140 500 331
person 0.0016 55 222 90 298
person 0.0013 87 154 118 189
person 0.0012 317 209 350 235
boat 0.0010 14 17 410 362
boat 0.0010 195 56 379 233
bird 0.0286 84 154 120 176
bird 0.0227 58 222 147 307
bird 0.0113 66 153 117 202
bird 0.0074 96 226 145 288
bird 0.0061 351 213 401 308
bird 0.0046 59 226 108 287
bird 0.0037 358 213 397 231
bird 0.0034 71 150 107 177
bird 0.0030 55 158 127 307
bird 0.0027 0 110 17 159
bird 0.0022 164 233 247 308
bird 0.0020 48 153 152 365
bird 0.0020 65 152 83 199
bird 0.0017 130 230 164 308
cat 0.0015 58 222 147 307
cat 0.0010 351 213 401 308
dog 0.0109 58 222 147 307
dog 0.0089 351 213 401 308
dog 0.0061 0 110 17 159
dog 0.0030 60 154 134 305
dog 0.0029 66 153 117 202
dog 0.0025 84 154 120 176
dog 0.0020 164 233 247 308
dog 0.0014 96 226 145 288
dog 0.0012 59 226 108 287
horse 0.5198 230 223 358 310
horse 0.1632 337 217 407 303
horse 0.1005 281 210 346 233
horse 0.0459 59 227 147 313
horse 0.0216 270 214 397 306
horse 0.0212 216 212 354 260
horse 0.0210 0 110 17 159
horse 0.0176 281 211 353 252
horse 0.0090 317 209 350 235
horse 0.0077 212 214 307 305
horse 0.0071 96 226 145 288
horse 0.0057 204 203 389 333
horse 0.0056 164 233 247 308
horse 0.0053 59 226 108 287
horse 0.0040 209 210 279 254
horse 0.0039 232 209 357 237
horse 0.0037 315 218 356 246
horse 0.0033 305 222 364 287
horse 0.0028 266 210 383 266
horse 0.0027 0 93 20 189
horse 0.0020 66 153 117 202
horse 0.0016 84 154 120 176
horse 0.0015 268 217 332 238
horse 0.0013 56 226 87 309
horse 0.0012 60 154 134 305
horse 0.0012 269 243 379 338
horse 0.0011 285 238 347 309
horse 0.0010 358 213 397 231
horse 0.0010 326 228 382 312
sheep 0.2860 351 213 401 308
sheep 0.0454 68 156 102 194
sheep 0.0377 87 154 118 189
sheep 0.0125 71 150 107 177
sheep 0.0120 58 222 147 307
sheep 0.0082 73 152 123 203
sheep 0.0061 0 110 17 159
sheep 0.0036 281 210 346 233
sheep 0.0034 164 233 247 308
sheep 0.0033 60 154 134 305
sheep 0.0033 96 226 145 288
sheep 0.0018 65 152 83 199
sheep 0.0017 230 223 358 310
sheep 0.0015 59 226 108 287
sheep 0.0013 208 254 236 298
cow 0.4559 242 228 358 314
cow 0.2027 351 213 401 308
cow 0.0896 281 210 346 233
cow 0.0659 204 210 319 305
cow 0.0518 215 208 343 260
cow 0.0286 214 211 293 252
cow 0.0228 0 110 17 159
cow 0.0194 84 154 120 176
cow 0.0147 164 233 247 308
cow 0.0130 66 153 117 202
cow 0.0114 232 209 357 237
cow 0.0114 236 210 319 230
cow 0.0066 59 227 147 313
cow 0.0051 96 226 145 288
cow 0.0048 253 216 298 242
cow 0.0042 281 211 353 252
cow 0.0039 268 217 332 238
cow 0.0036 71 150 107 177
cow 0.0035 211 215 269 295
cow 0.0021 0 93 20 189
cow 0.0017 249 229 311 284
cow 0.0017 208 254 236 298
cow 0.0016 227 237 253 272
cow 0.0013 317 209 350 235
cow 0.0012 194 222 246 296
cow 0.0012 174 238 203 277
cow 0.0012 65 152 83 199
cow 0.0010 358 213 397 231
cow 0.0010 60 154 134 305
chair 0.0015 59 227 147 313
