person 0.9657 280 294 310 366
person 0.9384 325 286 352 374
person 0.8746 416 346 445 376
person 0.6192 389 342 409 372
person 0.5769 361 337 384 373
person 0.2664 333 289 368 373
person 0.0890 347 324 368 373
person 0.0648 383 153 410 177
person 0.0642 263 297 285 331
person 0.0416 282 296 309 329
person 0.0130 343 312 364 358
person 0.0060 398 342 431 372
person 0.0054 354 326 389 374
person 0.0052 330 298 346 360
person 0.0042 484 328 499 375
person 0.0037 300 292 341 363
person 0.0030 299 286 377 372
person 0.0029 185 2 216 85
person 0.0025 340 296 362 337
person 0.0025 347 351 375 376
person 0.0025 258 294 278 329
person 0.0020 249 291 280 372
person 0.0020 262 307 293 345
person 0.0019 300 312 322 354
person 0.0017 330 148 350 171
person 0.0016 257 303 275 357
person 0.0015 328 334 353 371
person 0.0013 347 301 393 370
person 0.0013 289 330 311 366
person 0.0012 184 43 258 182
person 0.0012 196 43 215 84
person 0.0010 193 10 212 69
person 0.0010 197 60 216 95
car 0.0058 261 297 307 368
car 0.0040 263 297 285 331
car 0.0026 282 296 309 329
car 0.0020 262 307 293 345
car 0.0020 274 293 386 371
car 0.0011 258 294 278 329
aeroplane 0.0020 383 153 410 177
bus 0.0010 274 293 386 371
boat 0.4307 4 172 56 189
boat 0.1667 380 162 413 178
boat 0.1499 28 -2 308 381
boat 0.0963 330 148 350 171
boat 0.0263 331 126 352 159
boat 0.0230 5 131 50 190
boat 0.0208 33 172 287 368
boat 0.0196 275 152 297 176
boat 0.0176 13 145 41 183
boat 0.0169 86 -16 491 394
boat 0.0116 1 168 28 190
boat 0.0053 1 181 55 195
boat 0.0048 284 137 460 177
boat 0.0044 1 152 61 193
boat 0.0041 81 2 264 212
boat 0.0036 204 165 384 365
boat 0.0035 43 173 91 188
boat 0.0033 27 177 261 251
boat 0.0025 68 159 268 206
boat 0.0023 0 139 21 184
boat 0.0021 297 155 443 195
boat 0.0020 280 128 310 152
boat 0.0018 292 152 342 170
boat 0.0018 160 118 259 185
boat 0.0018 -1 117 26 199
boat 0.0017 27 149 66 173
boat 0.0015 377 134 413 152
boat 0.0014 329 151 371 171
boat 0.0013 151 41 337 331
boat 0.0013 341 164 415 177
boat 0.0012 390 151 421 173
boat 0.0012 97 168 125 185
boat 0.0012 184 43 258 182
boat 0.0011 277 161 304 177
boat 0.0011 244 162 266 191
boat 0.0010 274 293 386 371
bird 0.0012 383 153 410 177
dog 0.0010 383 153 410 177
chair 0.0013 39 209 252 371
