person 0.8701 125 157 200 316
person 0.8697 242 155 300 297
person 0.8684 32 168 100 310
person 0.0819 229 208 257 270
person 0.0435 236 215 264 296
person 0.0400 191 217 254 313
person 0.0267 242 205 260 239
person 0.0231 232 222 254 257
person 0.0229 233 208 252 248
person 0.0198 72 182 125 292
person 0.0145 195 186 252 285
person 0.0137 234 195 263 260
person 0.0130 177 178 238 296
person 0.0106 51 191 115 316
person 0.0092 26 171 51 311
person 0.0082 213 30 315 82
person 0.0081 224 212 285 299
person 0.0080 146 157 249 317
person 0.0078 39 167 71 315
person 0.0075 251 158 290 227
person 0.0074 195 189 217 209
person 0.0058 214 241 258 294
person 0.0057 224 161 255 260
person 0.0053 183 183 221 270
person 0.0042 263 158 284 190
person 0.0039 251 165 266 195
person 0.0038 241 163 267 228
person 0.0028 206 164 245 258
person 0.0026 76 197 115 259
person 0.0026 30 178 115 231
person 0.0024 47 214 76 299
person 0.0024 176 308 211 326
person 0.0021 247 170 262 212
person 0.0021 51 169 83 290
person 0.0020 224 134 254 223
person 0.0020 132 169 210 251
person 0.0020 149 154 171 178
person 0.0016 206 227 249 289
person 0.0015 113 159 184 262
person 0.0015 46 159 161 319
person 0.0012 256 218 289 298
person 0.0012 16 135 319 333
person 0.0011 60 200 110 220
person 0.0010 166 196 293 330
train 0.0013 -12 167 346 358
train 0.0011 15 19 322 318
cat 0.0014 213 30 315 82
bottle 0.0022 148 206 175 235
bottle 0.0016 228 293 253 322
bottle 0.0010 176 308 211 326
chair 0.0613 113 232 146 286
chair 0.0061 115 230 137 259
chair 0.0059 101 260 175 323
chair 0.0050 120 228 161 288
chair 0.0037 111 251 146 322
chair 0.0036 126 207 194 318
chair 0.0031 56 266 145 322
chair 0.0022 67 215 124 312
chair 0.0020 75 255 119 288
chair 0.0016 38 280 117 322
chair 0.0011 120 252 141 285
tvmonitor 0.0472 1 0 331 29
tvmonitor 0.0119 2 -8 334 56
tvmonitor 0.0035 124 -1 349 23
tvmonitor 0.0029 181 -3 335 34
