person 0.4282 113 195 131 227
person 0.0817 63 198 84 229
person 0.0590 93 198 112 226
person 0.0139 372 107 415 141
person 0.0127 385 49 436 74
person 0.0045 393 109 421 139
person 0.0034 309 81 332 118
person 0.0031 19 192 38 236
person 0.0013 310 46 365 70
person 0.0012 134 201 159 228
bicycle 0.0050 372 107 415 141
car 0.1975 63 198 84 229
car 0.0032 23 200 73 232
car 0.0015 113 195 131 227
car 0.0014 93 198 112 226
car 0.0010 465 189 489 210
motorbike 0.0132 63 198 84 229
motorbike 0.0034 372 107 415 141
bus 0.0030 63 198 84 229
train 0.8824 93 27 498 286
train 0.0013 238 28 472 247
horse 0.0031 113 195 131 227
chair 0.0041 385 49 436 74
chair 0.0027 372 107 415 141
chair 0.0011 393 109 421 139
pottedplant 0.0014 63 198 84 229
