person 0.1482 162 139 204 214
person 0.0380 140 129 230 217
person 0.0180 179 174 197 216
person 0.0133 307 176 328 217
person 0.0124 296 141 341 216
person 0.0053 173 148 198 198
person 0.0031 340 202 374 216
person 0.0024 185 171 206 211
person 0.0022 278 129 365 218
person 0.0011 246 175 265 218
bicycle 0.0015 53 194 116 206
car 0.0052 53 194 116 206
car 0.0018 80 194 125 206
car 0.0011 42 193 89 205
aeroplane 0.3651 120 89 379 228
aeroplane 0.3101 148 121 264 221
aeroplane 0.1108 280 125 373 222
aeroplane 0.0531 232 132 274 217
aeroplane 0.0489 196 121 386 222
aeroplane 0.0154 83 67 499 255
aeroplane 0.0135 42 193 89 205
aeroplane 0.0077 53 194 116 206
aeroplane 0.0071 77 97 284 224
aeroplane 0.0064 148 118 211 195
aeroplane 0.0062 183 118 288 206
aeroplane 0.0060 151 131 214 156
aeroplane 0.0042 209 132 239 156
aeroplane 0.0039 198 142 236 159
aeroplane 0.0030 263 133 451 213
aeroplane 0.0030 162 139 204 214
aeroplane 0.0029 147 130 183 155
aeroplane 0.0028 180 132 217 155
aeroplane 0.0020 123 97 242 175
aeroplane 0.0016 178 139 231 162
aeroplane 0.0014 189 60 451 217
aeroplane 0.0012 169 142 201 169
aeroplane 0.0010 333 144 370 161
boat 0.0028 53 194 116 206
boat 0.0022 42 193 89 205
cow 0.0013 181 129 292 217
cow 0.0010 232 132 274 217
