person 0.0101 183 108 219 142
person 0.0075 201 105 235 139
person 0.0025 238 186 270 208
person 0.0012 441 98 467 127
car 0.0114 435 166 473 187
car 0.0050 221 187 266 210
car 0.0034 194 187 233 207
car 0.0025 472 161 499 187
aeroplane 0.2873 18 52 474 222
aeroplane 0.2212 77 110 499 203
aeroplane 0.1814 392 86 432 103
aeroplane 0.1224 379 86 419 104
aeroplane 0.1135 -1 111 64 154
aeroplane 0.0416 208 60 508 209
aeroplane 0.0274 4 108 52 142
aeroplane 0.0257 347 87 396 103
aeroplane 0.0243 -29 93 399 194
aeroplane 0.0206 0 126 55 180
aeroplane 0.0170 23 120 70 146
aeroplane 0.0143 98 108 151 132
aeroplane 0.0120 122 102 446 152
aeroplane 0.0105 0 119 27 151
aeroplane 0.0103 0 140 27 170
aeroplane 0.0103 47 122 89 143
aeroplane 0.0099 326 88 382 104
aeroplane 0.0098 167 102 332 146
aeroplane 0.0096 -1 140 51 165
aeroplane 0.0088 91 120 157 141
aeroplane 0.0084 325 90 359 106
aeroplane 0.0076 2 102 27 141
aeroplane 0.0076 -11 111 109 162
aeroplane 0.0071 23 111 182 158
aeroplane 0.0069 133 108 164 135
aeroplane 0.0063 183 108 219 142
aeroplane 0.0057 384 73 414 102
aeroplane 0.0054 47 109 293 160
aeroplane 0.0047 172 119 202 141
aeroplane 0.0047 80 96 282 144
aeroplane 0.0045 121 131 389 208
aeroplane 0.0038 -2 105 38 165
aeroplane 0.0037 164 109 195 138
aeroplane 0.0036 24 107 64 138
aeroplane 0.0035 -3 111 70 201
aeroplane 0.0035 0 156 16 195
aeroplane 0.0034 182 103 251 144
aeroplane 0.0030 81 112 139 133
aeroplane 0.0029 146 101 176 135
aeroplane 0.0026 8 100 75 146
aeroplane 0.0024 -12 124 111 185
aeroplane 0.0023 18 127 190 207
aeroplane 0.0023 123 121 169 139
aeroplane 0.0022 178 144 489 201
aeroplane 0.0022 89 98 163 137
aeroplane 0.0022 38 101 210 141
aeroplane 0.0019 239 82 434 115
aeroplane 0.0018 201 105 235 139
aeroplane 0.0017 87 115 166 154
aeroplane 0.0017 105 94 151 113
aeroplane 0.0016 55 109 87 141
aeroplane 0.0014 229 108 422 145
aeroplane 0.0013 238 84 268 107
aeroplane 0.0013 134 95 197 140
aeroplane 0.0012 165 163 330 214
aeroplane 0.0012 0 141 55 205
aeroplane 0.0012 329 146 495 197
aeroplane 0.0011 265 86 305 108
aeroplane 0.0011 175 79 321 127
aeroplane 0.0011 147 31 495 164
aeroplane 0.0010 37 91 64 117
aeroplane 0.0010 194 119 240 144
bus 0.0715 472 161 499 187
bus 0.0667 435 166 473 187
bus 0.0553 445 161 496 188
bus 0.0020 1 117 57 147
bus 0.0019 411 163 447 190
bus 0.0018 194 187 233 207
bus 0.0015 421 152 492 191
train 0.0037 472 161 499 187
train 0.0012 445 161 496 188
train 0.0010 239 82 434 115
