person 0.0322 72 12 501 331
person 0.0028 190 137 482 336
person 0.0023 -9 3 142 114
person 0.0023 389 -23 501 291
person 0.0021 381 2 496 50
person 0.0021 -1 47 351 310
bicycle 0.0018 -12 36 423 313
car 0.0016 47 13 451 334
car 0.0011 5 53 279 343
cat 0.8261 -2 50 269 310
cat 0.0589 47 13 451 334
cat 0.0121 227 113 487 330
cat 0.0081 88 63 323 277
cat 0.0015 171 61 405 281
dog 0.4114 227 113 487 330
dog 0.1019 72 12 501 331
dog 0.0098 -2 50 269 310
dog 0.0026 171 61 405 281
dog 0.0010 234 125 437 225
horse 0.0014 281 156 499 335
chair 0.0163 -12 36 423 313
chair 0.0072 389 -23 501 291
chair 0.0065 44 -17 455 227
chair 0.0059 211 -3 442 165
chair 0.0031 -13 9 202 164
chair 0.0014 83 2 418 124
chair 0.0014 202 23 505 316
chair 0.0013 0 4 123 110
chair 0.0011 381 2 496 50
sofa 0.0799 -12 36 423 313
sofa 0.0122 -3 147 506 339
sofa 0.0062 44 -17 455 227
sofa 0.0055 389 -23 501 291
sofa 0.0039 171 93 489 325
sofa 0.0028 -13 9 202 164
sofa 0.0015 281 156 499 335
sofa 0.0013 161 3 421 162
tvmonitor 0.0030 -12 36 423 313
