person 0.5024 6 47 367 456
person 0.0648 208 173 381 490
person 0.0151 8 53 113 152
person 0.0150 34 102 258 398
person 0.0108 17 0 194 173
person 0.0056 79 45 150 157
person 0.0034 3 182 215 476
person 0.0021 249 164 367 255
person 0.0021 119 108 335 393
person 0.0019 0 64 57 146
person 0.0013 48 204 190 315
person 0.0011 -11 -53 380 262
person 0.0011 55 55 107 149
person 0.0011 222 3 247 40
person 0.0010 182 222 280 336
person 0.0010 69 26 313 325
person 0.0010 5 43 208 301
bird 0.0023 64 46 138 157
bird 0.0016 222 3 247 40
cat 0.0010 8 53 113 152
dog 0.0030 8 53 113 152
dog 0.0017 0 3 155 168
horse 0.0036 10 45 121 153
horse 0.0013 0 3 155 168
bottle 0.0504 92 51 137 152
bottle 0.0057 79 20 150 161
bottle 0.0026 10 45 121 153
bottle 0.0017 104 28 138 117
bottle 0.0015 108 61 133 107
chair 0.0734 208 173 381 490
chair 0.0181 4 1 368 427
chair 0.0116 0 244 222 501
chair 0.0031 249 164 367 255
chair 0.0019 45 146 389 491
chair 0.0015 14 -9 190 153
chair 0.0010 1 133 150 295
sofa 0.0982 -11 50 384 526
sofa 0.0395 208 173 381 490
sofa 0.0147 0 244 222 501
sofa 0.0068 9 137 210 434
sofa 0.0022 1 133 150 295
sofa 0.0012 249 164 367 255
diningtable 0.0017 4 1 368 427
