person 0.9527 281 3 390 321
person 0.9005 66 28 353 322
person 0.7949 16 4 149 332
person 0.1822 46 2 148 108
person 0.1605 145 51 195 97
person 0.0995 -3 5 39 329
person 0.0706 60 16 196 328
person 0.0256 123 -1 227 82
person 0.0255 144 -3 270 100
person 0.0196 126 -1 309 175
person 0.0146 131 3 193 58
person 0.0134 0 1 30 85
person 0.0116 190 0 311 104
person 0.0110 155 0 206 60
person 0.0110 0 15 24 301
person 0.0085 285 6 383 153
person 0.0069 0 -7 30 173
person 0.0062 83 1 184 85
person 0.0059 183 -1 207 41
person 0.0053 243 0 339 108
person 0.0041 98 54 141 114
person 0.0037 129 35 213 138
person 0.0027 43 1 218 174
person 0.0026 6 1 117 104
person 0.0025 144 171 177 330
person 0.0024 250 1 298 84
person 0.0023 87 114 195 203
person 0.0022 218 18 377 236
person 0.0021 24 56 65 137
person 0.0021 67 34 275 220
person 0.0019 177 2 200 47
person 0.0018 98 11 158 71
person 0.0017 0 0 58 55
person 0.0017 77 35 178 138
person 0.0017 158 35 268 142
person 0.0017 2 22 41 140
person 0.0015 157 187 277 330
person 0.0015 13 42 107 141
person 0.0014 0 1 61 120
person 0.0013 19 6 69 72
person 0.0011 8 27 46 211
person 0.0010 56 57 144 191
person 0.0010 169 20 199 59
person 0.0010 75 78 182 189
horse 0.0040 30 22 331 325
bottle 0.0016 213 164 271 219
bottle 0.0013 88 27 335 329
bottle 0.0012 308 78 328 120
bottle 0.0010 218 179 260 210
bottle 0.0010 0 24 28 363
chair 0.0224 122 174 301 328
chair 0.0176 88 27 335 329
chair 0.0127 155 222 282 330
chair 0.0080 144 -3 270 100
chair 0.0050 124 -3 367 130
chair 0.0034 0 6 26 351
chair 0.0027 190 0 311 104
chair 0.0015 123 -1 227 82
chair 0.0013 243 0 339 108
chair 0.0011 12 59 99 332
chair 0.0011 250 1 298 84
sofa 0.0118 157 187 277 330
sofa 0.0117 97 0 325 121
sofa 0.0065 47 57 374 325
sofa 0.0031 123 -1 227 82
sofa 0.0026 123 171 361 328
sofa 0.0023 144 -3 270 100
sofa 0.0016 25 -4 239 121
sofa 0.0014 83 1 184 85
diningtable 0.0024 123 171 361 328
tvmonitor 0.0011 0 6 26 351
