person 0.8106 159 158 271 284
person 0.6213 365 170 502 363
person 0.2708 291 143 312 173
person 0.0207 475 296 499 373
person 0.0165 265 170 476 370
person 0.0126 394 282 502 380
person 0.0121 478 220 500 361
person 0.0117 26 158 259 284
person 0.0109 437 325 501 375
person 0.0071 73 166 503 362
person 0.0070 354 181 458 288
person 0.0067 -7 200 127 300
person 0.0063 448 293 500 368
person 0.0055 276 159 319 187
person 0.0049 203 153 306 284
person 0.0046 134 156 357 367
person 0.0043 480 296 499 338
person 0.0039 438 234 500 373
person 0.0034 -3 95 138 290
person 0.0033 227 152 283 217
person 0.0032 391 165 498 295
person 0.0029 450 329 484 366
person 0.0025 425 146 504 376
person 0.0023 474 130 500 303
person 0.0021 224 259 252 290
person 0.0019 0 135 24 174
person 0.0019 296 145 327 179
person 0.0014 202 159 364 221
person 0.0013 211 157 268 228
person 0.0013 0 126 31 155
person 0.0011 480 160 499 191
person 0.0011 326 181 410 268
person 0.0011 381 321 495 376
person 0.0011 484 236 501 304
person 0.0010 255 161 312 204
train 0.0017 28 52 471 334
boat 0.0010 73 166 503 362
dog 0.0012 -7 200 127 300
horse 0.0012 34 156 463 370
bottle 0.0048 114 117 134 154
bottle 0.0046 135 114 149 155
bottle 0.0013 481 300 500 351
bottle 0.0011 0 120 52 189
bottle 0.0011 406 261 458 334
bottle 0.0010 409 264 450 292
chair 0.2542 265 170 476 370
chair 0.1912 68 157 173 271
chair 0.1855 159 158 271 284
chair 0.0983 26 158 259 284
chair 0.0777 276 159 319 187
chair 0.0574 -7 200 127 300
chair 0.0463 477 227 499 324
chair 0.0272 357 209 458 310
chair 0.0239 325 241 420 364
chair 0.0232 318 198 414 332
chair 0.0172 378 176 400 224
chair 0.0171 351 244 394 316
chair 0.0169 224 259 252 290
chair 0.0166 209 162 353 364
chair 0.0164 7 247 311 374
chair 0.0160 263 202 331 374
chair 0.0156 326 181 410 268
chair 0.0146 263 164 303 197
chair 0.0144 301 203 370 375
chair 0.0079 254 164 306 222
chair 0.0076 484 236 501 304
chair 0.0059 351 250 462 360
chair 0.0058 352 225 405 249
chair 0.0056 480 296 499 338
chair 0.0056 316 178 393 222
chair 0.0054 362 177 393 221
chair 0.0049 475 296 499 373
chair 0.0048 357 171 397 186
chair 0.0045 0 240 34 276
chair 0.0045 -27 172 441 354
chair 0.0039 276 177 396 256
chair 0.0037 232 172 324 283
chair 0.0037 2 184 47 204
chair 0.0032 338 222 366 251
chair 0.0029 257 174 398 214
chair 0.0029 371 170 412 188
chair 0.0028 31 159 140 276
chair 0.0028 369 172 407 226
chair 0.0024 50 210 120 274
chair 0.0021 290 165 338 183
chair 0.0020 98 171 333 354
chair 0.0020 477 241 500 387
chair 0.0020 452 198 498 346
chair 0.0019 147 145 171 163
chair 0.0018 314 245 351 377
chair 0.0018 -3 95 138 290
chair 0.0017 365 170 502 363
chair 0.0017 349 216 410 261
chair 0.0017 149 122 178 157
chair 0.0016 330 200 377 229
chair 0.0016 202 159 364 221
chair 0.0014 0 144 117 246
chair 0.0013 0 232 49 283
chair 0.0012 -2 188 69 287
chair 0.0012 190 264 316 363
chair 0.0011 206 119 234 158
chair 0.0011 -3 251 128 340
chair 0.0011 259 170 295 209
chair 0.0011 337 241 379 340
chair 0.0011 162 123 191 156
chair 0.0011 291 143 312 173
chair 0.0010 486 261 500 327
chair 0.0010 329 214 355 253
chair 0.0010 0 120 52 189
chair 0.0010 241 202 273 305
sofa 0.2906 -27 172 441 354
sofa 0.1946 -7 246 300 372
sofa 0.1346 26 158 259 284
sofa 0.1147 152 158 264 284
sofa 0.0751 -4 195 130 283
sofa 0.0665 265 170 476 370
sofa 0.0461 134 156 357 367
sofa 0.0078 40 173 152 272
sofa 0.0063 -3 181 197 342
sofa 0.0060 326 181 410 268
sofa 0.0056 477 227 499 324
sofa 0.0052 354 181 458 288
sofa 0.0050 6 141 288 390
sofa 0.0032 80 84 496 372
sofa 0.0022 276 177 396 256
sofa 0.0021 242 186 327 359
sofa 0.0020 300 177 402 226
sofa 0.0020 202 159 364 221
sofa 0.0018 195 156 293 241
sofa 0.0016 378 176 400 224
sofa 0.0015 -3 251 128 340
sofa 0.0013 232 172 324 283
sofa 0.0011 263 164 303 197
sofa 0.0010 369 172 407 226
sofa 0.0010 254 164 306 222
pottedplant 0.0038 149 122 178 157
pottedplant 0.0024 478 71 499 171
pottedplant 0.0023 481 101 499 140
pottedplant 0.0013 480 160 499 191
pottedplant 0.0012 477 133 500 259
diningtable 0.0042 2 267 295 382
diningtable 0.0017 52 158 164 272
diningtable 0.0017 2 184 47 204
diningtable 0.0014 474 218 499 302
tvmonitor 0.0017 69 113 136 159
tvmonitor 0.0011 0 120 52 189
