person 0.0350 13 0 342 46
person 0.0156 -19 0 381 103
person 0.0046 128 35 444 460
person 0.0028 -28 167 387 484
person 0.0014 118 0 374 27
person 0.0013 3 -37 425 173
person 0.0011 2 20 67 42
bicycle 0.0017 25 216 417 497
car 0.0018 22 93 418 487
car 0.0016 1 -1 288 48
boat 0.0041 1 -1 288 48
cat 0.9576 223 30 350 160
cat 0.7951 160 212 340 433
cat 0.0056 25 216 417 497
cat 0.0048 66 -31 451 450
cat 0.0037 198 28 397 324
cat 0.0016 175 -4 434 57
cat 0.0014 219 23 359 79
chair 0.2365 22 93 418 487
chair 0.0157 65 -37 449 309
chair 0.0072 1 -1 288 48
sofa 0.1683 22 93 418 487
sofa 0.0546 65 -37 449 309
sofa 0.0157 10 304 426 487
sofa 0.0128 13 0 342 46
sofa 0.0048 -19 0 381 103
diningtable 0.0382 -18 -30 453 456
