person 0.0039 262 168 455 359
person 0.0024 466 335 500 372
person 0.0018 436 308 500 362
bicycle 0.0013 269 296 412 358
cat 0.8930 171 151 316 351
cat 0.0135 224 159 428 354
cat 0.0024 168 249 320 348
cat 0.0012 101 249 468 367
bottle 0.0042 269 288 410 349
bottle 0.0026 440 339 467 373
bottle 0.0017 466 335 500 372
bottle 0.0010 431 307 486 359
chair 0.0248 438 321 500 375
chair 0.0122 285 290 418 344
chair 0.0040 466 335 500 372
chair 0.0018 431 307 486 359
chair 0.0018 402 310 503 370
chair 0.0015 330 288 387 310
chair 0.0014 440 339 467 373
chair 0.0014 24 24 398 360
chair 0.0010 118 325 384 372
chair 0.0010 262 168 455 359
chair 0.0010 74 328 206 372
sofa 0.0121 438 321 500 375
sofa 0.0081 273 303 433 357
sofa 0.0035 132 311 434 371
sofa 0.0030 402 310 503 370
sofa 0.0019 285 315 507 368
sofa 0.0016 466 335 500 372
sofa 0.0012 77 289 485 381
pottedplant 0.0017 466 335 500 372
diningtable 0.0026 118 325 384 372
diningtable 0.0024 269 296 412 358
diningtable 0.0017 144 343 420 387
diningtable 0.0011 77 289 485 381
tvmonitor 0.0015 269 296 412 358
tvmonitor 0.0015 77 289 485 381
