person 0.0484 51 -6 335 506
person 0.0038 0 0 134 40
person 0.0029 119 44 314 398
person 0.0024 57 283 95 343
person 0.0014 0 -1 132 99
person 0.0010 322 302 372 369
car 0.0011 0 0 134 40
car 0.0010 51 -6 335 506
dog 0.0054 95 1 346 497
bottle 0.0579 95 65 340 521
bottle 0.0032 100 43 282 234
bottle 0.0029 200 0 298 49
bottle 0.0022 138 68 239 185
bottle 0.0014 28 -1 349 370
chair 0.0060 97 145 339 503
chair 0.0015 14 64 130 367
chair 0.0014 1 -3 141 275
chair 0.0011 67 408 105 499
sofa 0.0025 42 142 346 510
pottedplant 0.0020 95 65 340 521
diningtable 0.0105 97 145 339 503
diningtable 0.0017 1 -3 141 275
diningtable 0.0012 0 -1 132 99
diningtable 0.0011 9 105 112 170
