person 0.0030 110 125 133 156
person 0.0022 281 338 307 359
person 0.0019 354 263 384 291
person 0.0012 263 25 291 54
car 0.0278 318 28 357 46
car 0.0264 344 106 405 132
car 0.0174 444 338 488 363
car 0.0124 478 298 500 326
car 0.0114 435 306 471 325
car 0.0074 478 244 500 271
car 0.0070 401 12 432 35
car 0.0063 459 320 492 343
car 0.0063 469 278 500 314
car 0.0060 469 223 500 246
car 0.0051 351 88 398 118
car 0.0049 335 263 375 288
car 0.0048 292 50 340 70
car 0.0043 471 206 500 228
car 0.0042 317 18 349 41
car 0.0040 335 19 369 38
car 0.0033 412 320 439 347
car 0.0032 352 73 396 88
car 0.0031 449 307 492 327
car 0.0029 403 60 454 77
car 0.0029 479 314 500 344
car 0.0023 482 254 500 288
car 0.0021 364 86 423 115
car 0.0021 393 69 439 86
car 0.0020 452 271 502 316
car 0.0018 452 261 491 283
car 0.0017 407 17 446 40
car 0.0015 244 358 279 374
car 0.0015 425 263 469 283
car 0.0013 391 85 430 117
car 0.0012 411 26 441 49
car 0.0011 436 319 469 346
car 0.0010 441 333 476 358
car 0.0010 156 54 199 72
aeroplane 0.0309 87 109 256 160
aeroplane 0.0200 115 93 243 150
aeroplane 0.0073 58 166 307 230
aeroplane 0.0060 26 122 323 243
aeroplane 0.0021 82 161 323 200
aeroplane 0.0020 63 84 354 217
aeroplane 0.0020 186 110 222 139
aeroplane 0.0018 53 82 232 153
aeroplane 0.0018 149 128 221 146
aeroplane 0.0017 478 298 500 326
aeroplane 0.0016 36 39 465 340
aeroplane 0.0011 30 131 72 148
aeroplane 0.0011 344 106 405 132
aeroplane 0.0011 318 28 357 46
aeroplane 0.0010 128 69 229 125
aeroplane 0.0010 160 109 209 130
bus 0.0155 318 28 357 46
bus 0.0115 344 106 405 132
bus 0.0100 469 278 500 314
bus 0.0098 444 338 488 363
bus 0.0070 478 298 500 326
bus 0.0064 452 271 502 316
bus 0.0058 186 161 467 212
bus 0.0042 278 235 353 274
bus 0.0041 261 231 390 289
bus 0.0039 36 195 159 255
bus 0.0035 402 271 462 315
bus 0.0033 469 223 500 246
bus 0.0032 200 133 472 183
bus 0.0031 478 244 500 271
bus 0.0025 140 192 280 245
bus 0.0024 451 245 489 269
bus 0.0023 454 221 496 242
bus 0.0021 254 205 391 253
bus 0.0021 452 261 491 283
bus 0.0021 279 240 322 269
bus 0.0020 451 207 498 228
bus 0.0019 346 82 407 126
bus 0.0017 479 314 500 344
bus 0.0014 196 229 250 248
bus 0.0013 352 73 396 88
bus 0.0012 335 263 375 288
bus 0.0012 459 320 492 343
bus 0.0012 409 64 451 87
bus 0.0011 123 179 355 221
bus 0.0010 216 230 259 251
bus 0.0010 447 189 494 211
train 0.0548 50 200 298 243
train 0.0398 135 159 442 217
train 0.0170 181 124 478 176
train 0.0134 85 171 341 224
train 0.0047 36 195 159 255
train 0.0041 30 158 303 238
train 0.0041 438 72 498 120
train 0.0039 23 213 264 251
train 0.0038 83 226 418 370
train 0.0028 189 199 386 257
train 0.0024 -3 140 433 382
train 0.0016 469 278 500 314
train 0.0014 208 163 467 200
train 0.0012 162 125 477 237
train 0.0012 452 271 502 316
train 0.0012 135 135 389 187
train 0.0011 53 49 233 119
train 0.0011 116 185 290 238
boat 0.3382 30 131 72 148
boat 0.1034 36 195 159 255
boat 0.0847 40 151 151 240
boat 0.0678 33 112 173 265
boat 0.0362 87 109 256 160
boat 0.0317 26 122 323 243
boat 0.0183 115 93 243 150
boat 0.0155 344 106 405 132
boat 0.0097 34 165 317 226
boat 0.0084 50 200 298 243
boat 0.0062 128 69 229 125
boat 0.0052 48 170 120 195
boat 0.0040 181 124 478 176
boat 0.0037 449 107 494 126
boat 0.0035 63 84 354 217
boat 0.0034 166 95 479 210
boat 0.0032 401 12 432 35
boat 0.0029 38 119 154 172
boat 0.0026 7 54 419 323
boat 0.0026 340 79 449 131
boat 0.0023 250 155 476 212
boat 0.0023 43 143 90 161
boat 0.0023 0 104 31 130
boat 0.0022 267 49 337 73
boat 0.0020 77 167 135 193
boat 0.0020 42 179 101 202
boat 0.0019 407 17 446 40
boat 0.0019 35 112 64 142
boat 0.0019 392 167 497 218
boat 0.0018 318 28 357 46
boat 0.0017 47 159 125 205
boat 0.0016 53 82 232 153
boat 0.0015 149 128 221 146
boat 0.0015 145 68 216 90
boat 0.0013 47 124 118 143
boat 0.0012 12 126 50 146
boat 0.0011 156 54 199 72
boat 0.0011 346 82 407 126
boat 0.0011 317 18 349 41
boat 0.0010 221 49 346 106
boat 0.0010 32 142 69 159
boat 0.0010 26 115 80 154
horse 0.0010 281 338 307 359
chair 0.0022 237 83 311 125
chair 0.0021 265 109 329 126
chair 0.0016 305 85 335 117
chair 0.0011 276 86 311 123
pottedplant 0.0013 471 206 500 228
