person 0.0032 435 218 471 247
person 0.0030 453 222 490 247
person 0.0028 431 236 476 258
person 0.0027 399 216 427 244
person 0.0025 414 251 445 284
person 0.0019 417 238 449 261
person 0.0015 377 248 493 327
person 0.0014 395 234 423 257
person 0.0013 447 241 498 259
car 0.0961 185 286 379 328
car 0.0129 228 297 288 322
car 0.0124 447 241 498 259
car 0.0095 376 228 416 246
car 0.0070 221 290 304 330
car 0.0055 248 270 299 294
car 0.0054 361 180 500 243
car 0.0047 370 235 418 257
car 0.0046 302 294 371 322
car 0.0046 479 235 500 260
car 0.0045 348 230 403 246
car 0.0039 474 222 499 247
car 0.0033 408 217 451 242
car 0.0030 335 295 380 322
car 0.0023 344 235 407 256
car 0.0023 200 292 244 325
car 0.0021 272 289 376 326
car 0.0018 254 298 303 327
car 0.0018 189 251 322 330
car 0.0013 453 222 490 247
car 0.0013 230 311 290 329
car 0.0012 254 312 302 327
car 0.0011 217 312 263 329
car 0.0011 211 287 265 304
motorbike 0.0012 185 261 377 327
motorbike 0.0010 176 286 345 329
aeroplane 0.0026 9 12 413 306
aeroplane 0.0018 46 19 284 226
aeroplane 0.0015 355 181 505 244
aeroplane 0.0013 207 287 365 328
bus 0.0346 207 287 365 328
train 0.0098 9 12 413 306
train 0.0054 44 29 252 298
boat 0.0317 9 12 413 306
boat 0.0097 43 50 291 269
boat 0.0066 185 286 379 328
boat 0.0021 368 195 500 262
boat 0.0011 63 0 267 176
chair 0.0145 408 217 451 242
chair 0.0090 417 238 449 261
chair 0.0061 302 294 371 322
chair 0.0048 207 287 365 328
chair 0.0037 335 295 380 322
chair 0.0025 431 236 476 258
chair 0.0024 395 234 423 257
chair 0.0018 447 241 498 259
chair 0.0013 399 216 427 244
chair 0.0013 414 251 445 284
pottedplant 0.0039 408 217 451 242
pottedplant 0.0037 399 216 427 244
pottedplant 0.0031 389 253 495 323
pottedplant 0.0017 395 234 423 257
pottedplant 0.0015 417 238 449 261
pottedplant 0.0013 368 195 500 262
diningtable 0.0017 447 241 498 259
tvmonitor 0.0016 51 -3 527 262
