person 0.9576 127 302 228 500
person 0.0194 208 308 235 394
person 0.0160 212 325 228 389
person 0.0092 214 288 242 390
person 0.0068 211 294 251 453
person 0.0062 177 305 220 486
person 0.0060 204 327 230 463
person 0.0048 207 309 224 356
person 0.0046 181 343 255 477
person 0.0025 220 307 238 359
person 0.0021 217 390 258 413
person 0.0020 228 398 265 425
person 0.0015 201 297 220 341
person 0.0010 111 307 205 434
bicycle 0.3004 114 382 246 477
bicycle 0.2252 104 318 225 495
bicycle 0.0730 166 384 271 483
bicycle 0.0300 214 393 263 462
bicycle 0.0170 98 371 192 494
bicycle 0.0168 220 391 322 484
bicycle 0.0107 218 392 260 426
bicycle 0.0074 216 418 250 452
bicycle 0.0045 147 303 281 492
bicycle 0.0039 213 419 262 484
bicycle 0.0038 106 369 328 495
bicycle 0.0036 181 425 245 483
bicycle 0.0026 217 428 247 465
bicycle 0.0022 199 347 232 476
bicycle 0.0019 197 291 257 447
bicycle 0.0019 166 433 230 463
bicycle 0.0018 131 401 187 459
bicycle 0.0017 125 371 182 414
bicycle 0.0013 161 415 189 452
bicycle 0.0012 178 384 226 477
bicycle 0.0012 209 386 230 434
bicycle 0.0011 33 321 197 492
bicycle 0.0010 10 221 366 507
car 0.0019 232 252 372 467
car 0.0014 101 408 143 425
car 0.0014 104 318 225 495
car 0.0013 215 391 261 437
motorbike 0.0044 104 318 225 495
motorbike 0.0028 114 382 246 477
motorbike 0.0012 215 391 261 437
motorbike 0.0011 98 371 192 494
aeroplane 0.0186 59 164 385 488
aeroplane 0.0055 232 252 372 467
aeroplane 0.0049 136 245 315 422
aeroplane 0.0049 42 21 329 398
bus 0.0032 104 318 225 495
train 0.0089 232 252 372 467
boat 0.0555 232 252 372 467
boat 0.0466 122 6 240 412
boat 0.0297 42 21 329 398
boat 0.0036 100 131 268 449
boat 0.0012 29 178 349 473
pottedplant 0.0428 -2 364 90 498
pottedplant 0.0018 0 441 92 499
pottedplant 0.0012 5 323 142 496
