person 0.5406 189 104 377 374
person 0.0478 46 72 380 387
person 0.0271 73 184 180 281
person 0.0101 62 88 220 361
person 0.0092 125 200 159 262
person 0.0055 129 216 154 258
person 0.0025 19 172 182 366
person 0.0024 432 6 501 365
person 0.0018 335 142 370 201
person 0.0015 133 196 188 274
person 0.0015 52 198 150 320
person 0.0013 123 190 203 322
person 0.0011 329 159 489 373
person 0.0010 85 92 328 281
bicycle 0.0023 442 43 500 91
car 0.0016 46 72 380 387
cat 0.0044 189 104 377 374
cat 0.0013 62 88 220 361
dog 0.1988 189 104 377 374
dog 0.0610 46 72 380 387
dog 0.0011 78 77 249 375
horse 0.0014 46 72 380 387
sheep 0.0032 46 72 380 387
sheep 0.0025 80 80 245 287
sheep 0.0023 189 104 377 374
cow 0.0016 83 78 412 386
bottle 0.0016 190 110 241 165
bottle 0.0011 335 142 370 201
chair 0.0095 46 72 380 387
chair 0.0028 192 128 367 372
chair 0.0026 243 314 340 374
chair 0.0018 392 10 504 360
chair 0.0017 52 172 212 363
chair 0.0015 79 65 256 242
chair 0.0010 -1 26 114 270
sofa 0.0881 46 72 380 387
sofa 0.0029 53 216 515 377
sofa 0.0028 192 128 367 372
tvmonitor 0.0013 46 72 380 387
tvmonitor 0.0013 5 17 130 113
