person 0.7280 310 279 403 425
person 0.0064 351 288 397 413
person 0.0064 322 269 397 371
person 0.0064 314 293 332 331
person 0.0048 482 309 499 364
person 0.0042 316 259 363 326
person 0.0040 451 164 489 187
person 0.0037 375 280 404 356
person 0.0036 449 164 469 187
person 0.0035 319 286 355 318
person 0.0026 487 288 499 355
person 0.0025 376 280 396 321
person 0.0024 399 312 493 401
person 0.0023 337 292 382 387
person 0.0022 447 100 478 137
person 0.0022 413 386 456 412
person 0.0021 326 282 382 348
person 0.0020 409 301 463 369
person 0.0017 319 298 350 329
person 0.0014 482 222 500 376
person 0.0013 324 252 354 300
person 0.0012 312 286 359 346
person 0.0011 339 295 370 332
person 0.0011 348 165 371 187
person 0.0011 369 278 391 310
bicycle 0.0025 348 165 371 187
car 0.0024 447 100 478 137
car 0.0018 451 164 489 187
car 0.0014 474 166 499 190
car 0.0010 345 107 373 132
car 0.0010 347 329 365 381
aeroplane 0.0017 448 92 480 158
aeroplane 0.0010 451 164 489 187
train 0.4759 12 76 406 481
train 0.0309 409 301 463 369
train 0.0085 399 312 493 401
train 0.0046 131 176 502 471
train 0.0018 263 271 410 452
train 0.0016 187 68 394 217
train 0.0010 376 225 497 427
boat 0.0030 143 428 341 475
boat 0.0022 399 312 493 401
boat 0.0021 25 431 471 501
boat 0.0019 386 374 495 428
boat 0.0014 430 455 483 479
boat 0.0011 94 443 391 490
bird 0.0225 447 100 478 137
bird 0.0023 449 164 469 187
bird 0.0017 451 164 489 187
bird 0.0014 345 107 373 132
bird 0.0013 348 165 371 187
bird 0.0012 448 68 480 139
bottle 0.0015 482 309 499 364
pottedplant 0.0010 481 266 499 365
