person 0.8153 98 30 302 238
person 0.0775 49 70 119 189
person 0.0715 89 20 159 148
person 0.0577 56 83 108 162
person 0.0309 42 68 67 100
person 0.0284 217 29 339 225
person 0.0265 22 89 111 221
person 0.0263 20 18 342 307
person 0.0254 245 51 320 200
person 0.0240 82 61 131 133
person 0.0222 289 106 339 174
person 0.0202 62 46 146 148
person 0.0179 60 96 108 218
person 0.0170 43 60 91 105
person 0.0158 10 114 47 197
person 0.0137 40 65 93 136
person 0.0114 8 52 53 189
person 0.0110 298 104 330 143
person 0.0086 22 80 69 159
person 0.0082 44 96 96 181
person 0.0075 254 107 337 222
person 0.0072 95 84 148 152
person 0.0068 278 114 355 210
person 0.0066 29 49 109 158
person 0.0061 21 180 315 321
person 0.0059 107 4 175 121
person 0.0057 118 17 161 102
person 0.0050 297 118 337 150
person 0.0045 50 151 523 329
person 0.0039 5 69 26 99
person 0.0038 170 15 235 67
person 0.0032 321 152 492 327
person 0.0031 128 235 434 324
person 0.0031 88 55 167 194
person 0.0030 25 112 64 197
person 0.0029 214 72 302 208
person 0.0028 53 80 88 111
person 0.0026 308 213 408 334
person 0.0025 66 8 203 184
person 0.0023 280 125 329 192
person 0.0023 22 60 74 108
person 0.0022 26 90 69 114
person 0.0022 16 99 169 304
person 0.0022 49 102 86 135
person 0.0019 153 0 491 331
person 0.0018 319 93 341 141
person 0.0018 13 60 38 99
person 0.0017 83 103 126 166
person 0.0017 67 101 103 141
person 0.0016 282 58 320 139
person 0.0016 276 90 326 150
person 0.0015 15 14 44 101
person 0.0015 292 106 318 140
person 0.0015 70 63 97 101
person 0.0014 102 88 147 121
person 0.0014 56 89 148 227
person 0.0013 57 55 113 108
person 0.0013 66 78 100 112
person 0.0012 85 62 121 103
person 0.0012 117 66 161 127
person 0.0012 252 158 276 190
person 0.0012 419 11 495 106
person 0.0011 130 84 157 120
person 0.0010 257 79 300 161
person 0.0010 7 69 23 122
person 0.0010 0 97 60 236
person 0.0010 19 286 191 326
car 0.0025 25 80 107 189
car 0.0013 333 144 489 212
car 0.0012 326 94 490 334
boat 0.0031 21 180 315 321
cat 0.0061 284 124 342 187
dog 0.0080 284 124 342 187
dog 0.0013 277 118 358 233
bottle 0.0143 264 140 292 174
bottle 0.0128 342 95 465 159
bottle 0.0061 252 144 277 182
bottle 0.0042 252 158 276 190
bottle 0.0040 176 249 324 315
bottle 0.0039 327 72 496 261
bottle 0.0033 326 139 497 207
bottle 0.0025 253 126 297 190
bottle 0.0022 265 159 294 194
bottle 0.0016 278 114 355 210
bottle 0.0015 419 11 495 106
bottle 0.0012 425 102 489 151
bottle 0.0012 340 74 362 119
bottle 0.0011 280 125 329 192
bottle 0.0011 409 97 430 153
chair 0.0232 21 180 315 321
chair 0.0174 24 91 110 229
chair 0.0090 10 114 47 197
chair 0.0074 65 166 104 229
chair 0.0059 42 218 295 291
chair 0.0055 25 112 64 197
chair 0.0039 321 152 492 327
chair 0.0037 49 109 88 204
chair 0.0037 96 120 124 160
chair 0.0037 193 228 312 289
chair 0.0035 41 146 143 268
chair 0.0035 17 131 42 184
chair 0.0034 319 93 341 141
chair 0.0033 3 255 329 326
chair 0.0029 60 97 108 177
chair 0.0026 35 131 55 183
chair 0.0021 19 119 251 298
chair 0.0021 342 95 465 159
chair 0.0021 51 117 77 162
chair 0.0020 221 198 257 231
chair 0.0020 74 159 198 251
chair 0.0019 53 131 75 178
chair 0.0018 61 134 106 219
chair 0.0018 76 165 121 231
chair 0.0016 36 117 60 163
chair 0.0016 349 97 408 152
chair 0.0013 281 254 345 317
chair 0.0013 12 138 104 271
chair 0.0012 105 98 138 133
chair 0.0012 28 101 68 133
chair 0.0011 201 195 228 229
chair 0.0011 67 113 103 159
chair 0.0010 212 187 272 233
sofa 0.0103 326 139 497 207
sofa 0.0096 21 180 315 321
sofa 0.0031 53 77 521 331
sofa 0.0029 327 72 496 261
sofa 0.0028 254 107 337 222
sofa 0.0027 321 152 492 327
sofa 0.0013 187 159 461 324
sofa 0.0011 19 119 251 298
pottedplant 0.0114 403 239 494 322
pottedplant 0.0079 401 259 460 327
pottedplant 0.0046 329 230 483 323
pottedplant 0.0012 321 152 492 327
pottedplant 0.0010 164 13 262 77
diningtable 0.0185 326 139 497 207
diningtable 0.0055 338 162 481 229
diningtable 0.0053 50 151 523 329
diningtable 0.0034 24 91 110 229
diningtable 0.0033 49 102 86 135
diningtable 0.0029 128 235 434 324
diningtable 0.0024 21 180 315 321
diningtable 0.0024 26 90 69 114
diningtable 0.0022 28 101 68 133
diningtable 0.0021 3 255 329 326
diningtable 0.0019 24 286 298 329
diningtable 0.0014 327 72 496 261
diningtable 0.0012 91 103 124 136
diningtable 0.0010 96 120 124 160
tvmonitor 0.0015 344 2 465 46
tvmonitor 0.0013 15 -7 341 276
tvmonitor 0.0011 21 180 315 321
