person 0.0070 8 215 33 261
person 0.0068 203 110 314 182
person 0.0058 227 115 287 174
person 0.0057 214 116 262 174
person 0.0036 220 127 254 165
person 0.0032 187 117 243 177
person 0.0023 328 162 377 236
person 0.0022 224 136 278 185
person 0.0020 34 112 174 184
person 0.0019 329 108 347 164
person 0.0019 236 123 274 161
person 0.0019 0 207 43 273
person 0.0017 344 147 371 187
person 0.0016 16 203 40 244
person 0.0016 255 124 289 163
person 0.0015 160 91 201 107
person 0.0014 339 197 373 278
person 0.0013 1 208 15 267
person 0.0012 222 141 259 180
person 0.0010 336 158 367 201
person 0.0010 106 145 170 192
person 0.0010 0 364 36 500
bicycle 0.0010 8 215 33 261
car 0.0799 -14 -4 383 429
car 0.0082 354 215 374 267
car 0.0023 339 197 373 278
car 0.0012 345 220 368 261
car 0.0011 18 159 301 351
motorbike 0.0071 0 207 43 273
motorbike 0.0049 8 215 33 261
motorbike 0.0022 -14 -4 383 429
motorbike 0.0013 8 237 38 277
motorbike 0.0010 354 175 374 268
bus 0.1045 -1 25 364 342
bus 0.0266 16 41 338 215
train 0.0171 -14 -4 383 429
train 0.0030 41 47 321 89
cat 0.0017 69 370 102 442
cat 0.0010 -7 46 383 465
dog 0.0021 68 368 102 434
dog 0.0010 17 359 103 458
bottle 0.0029 354 175 374 268
bottle 0.0010 332 206 359 235
chair 0.0038 328 162 377 236
