person 0.0038 1 29 100 392
person 0.0029 441 254 499 421
person 0.0014 0 67 24 261
person 0.0014 219 53 502 432
person 0.0013 0 92 194 411
bird 0.4696 113 80 323 286
bird 0.0366 53 28 385 400
bird 0.0183 202 103 347 265
bird 0.0048 153 95 334 401
bird 0.0029 260 263 307 327
bird 0.0013 208 264 312 333
bird 0.0013 191 204 287 303
bird 0.0012 111 83 208 198
bottle 0.0045 -1 186 65 346
bottle 0.0014 441 265 500 420
bottle 0.0013 -1 194 26 289
bottle 0.0013 0 25 60 399
bottle 0.0010 1 131 95 386
chair 0.0013 1 340 190 419
pottedplant 0.0220 0 9 360 423
pottedplant 0.0029 1 340 190 419
pottedplant 0.0020 221 243 346 428
pottedplant 0.0019 1 131 95 386
pottedplant 0.0015 -6 232 202 422
pottedplant 0.0011 0 25 60 399
diningtable 0.0034 -13 153 369 423
diningtable 0.0026 24 315 325 422
diningtable 0.0022 1 340 190 419
diningtable 0.0011 117 338 212 423
