person 0.0237 23 5 481 321
person 0.0130 301 -3 497 51
person 0.0048 388 0 504 46
person 0.0042 370 3 503 81
person 0.0026 242 -1 422 45
person 0.0026 12 164 230 326
person 0.0012 -30 134 454 335
cat 0.5825 63 6 519 319
cat 0.1300 176 15 480 232
cat 0.0077 1 111 247 311
cat 0.0047 -12 3 302 329
cat 0.0015 88 13 410 183
cat 0.0012 308 12 500 321
dog 0.0186 23 5 481 321
chair 0.0170 -1 4 198 175
chair 0.0020 63 6 519 319
chair 0.0013 370 3 503 81
chair 0.0013 379 -1 501 47
chair 0.0011 244 0 487 47
sofa 0.0248 63 6 519 319
sofa 0.0041 244 0 487 47
sofa 0.0019 379 -1 501 47
sofa 0.0013 -1 4 198 175
sofa 0.0011 34 13 472 193
sofa 0.0010 301 2 515 76
diningtable 0.0015 -1 4 198 175
diningtable 0.0011 -3 6 436 319
tvmonitor 0.0024 -1 4 198 175
