person 0.7172 170 2 495 329
person 0.2204 389 0 487 109
person 0.0937 388 0 500 329
person 0.0893 11 6 341 328
person 0.0463 112 21 221 153
person 0.0171 98 10 311 179
person 0.0117 208 1 381 164
person 0.0093 125 144 215 276
person 0.0075 475 30 499 325
person 0.0047 396 5 473 72
person 0.0038 370 37 393 75
person 0.0032 129 128 220 218
person 0.0031 209 13 444 237
person 0.0031 378 35 403 75
person 0.0030 348 7 398 71
person 0.0026 474 -4 500 163
person 0.0025 368 27 466 138
person 0.0021 124 194 225 297
person 0.0018 96 11 201 112
person 0.0016 457 98 499 329
person 0.0015 169 19 335 215
person 0.0014 47 -10 454 213
person 0.0014 -3 84 107 324
person 0.0014 367 8 415 74
person 0.0013 183 147 455 329
person 0.0013 301 0 420 89
person 0.0013 89 141 258 329
person 0.0013 162 237 191 272
person 0.0010 431 6 501 150
bicycle 0.0010 186 216 211 247
car 0.0105 186 216 211 247
car 0.0051 18 26 232 303
car 0.0047 85 121 131 187
car 0.0029 179 218 225 284
car 0.0024 89 136 123 176
car 0.0020 132 212 195 264
car 0.0014 171 192 198 229
car 0.0013 125 144 215 276
car 0.0013 128 203 227 298
car 0.0011 185 235 215 272
car 0.0011 74 155 102 193
car 0.0010 0 162 62 327
motorbike 0.0041 -6 0 278 331
aeroplane 0.0165 0 162 62 327
aeroplane 0.0103 -6 0 278 331
aeroplane 0.0027 -1 134 48 261
aeroplane 0.0027 -3 84 107 324
aeroplane 0.0027 28 200 78 265
aeroplane 0.0015 -1 153 32 318
aeroplane 0.0013 5 145 86 280
bus 0.0034 18 26 232 303
cat 0.0024 203 -7 511 336
cat 0.0017 208 1 381 164
bottle 0.2933 18 26 232 303
bottle 0.0285 101 21 318 214
bottle 0.0117 125 144 215 276
bottle 0.0080 112 21 221 153
bottle 0.0049 175 138 235 187
bottle 0.0043 17 3 252 182
bottle 0.0033 129 128 220 218
bottle 0.0023 207 63 304 198
bottle 0.0021 90 112 187 231
bottle 0.0012 180 142 403 327
bottle 0.0011 159 131 260 203
chair 0.0156 370 37 393 75
chair 0.0151 388 0 500 329
chair 0.0131 170 2 495 329
chair 0.0120 378 35 403 75
chair 0.0063 389 0 487 109
chair 0.0043 473 94 499 334
chair 0.0042 85 121 131 187
chair 0.0034 180 142 403 327
chair 0.0019 446 150 500 328
chair 0.0014 382 24 480 164
chair 0.0013 89 136 123 176
sofa 0.0301 203 -7 511 336
sofa 0.0072 388 0 500 329
sofa 0.0038 35 0 393 337
sofa 0.0029 216 -3 385 135
sofa 0.0010 183 147 455 329
diningtable 0.0311 11 6 341 328
diningtable 0.0026 106 70 479 327
diningtable 0.0012 208 1 381 164
diningtable 0.0011 180 142 403 327
tvmonitor 0.0016 27 177 76 253
tvmonitor 0.0013 0 173 45 251
tvmonitor 0.0012 -1 139 67 292
