person 0.8385 276 61 387 375
person 0.7335 36 51 202 375
person 0.6714 389 151 501 367
person 0.6036 0 100 53 367
person 0.5623 191 50 292 391
person 0.1661 467 80 500 156
person 0.1299 352 88 393 153
person 0.1182 0 103 47 218
person 0.1164 39 106 66 178
person 0.0991 377 86 410 158
person 0.0790 470 142 500 214
person 0.0598 342 87 378 149
person 0.0450 0 115 28 391
person 0.0391 41 103 66 141
person 0.0310 36 132 57 184
person 0.0308 388 86 433 162
person 0.0306 454 87 498 186
person 0.0301 12 77 90 384
person 0.0291 48 111 70 157
person 0.0152 35 122 65 232
person 0.0135 465 96 491 143
person 0.0135 479 172 499 337
person 0.0132 112 59 226 377
person 0.0127 197 284 301 373
person 0.0125 474 113 499 157
person 0.0106 403 149 499 238
person 0.0099 3 190 45 311
person 0.0095 0 90 31 265
person 0.0091 427 108 477 168
person 0.0090 331 100 350 141
person 0.0080 183 53 266 180
person 0.0079 352 91 436 194
person 0.0078 29 126 59 303
person 0.0076 20 116 42 163
person 0.0073 345 88 370 124
person 0.0071 472 162 500 269
person 0.0068 430 129 474 187
person 0.0068 409 111 447 168
person 0.0061 433 127 465 159
person 0.0060 411 75 499 169
person 0.0055 473 81 497 129
person 0.0055 145 58 432 375
person 0.0052 408 198 501 308
person 0.0051 431 142 480 211
person 0.0050 438 136 470 174
person 0.0047 288 101 310 139
person 0.0043 271 94 289 144
person 0.0042 465 83 490 125
person 0.0040 3 245 48 375
person 0.0038 18 115 87 253
person 0.0032 357 86 385 122
person 0.0032 22 136 46 178
person 0.0031 383 84 402 127
person 0.0030 17 243 83 378
person 0.0028 478 181 500 219
person 0.0028 242 76 264 119
person 0.0028 434 101 502 216
person 0.0028 366 79 454 167
person 0.0026 322 80 357 152
person 0.0026 462 114 489 158
person 0.0026 447 177 499 249
person 0.0023 46 251 137 370
person 0.0021 47 249 90 370
person 0.0021 229 51 361 351
person 0.0020 35 151 53 193
person 0.0020 170 85 193 126
person 0.0020 1 119 26 154
person 0.0019 204 49 262 112
person 0.0019 412 125 446 191
person 0.0018 341 83 414 162
person 0.0018 5 90 42 163
person 0.0018 267 85 294 159
person 0.0017 475 194 499 238
person 0.0017 187 82 207 126
person 0.0016 305 97 326 138
person 0.0015 281 95 314 179
person 0.0015 33 97 68 153
person 0.0014 439 100 465 143
person 0.0014 487 219 500 288
person 0.0013 185 100 206 137
person 0.0013 482 202 500 260
person 0.0013 485 265 500 325
person 0.0013 361 111 390 156
person 0.0012 458 139 490 175
person 0.0012 -1 298 34 373
person 0.0012 199 64 254 136
person 0.0012 240 63 275 134
person 0.0012 176 43 277 274
person 0.0012 330 115 487 362
person 0.0011 267 115 288 157
person 0.0011 232 79 255 116
person 0.0010 446 299 500 372
person 0.0010 24 98 41 150
person 0.0010 162 70 204 131
bicycle 0.0072 390 262 506 364
bicycle 0.0058 389 151 501 367
bicycle 0.0028 446 299 500 372
bicycle 0.0011 479 237 500 348
motorbike 0.0062 382 208 504 371
motorbike 0.0017 389 293 501 371
cat 0.0028 201 279 307 375
dog 0.0014 197 284 301 373
dog 0.0012 470 142 500 214
horse 0.0015 389 151 501 367
bottle 0.0054 201 272 301 366
bottle 0.0010 43 110 64 163
bottle 0.0010 46 251 137 370
chair 0.1308 365 156 432 203
chair 0.0706 417 125 445 164
chair 0.0702 382 208 504 371
chair 0.0459 400 116 427 164
chair 0.0454 197 284 301 373
chair 0.0411 392 103 438 168
chair 0.0241 278 152 442 366
chair 0.0227 353 146 437 223
chair 0.0176 370 153 417 176
chair 0.0139 385 115 409 158
chair 0.0139 398 140 433 176
chair 0.0136 376 194 407 226
chair 0.0135 433 127 465 159
chair 0.0134 369 233 449 364
chair 0.0133 412 125 446 191
chair 0.0120 339 152 489 368
chair 0.0101 407 162 500 306
chair 0.0096 361 111 390 156
chair 0.0091 387 127 439 190
chair 0.0071 471 142 499 185
chair 0.0069 373 182 422 244
chair 0.0063 377 95 416 168
chair 0.0062 397 103 429 141
chair 0.0060 352 91 436 194
chair 0.0045 446 299 500 372
chair 0.0043 368 135 427 191
chair 0.0041 393 181 427 217
chair 0.0040 429 244 502 373
chair 0.0040 403 149 499 238
chair 0.0039 29 317 75 373
chair 0.0039 470 97 497 143
chair 0.0039 438 136 470 174
chair 0.0036 474 113 499 157
chair 0.0032 190 330 208 371
chair 0.0032 389 293 501 371
chair 0.0030 396 193 427 229
chair 0.0029 354 99 394 165
chair 0.0029 412 106 445 140
chair 0.0028 384 209 429 295
chair 0.0027 381 88 402 147
chair 0.0026 280 249 382 369
chair 0.0025 469 120 500 199
chair 0.0025 252 278 278 317
chair 0.0022 427 108 477 168
chair 0.0021 3 231 49 356
chair 0.0021 430 129 474 187
chair 0.0020 360 149 399 170
chair 0.0019 204 267 361 366
chair 0.0019 462 114 489 158
chair 0.0019 17 243 83 378
chair 0.0018 35 151 53 193
chair 0.0017 316 196 404 341
chair 0.0017 2 294 45 374
chair 0.0015 407 89 450 159
chair 0.0014 220 231 437 372
chair 0.0013 342 90 366 145
chair 0.0012 44 244 147 368
chair 0.0011 18 260 47 291
chair 0.0011 359 156 434 271
chair 0.0010 458 83 496 153
chair 0.0010 105 311 238 368
sofa 0.1663 197 284 301 373
sofa 0.0148 389 151 501 367
sofa 0.0113 278 152 442 366
sofa 0.0046 73 214 506 372
sofa 0.0039 220 231 437 372
sofa 0.0029 204 267 361 366
sofa 0.0025 148 280 424 376
sofa 0.0024 105 311 238 368
sofa 0.0023 280 249 382 369
sofa 0.0019 180 223 319 374
sofa 0.0019 26 235 321 374
sofa 0.0011 29 317 75 373
diningtable 0.0295 365 156 432 203
diningtable 0.0062 324 141 423 229
diningtable 0.0026 375 181 419 217
diningtable 0.0021 407 162 500 306
diningtable 0.0020 370 153 417 176
diningtable 0.0019 403 149 499 238
diningtable 0.0016 375 168 436 222
diningtable 0.0013 3 245 48 375
diningtable 0.0012 201 272 301 366
diningtable 0.0010 26 235 321 374
tvmonitor 0.0150 41 103 66 141
tvmonitor 0.0022 33 97 68 153
tvmonitor 0.0010 197 284 301 373
