person 0.0730 32 241 370 377
person 0.0224 25 60 398 389
person 0.0191 141 144 504 368
person 0.0040 333 198 497 378
person 0.0034 209 250 346 372
person 0.0016 366 3 390 18
car 0.0010 366 3 390 18
boat 0.0033 66 11 444 373
bird 0.0277 165 61 337 237
bird 0.0033 25 60 398 389
bird 0.0019 366 3 390 18
cat 0.3787 53 227 281 374
cat 0.0649 60 224 206 312
cat 0.0594 333 180 494 366
cat 0.0123 101 67 474 386
cat 0.0113 23 163 394 359
cat 0.0035 56 291 223 370
cat 0.0016 240 107 478 350
cat 0.0010 104 255 237 361
cat 0.0010 165 61 337 237
dog 0.3795 53 227 281 374
dog 0.3335 165 61 337 237
dog 0.2772 333 180 494 366
dog 0.1646 101 67 474 386
dog 0.0439 60 224 206 312
dog 0.0388 23 163 394 359
dog 0.0151 215 109 429 342
dog 0.0024 142 87 362 356
dog 0.0014 166 221 483 373
horse 0.0264 141 144 504 368
horse 0.0077 59 64 446 387
horse 0.0059 14 208 485 388
horse 0.0032 215 109 429 342
horse 0.0020 333 180 494 366
horse 0.0013 169 246 385 376
sheep 0.0294 32 241 370 377
sheep 0.0092 25 60 398 389
sheep 0.0040 333 198 497 378
sheep 0.0012 380 302 495 374
cow 0.0877 333 180 494 366
cow 0.0687 101 67 474 386
cow 0.0355 215 109 429 342
cow 0.0095 23 163 394 359
cow 0.0018 53 227 281 374
chair 0.0019 101 67 474 386
chair 0.0015 32 241 370 377
chair 0.0011 333 198 497 378
chair 0.0011 0 57 103 382
sofa 0.0173 32 241 370 377
sofa 0.0090 101 67 474 386
sofa 0.0032 333 198 497 378
sofa 0.0011 166 221 483 373
