person 0.7316 26 67 163 331
person 0.7051 334 167 462 274
person 0.0748 404 161 427 197
person 0.0667 2 86 107 322
person 0.0547 5 101 45 179
person 0.0404 77 110 277 306
person 0.0365 341 155 365 191
person 0.0353 314 148 365 200
person 0.0309 421 174 442 208
person 0.0265 344 145 365 178
person 0.0242 12 101 40 139
person 0.0221 291 144 348 197
person 0.0155 448 176 470 210
person 0.0129 0 279 15 335
person 0.0124 41 75 141 198
person 0.0118 -4 65 288 338
person 0.0114 153 277 179 314
person 0.0109 0 90 17 262
person 0.0108 14 119 42 155
person 0.0107 424 159 448 204
person 0.0081 2 170 82 300
person 0.0080 0 143 18 321
person 0.0074 0 96 19 184
person 0.0069 367 145 393 176
person 0.0065 0 125 15 184
person 0.0063 434 154 457 195
person 0.0062 344 175 409 256
person 0.0060 428 153 466 209
person 0.0058 49 107 81 135
person 0.0055 479 171 499 255
person 0.0055 149 289 174 318
person 0.0054 192 158 285 236
person 0.0050 321 163 355 199
person 0.0047 1 280 52 333
person 0.0046 480 99 500 257
person 0.0042 278 161 373 244
person 0.0038 164 275 192 312
person 0.0034 398 152 435 205
person 0.0034 485 2 500 44
person 0.0033 282 132 360 216
person 0.0031 148 279 206 330
person 0.0030 455 154 494 224
person 0.0026 331 156 373 232
person 0.0025 0 98 16 140
person 0.0023 323 181 429 314
person 0.0023 300 155 337 195
person 0.0022 479 1 500 77
person 0.0021 2 96 63 257
person 0.0019 0 239 14 304
person 0.0019 221 177 268 250
person 0.0019 460 124 478 161
person 0.0019 12 282 48 308
person 0.0018 378 146 400 174
person 0.0018 486 160 499 227
person 0.0017 189 166 462 333
person 0.0015 387 158 414 189
person 0.0014 34 285 55 332
person 0.0014 300 148 409 248
person 0.0013 351 153 386 186
person 0.0013 302 138 334 172
person 0.0013 0 196 12 264
person 0.0012 351 143 400 203
person 0.0012 372 180 414 211
person 0.0011 457 121 485 197
person 0.0011 287 132 465 293
person 0.0011 225 205 246 255
person 0.0010 33 105 61 137
person 0.0010 177 135 307 212
person 0.0010 393 164 432 224
person 0.0010 409 162 453 215
bicycle 0.0052 12 152 264 325
bicycle 0.0042 189 166 462 333
car 0.0059 0 80 68 193
car 0.0050 1 280 52 333
car 0.0045 4 96 48 149
car 0.0019 0 98 16 140
car 0.0014 0 58 91 140
motorbike 0.0033 2 86 107 322
motorbike 0.0028 2 118 50 184
motorbike 0.0011 12 152 264 325
motorbike 0.0011 3 139 81 290
aeroplane 0.0010 4 30 413 304
bird 0.0065 149 158 285 225
bird 0.0010 333 170 463 288
cat 0.0011 152 153 284 208
bottle 0.0033 92 159 275 244
bottle 0.0029 93 191 124 233
bottle 0.0017 132 150 163 280
bottle 0.0013 82 183 130 248
bottle 0.0010 99 210 126 249
chair 0.0088 190 245 320 330
chair 0.0087 333 254 481 329
chair 0.0039 483 12 500 65
chair 0.0026 333 170 463 288
chair 0.0020 477 13 500 104
chair 0.0017 480 38 499 80
pottedplant 0.0011 470 243 500 264
diningtable 0.0015 325 252 499 332
