person 0.4328 306 82 334 108
person 0.3945 171 58 192 88
person 0.2011 307 182 337 216
person 0.0727 90 173 117 209
person 0.0562 189 62 217 90
person 0.0507 204 63 230 92
person 0.0260 404 122 431 161
person 0.0256 246 67 276 96
person 0.0254 234 64 255 95
person 0.0216 69 179 98 213
person 0.0211 85 154 126 205
person 0.0181 70 101 108 135
person 0.0174 260 68 289 100
person 0.0161 421 125 447 160
person 0.0130 111 99 137 136
person 0.0123 46 183 86 212
person 0.0122 132 170 154 211
person 0.0106 359 81 388 115
person 0.0105 106 50 143 80
person 0.0094 90 61 123 86
person 0.0086 14 217 38 260
person 0.0073 436 182 453 218
person 0.0072 317 81 346 110
person 0.0071 127 62 153 84
person 0.0065 131 45 154 81
person 0.0060 107 177 139 213
person 0.0056 344 84 373 114
person 0.0054 60 154 119 201
person 0.0051 348 179 369 216
person 0.0048 400 98 432 124
person 0.0043 321 190 343 221
person 0.0039 304 69 335 104
person 0.0038 39 196 66 220
person 0.0037 359 121 393 153
person 0.0036 243 175 277 208
person 0.0036 293 181 314 216
person 0.0034 155 167 174 217
person 0.0028 181 49 219 84
person 0.0027 97 34 151 82
person 0.0026 337 104 375 131
person 0.0024 396 181 427 219
person 0.0023 384 180 404 217
person 0.0023 381 124 408 156
person 0.0022 112 159 139 201
person 0.0022 167 43 201 88
person 0.0022 198 190 219 228
person 0.0022 319 104 355 133
person 0.0022 300 99 335 136
person 0.0021 48 158 85 196
person 0.0021 154 64 184 88
person 0.0021 88 102 122 135
person 0.0021 413 100 440 123
person 0.0020 206 189 224 228
person 0.0019 63 67 100 90
person 0.0019 235 173 254 212
person 0.0019 205 47 232 85
person 0.0019 92 153 151 208
person 0.0018 317 119 357 148
person 0.0017 350 187 365 236
person 0.0016 45 192 83 221
person 0.0016 42 169 95 219
person 0.0016 336 121 371 150
person 0.0015 289 115 316 146
person 0.0015 356 103 390 129
person 0.0014 418 181 446 220
person 0.0014 262 174 289 207
person 0.0014 283 83 320 107
person 0.0014 89 49 126 80
person 0.0013 366 190 384 234
person 0.0013 262 102 284 145
person 0.0012 2 228 24 268
person 0.0012 285 66 311 103
person 0.0011 157 44 178 84
person 0.0011 49 99 76 136
person 0.0011 246 80 278 101
person 0.0010 377 84 403 119
person 0.0010 190 172 222 258
person 0.0010 362 179 388 215
bicycle 0.0037 11 225 35 268
car 0.9197 478 211 499 263
car 0.3000 11 225 35 268
car 0.0889 480 178 499 213
car 0.0466 480 193 500 239
car 0.0103 2 228 24 268
car 0.0020 458 199 497 265
car 0.0017 481 152 499 204
car 0.0011 478 150 500 246
car 0.0011 12 201 41 224
car 0.0010 39 196 66 220
motorbike 0.0047 11 225 35 268
bus 0.9935 11 20 420 296
bus 0.0517 480 178 499 213
bus 0.0057 478 173 500 260
bus 0.0032 478 129 499 223
bus 0.0029 481 152 499 204
bus 0.0012 11 225 35 268
bus 0.0011 481 140 499 178
chair 0.0015 107 60 146 83
pottedplant 0.0023 481 140 499 178
