person 0.0590 334 330 355 371
person 0.0271 44 363 75 390
person 0.0184 199 379 228 405
person 0.0161 327 332 349 374
person 0.0157 160 377 189 405
person 0.0149 216 375 247 402
person 0.0126 142 379 177 403
person 0.0073 67 359 100 390
person 0.0068 278 183 315 211
person 0.0066 374 214 402 255
person 0.0066 373 333 400 368
person 0.0062 32 361 60 390
person 0.0060 304 332 321 376
person 0.0034 257 375 292 399
person 0.0029 182 374 211 407
person 0.0028 358 200 382 252
person 0.0027 359 337 389 367
person 0.0022 224 365 284 385
person 0.0020 276 184 315 247
person 0.0018 286 336 308 372
person 0.0017 235 372 267 404
person 0.0013 78 354 109 391
person 0.0012 273 363 313 385
person 0.0010 254 367 294 385
bicycle 0.0117 373 333 400 368
bicycle 0.0096 369 200 405 255
bicycle 0.0083 2 389 76 445
bicycle 0.0033 334 330 355 371
bicycle 0.0032 8 366 110 428
bicycle 0.0031 44 363 75 390
bicycle 0.0028 24 382 99 400
bicycle 0.0026 347 194 391 255
bicycle 0.0015 0 393 38 427
bicycle 0.0012 359 337 389 367
bicycle 0.0010 12 396 71 427
car 0.9867 58 366 340 484
car 0.0153 -1 381 100 478
car 0.0099 30 393 159 484
car 0.0095 18 372 151 445
car 0.0074 56 362 197 453
car 0.0064 67 359 100 390
car 0.0062 44 363 75 390
car 0.0037 29 348 101 392
car 0.0028 30 400 91 457
car 0.0014 40 399 82 423
car 0.0013 373 333 400 368
car 0.0010 7 353 183 482
motorbike 0.1431 -1 382 106 443
motorbike 0.0843 1 394 49 459
motorbike 0.0154 18 372 151 445
motorbike 0.0135 0 393 38 427
motorbike 0.0129 1 413 39 453
motorbike 0.0106 30 400 91 457
motorbike 0.0067 369 200 405 255
motorbike 0.0065 2 414 51 481
motorbike 0.0054 40 399 82 423
motorbike 0.0047 24 382 99 400
motorbike 0.0042 12 396 71 427
motorbike 0.0027 -6 382 65 477
motorbike 0.0024 0 408 22 453
motorbike 0.0022 20 413 54 452
motorbike 0.0014 26 369 98 419
motorbike 0.0013 44 363 75 390
motorbike 0.0012 7 353 183 482
motorbike 0.0011 1 439 40 467
horse 0.0021 369 200 405 255
chair 0.0117 67 359 100 390
chair 0.0037 44 363 75 390
chair 0.0020 373 333 400 368
chair 0.0011 374 214 402 255
pottedplant 0.0103 369 200 405 255
pottedplant 0.0047 334 330 355 371
diningtable 0.0045 24 382 99 400
diningtable 0.0038 44 363 75 390
diningtable 0.0025 67 359 100 390
diningtable 0.0012 29 348 101 392
