person 0.0281 7 -21 341 340
person 0.0035 289 326 332 393
person 0.0022 154 2 207 74
person 0.0020 60 0 223 72
person 0.0016 102 11 326 243
person 0.0015 2 9 181 315
person 0.0013 479 80 500 333
person 0.0012 29 0 161 84
person 0.0010 281 302 324 385
bird 0.0015 158 14 205 79
bird 0.0012 169 36 203 71
cat 0.0013 0 82 132 372
cat 0.0013 102 11 326 243
dog 0.0098 73 -9 429 336
dog 0.0024 -3 11 292 383
dog 0.0019 0 77 118 312
horse 0.3070 3 -11 356 403
horse 0.0721 102 11 326 243
horse 0.0283 103 64 454 388
horse 0.0022 125 202 368 390
horse 0.0018 154 23 260 119
horse 0.0017 2 9 181 315
horse 0.0014 199 76 234 111
horse 0.0011 63 62 306 324
horse 0.0010 248 102 285 119
sheep 0.0070 248 102 285 119
cow 0.0331 3 -11 356 403
cow 0.0038 102 11 326 243
cow 0.0019 154 23 260 119
cow 0.0018 56 1 207 82
cow 0.0018 248 102 285 119
cow 0.0014 53 4 290 150
cow 0.0011 199 76 234 111
bottle 0.0039 149 0 169 63
chair 0.1607 29 0 161 84
chair 0.0878 0 -2 111 96
chair 0.0330 60 0 223 72
chair 0.0196 154 2 207 74
chair 0.0122 145 0 177 68
chair 0.0067 481 314 500 394
chair 0.0062 154 0 263 96
chair 0.0042 30 1 241 152
chair 0.0037 453 6 500 393
chair 0.0033 0 0 65 67
chair 0.0020 476 49 499 282
chair 0.0015 481 202 500 400
chair 0.0014 55 -1 113 100
chair 0.0013 169 36 203 71
chair 0.0012 105 20 216 118
chair 0.0010 0 82 132 372
sofa 0.0068 29 0 161 84
sofa 0.0025 0 -2 111 96
sofa 0.0018 60 0 223 72
diningtable 0.0069 7 -21 341 340
diningtable 0.0021 0 -2 111 96
diningtable 0.0011 29 0 161 84
