person 0.0131 480 123 499 165
person 0.0051 167 107 196 138
person 0.0046 160 77 179 115
person 0.0020 153 71 181 99
person 0.0018 186 107 223 139
person 0.0016 169 111 227 163
person 0.0014 476 97 500 171
person 0.0012 179 125 229 149
person 0.0012 0 131 19 258
person 0.0011 483 85 499 155
person 0.0010 163 80 193 121
person 0.0010 99 20 115 63
bicycle 0.0071 478 139 500 166
bicycle 0.0046 159 73 207 132
bicycle 0.0037 21 161 327 352
bicycle 0.0022 152 80 257 156
bicycle 0.0019 131 63 236 145
bicycle 0.0017 167 90 231 144
bicycle 0.0013 163 80 193 121
bicycle 0.0011 125 90 270 183
bicycle 0.0010 167 107 196 138
car 0.0273 480 123 499 165
car 0.0044 179 35 215 55
car 0.0028 476 97 500 171
car 0.0012 0 131 19 258
motorbike 0.7877 102 111 478 351
motorbike 0.0918 0 100 201 277
motorbike 0.0694 21 161 327 352
motorbike 0.0278 0 104 59 266
motorbike 0.0250 478 139 500 166
motorbike 0.0142 0 131 19 258
motorbike 0.0051 474 113 500 281
motorbike 0.0047 380 112 496 339
motorbike 0.0040 73 110 344 268
motorbike 0.0036 437 138 499 310
motorbike 0.0034 13 175 109 275
motorbike 0.0030 112 196 329 269
motorbike 0.0030 3 124 108 246
motorbike 0.0028 37 23 466 298
motorbike 0.0026 469 213 500 305
motorbike 0.0023 124 78 237 156
motorbike 0.0023 63 77 281 227
motorbike 0.0021 45 171 298 268
motorbike 0.0017 439 87 502 198
motorbike 0.0016 0 156 11 231
motorbike 0.0016 432 113 504 243
motorbike 0.0012 412 187 495 327
motorbike 0.0011 17 43 260 189
motorbike 0.0011 397 105 487 188
motorbike 0.0010 424 128 466 226
motorbike 0.0010 121 83 457 239
aeroplane 0.0016 435 1 480 18
bus 0.0080 478 78 500 166
bus 0.0012 445 90 501 160
bird 0.0015 435 1 480 18
pottedplant 0.0140 153 71 181 99
pottedplant 0.0098 141 44 193 91
pottedplant 0.0051 160 77 179 115
pottedplant 0.0050 429 49 459 85
pottedplant 0.0040 144 71 185 140
pottedplant 0.0037 172 50 196 80
pottedplant 0.0030 118 36 169 90
pottedplant 0.0029 179 35 215 55
pottedplant 0.0029 179 50 231 73
pottedplant 0.0028 117 50 221 115
pottedplant 0.0026 159 73 207 132
pottedplant 0.0026 124 78 237 156
pottedplant 0.0024 155 54 202 110
pottedplant 0.0021 126 45 164 80
pottedplant 0.0018 84 39 201 128
pottedplant 0.0018 409 43 460 90
pottedplant 0.0012 148 32 177 52
pottedplant 0.0011 234 30 291 91
pottedplant 0.0011 130 23 157 55
pottedplant 0.0010 158 73 197 97
pottedplant 0.0010 197 67 246 95
