person 0.0055 291 0 338 20
person 0.0046 348 0 399 20
person 0.0026 2 24 25 52
person 0.0019 375 0 406 18
person 0.0015 229 0 445 84
person 0.0014 204 -1 232 23
person 0.0012 195 -1 220 24
car 0.8736 -41 26 455 290
car 0.3302 249 3 464 83
car 0.0365 163 -2 434 47
car 0.0178 52 3 448 99
car 0.0076 381 1 476 53
car 0.0046 127 13 153 33
car 0.0034 160 36 406 300
car 0.0025 77 43 109 66
car 0.0020 428 9 472 38
car 0.0019 349 -2 474 82
car 0.0018 232 2 422 176
car 0.0018 224 13 366 82
car 0.0014 25 -29 465 146
car 0.0014 420 9 473 64
car 0.0011 9 26 38 49
car 0.0011 177 -5 389 26
motorbike 0.0037 -10 12 308 314
bus 0.0017 163 -2 434 47
chair 0.0011 0 224 133 270
pottedplant 0.0019 2 24 25 52
pottedplant 0.0011 71 6 100 43
