person 0.0072 16 -6 486 383
car 0.0206 104 73 150 93
car 0.0163 143 67 188 87
car 0.0116 16 -6 486 383
car 0.0055 91 73 126 94
car 0.0032 159 66 201 86
car 0.0012 10 207 491 382
bird 0.0080 179 246 465 372
bird 0.0042 272 260 439 352
bird 0.0024 50 -17 523 395
bird 0.0010 132 186 443 356
cat 0.5198 16 -6 486 383
cat 0.0360 44 28 524 211
cat 0.0170 212 -21 497 323
cat 0.0144 216 -4 502 158
cat 0.0027 179 246 465 372
cat 0.0014 10 207 491 382
cat 0.0013 2 77 120 374
dog 0.1725 -8 -1 438 379
horse 0.0082 50 -17 523 395
sheep 0.0024 50 -17 523 395
cow 0.0017 50 -17 523 395
chair 0.0093 50 -17 523 395
sofa 0.0209 50 -17 523 395
sofa 0.0046 44 28 524 211
pottedplant 0.0057 50 -17 523 395
pottedplant 0.0024 314 103 504 353
pottedplant 0.0012 233 240 483 368
diningtable 0.0010 50 -17 523 395
