person 0.2918 185 185 203 239
person 0.0160 211 176 234 208
person 0.0141 187 177 208 209
person 0.0111 231 174 251 210
person 0.0050 205 190 238 211
person 0.0022 147 178 182 210
person 0.0018 171 178 203 241
person 0.0018 166 176 194 209
aeroplane 0.0021 88 -13 485 272
boat 0.6285 122 106 393 288
boat 0.0237 88 -13 485 272
boat 0.0113 135 267 380 295
boat 0.0083 93 245 406 293
boat 0.0028 123 4 305 263
boat 0.0023 -18 233 375 319
boat 0.0015 104 203 424 279
boat 0.0014 261 34 295 183
boat 0.0012 205 273 322 290
dog 0.0010 185 185 203 239
