person 0.1154 455 167 472 197
person 0.0267 390 176 412 198
person 0.0175 394 178 426 198
person 0.0128 425 176 472 198
person 0.0100 393 166 425 192
person 0.0079 0 175 19 214
person 0.0071 78 152 97 188
person 0.0037 0 157 17 200
person 0.0018 0 162 20 308
person 0.0015 0 192 19 222
person 0.0013 324 164 343 196
person 0.0010 172 158 193 188
bicycle 0.0033 455 173 473 200
bicycle 0.0033 425 176 472 198
car 0.5938 414 178 459 197
car 0.0981 432 171 472 194
car 0.0942 0 175 19 214
car 0.0251 393 166 425 192
car 0.0149 394 178 426 198
car 0.0097 390 176 412 198
car 0.0057 356 178 390 196
car 0.0051 455 173 473 200
car 0.0044 0 157 17 200
car 0.0035 0 192 19 222
car 0.0034 -1 158 24 225
car 0.0019 341 177 372 195
car 0.0014 403 163 467 199
car 0.0012 358 166 383 196
motorbike 0.0100 390 176 412 198
motorbike 0.0073 425 176 472 198
motorbike 0.0071 394 178 426 198
motorbike 0.0047 455 173 473 200
motorbike 0.0016 0 175 19 214
aeroplane 0.0040 0 175 19 214
aeroplane 0.0010 0 157 17 200
bus 0.0057 0 157 17 200
bus 0.0049 0 175 19 214
bus 0.0043 0 139 23 215
bus 0.0024 412 173 461 193
bus 0.0021 481 110 500 193
bus 0.0019 393 166 425 192
bus 0.0014 432 171 472 194
bus 0.0013 -1 148 56 204
train 0.0022 0 175 19 214
boat 0.1870 0 175 19 214
boat 0.0070 -1 158 24 225
boat 0.0068 0 192 19 222
boat 0.0047 0 157 17 200
boat 0.0010 -1 148 56 204
bird 0.0186 329 53 386 78
bird 0.0089 359 50 389 73
bird 0.0028 0 175 19 214
bird 0.0017 329 56 353 75
bird 0.0015 328 52 389 106
bird 0.0012 332 58 374 87
bird 0.0011 0 192 19 222
pottedplant 0.0213 324 164 343 196
pottedplant 0.0043 389 166 412 196
pottedplant 0.0026 343 170 374 196
pottedplant 0.0023 358 166 383 196
pottedplant 0.0011 0 175 19 214
