car 0.0656 216 202 262 225
car 0.0059 210 203 241 223
car 0.0018 173 233 198 247
car 0.0017 150 193 187 213
car 0.0015 199 193 242 221
car 0.0014 185 193 223 217
aeroplane 0.4137 51 87 525 242
aeroplane 0.2405 -43 119 471 215
aeroplane 0.0238 378 85 488 167
aeroplane 0.0166 156 127 182 154
aeroplane 0.0155 19 179 184 226
aeroplane 0.0078 0 237 41 258
aeroplane 0.0075 216 202 262 225
aeroplane 0.0075 124 125 153 153
aeroplane 0.0075 186 122 490 199
aeroplane 0.0065 0 176 55 229
aeroplane 0.0056 456 191 497 213
aeroplane 0.0054 245 183 411 223
aeroplane 0.0044 474 188 498 217
aeroplane 0.0043 245 231 284 245
aeroplane 0.0030 386 166 439 185
aeroplane 0.0027 263 100 481 183
aeroplane 0.0026 373 138 492 193
aeroplane 0.0025 173 233 198 247
aeroplane 0.0023 173 187 319 228
aeroplane 0.0022 0 211 44 265
aeroplane 0.0021 -1 185 126 231
aeroplane 0.0021 253 229 393 261
aeroplane 0.0018 3 154 53 176
aeroplane 0.0018 0 202 57 225
aeroplane 0.0016 404 165 459 186
aeroplane 0.0015 385 160 444 176
aeroplane 0.0014 0 152 55 213
aeroplane 0.0012 370 167 421 184
aeroplane 0.0012 150 193 187 213
aeroplane 0.0012 300 136 330 159
aeroplane 0.0010 27 -14 472 224
aeroplane 0.0010 226 194 411 243
aeroplane 0.0010 42 125 290 202
bus 0.0011 216 202 262 225
boat 0.0012 -3 242 38 260
boat 0.0012 377 266 404 285
