person 0.0393 250 239 273 269
person 0.0320 233 205 285 266
person 0.0279 271 212 290 250
person 0.0181 231 208 251 260
person 0.0132 175 262 348 332
person 0.0072 222 199 249 230
person 0.0024 240 206 281 238
person 0.0022 278 244 315 274
person 0.0020 479 213 496 252
person 0.0018 192 233 311 314
person 0.0017 148 201 367 334
person 0.0016 170 259 260 335
person 0.0011 265 238 301 271
person 0.0010 482 188 499 244
person 0.0010 454 221 491 249
person 0.0010 349 203 389 274
bicycle 0.0012 358 238 388 274
car 0.0033 294 205 332 234
car 0.0032 454 221 491 249
car 0.0019 320 205 351 236
car 0.0011 113 210 136 233
boat 0.0023 191 261 355 327
dog 0.0045 233 205 285 266
horse 0.7412 233 205 285 266
horse 0.0193 231 208 251 260
horse 0.0166 222 199 249 230
horse 0.0135 250 239 273 269
horse 0.0076 240 206 281 238
horse 0.0022 220 195 268 242
horse 0.0021 271 212 290 250
horse 0.0019 217 180 299 260
horse 0.0016 230 194 337 260
horse 0.0013 192 233 311 314
horse 0.0010 148 201 367 334
cow 0.0032 233 205 285 266
chair 0.0338 312 249 360 300
chair 0.0333 278 244 315 274
chair 0.0173 250 239 273 269
chair 0.0092 351 262 407 284
chair 0.0070 198 260 354 331
chair 0.0055 314 243 358 276
chair 0.0047 338 254 379 282
chair 0.0038 296 243 328 274
chair 0.0027 338 236 379 275
chair 0.0015 265 238 301 271
chair 0.0012 358 238 388 274
chair 0.0010 397 265 427 285
chair 0.0010 298 219 329 245
pottedplant 0.0025 278 244 315 274
diningtable 0.0098 191 261 355 327
diningtable 0.0093 357 265 424 285
diningtable 0.0020 314 243 358 276
diningtable 0.0017 278 244 315 274
diningtable 0.0011 311 255 434 291
diningtable 0.0011 338 254 379 282
