person 0.0015 369 91 412 132
cat 0.0012 248 221 272 253
cat 0.0011 283 237 380 283
bottle 0.0136 248 221 272 253
bottle 0.0029 255 222 274 273
bottle 0.0013 400 139 418 170
chair 0.5949 -2 236 135 337
chair 0.3734 178 166 226 213
chair 0.1683 121 238 391 333
chair 0.1410 226 186 283 239
chair 0.0884 1 169 91 297
chair 0.0679 0 164 42 197
chair 0.0259 227 148 282 215
chair 0.0257 235 199 277 266
chair 0.0216 -1 206 45 263
chair 0.0172 233 118 280 188
chair 0.0163 248 221 272 253
chair 0.0153 176 142 264 218
chair 0.0121 238 186 281 210
chair 0.0119 223 200 260 230
chair 0.0114 213 125 279 232
chair 0.0097 128 228 289 316
chair 0.0080 319 256 509 329
chair 0.0074 269 158 286 199
chair 0.0069 180 165 199 199
chair 0.0065 59 225 83 269
chair 0.0062 261 243 402 315
chair 0.0059 245 119 267 166
chair 0.0048 255 222 274 273
chair 0.0045 168 165 209 220
chair 0.0043 240 163 280 188
chair 0.0040 10 212 39 257
chair 0.0036 67 312 137 333
chair 0.0034 221 165 256 182
chair 0.0033 260 116 287 198
chair 0.0032 225 176 250 215
chair 0.0029 127 212 249 292
chair 0.0027 262 156 288 233
chair 0.0025 191 175 241 209
chair 0.0024 43 201 91 268
chair 0.0024 163 206 311 302
chair 0.0022 -1 150 32 283
chair 0.0021 82 287 290 332
chair 0.0021 399 246 502 332
chair 0.0020 222 164 288 262
chair 0.0019 70 200 100 269
chair 0.0016 37 217 169 334
chair 0.0015 282 237 386 278
chair 0.0014 -19 223 293 340
chair 0.0014 111 183 452 325
chair 0.0013 225 110 266 174
chair 0.0013 478 247 500 333
chair 0.0012 188 223 380 279
chair 0.0012 187 168 255 191
chair 0.0011 67 179 93 204
chair 0.0010 265 133 282 184
sofa 0.7298 91 244 462 335
sofa 0.3225 -2 236 135 337
sofa 0.1511 1 169 91 297
sofa 0.0277 128 212 275 290
sofa 0.0268 147 229 378 324
sofa 0.0215 -19 223 293 340
sofa 0.0181 178 161 228 208
sofa 0.0145 -1 206 45 263
sofa 0.0097 176 142 264 218
sofa 0.0093 -3 179 195 331
sofa 0.0069 319 256 509 329
sofa 0.0049 83 172 195 246
sofa 0.0041 279 245 389 293
sofa 0.0039 82 287 290 332
sofa 0.0024 287 252 424 321
sofa 0.0022 103 225 266 323
sofa 0.0019 170 211 327 284
sofa 0.0017 -1 150 32 283
sofa 0.0015 119 185 304 316
sofa 0.0015 31 232 225 326
sofa 0.0012 14 211 501 350
sofa 0.0011 213 125 279 232
sofa 0.0010 -1 198 37 303
pottedplant 0.0064 248 221 272 253
pottedplant 0.0061 260 116 287 198
pottedplant 0.0033 223 47 266 121
pottedplant 0.0026 233 118 280 188
pottedplant 0.0022 269 158 286 199
pottedplant 0.0021 223 200 260 230
pottedplant 0.0021 245 119 267 166
pottedplant 0.0019 219 27 267 92
pottedplant 0.0019 265 133 282 184
pottedplant 0.0016 215 29 279 168
pottedplant 0.0011 231 121 258 168
pottedplant 0.0010 235 199 277 266
diningtable 0.1846 128 212 275 290
diningtable 0.0588 4 166 93 265
diningtable 0.0461 121 238 391 333
diningtable 0.0071 178 169 251 212
diningtable 0.0059 170 211 327 284
diningtable 0.0055 158 161 273 229
diningtable 0.0049 221 165 256 182
diningtable 0.0039 216 154 291 237
diningtable 0.0037 230 193 280 229
diningtable 0.0030 187 168 255 191
diningtable 0.0029 103 225 266 323
diningtable 0.0028 238 186 281 210
diningtable 0.0025 -1 168 116 332
diningtable 0.0024 248 221 272 253
diningtable 0.0022 221 165 271 223
diningtable 0.0021 178 164 217 200
diningtable 0.0018 0 164 42 197
diningtable 0.0016 83 172 195 246
diningtable 0.0011 117 171 236 240
diningtable 0.0011 4 186 91 207
diningtable 0.0011 119 185 304 316
diningtable 0.0010 43 201 91 268
tvmonitor 0.9622 362 87 421 138
tvmonitor 0.1559 354 65 429 147
tvmonitor 0.0146 0 164 42 197
tvmonitor 0.0059 349 130 389 154
tvmonitor 0.0045 225 110 266 174
tvmonitor 0.0039 231 121 258 168
tvmonitor 0.0029 375 145 405 168
tvmonitor 0.0012 385 85 433 145
tvmonitor 0.0010 0 56 20 216
