person 0.8356 85 110 136 175
person 0.6969 263 150 371 247
person 0.4739 265 156 457 231
person 0.1799 234 144 289 211
person 0.1645 306 151 367 209
person 0.1635 168 142 192 172
person 0.1538 264 161 292 198
person 0.1280 226 136 294 248
person 0.1200 185 143 219 175
person 0.1133 243 141 275 181
person 0.0789 228 149 255 181
person 0.0499 266 176 296 205
person 0.0448 43 107 152 180
person 0.0237 253 159 296 233
person 0.0220 247 155 281 193
person 0.0158 247 137 296 193
person 0.0144 199 152 300 276
person 0.0142 90 111 170 183
person 0.0128 317 156 346 196
person 0.0127 167 137 238 179
person 0.0122 260 147 291 180
person 0.0103 272 164 361 301
person 0.0087 272 146 328 205
person 0.0079 151 136 185 170
person 0.0077 123 108 172 174
person 0.0075 327 157 382 226
person 0.0072 146 131 283 225
person 0.0071 214 106 378 272
person 0.0056 216 137 273 182
person 0.0056 311 153 335 192
person 0.0042 24 112 115 165
person 0.0039 305 144 328 182
person 0.0038 125 131 244 186
person 0.0035 83 115 103 151
person 0.0035 280 155 306 198
person 0.0032 332 164 467 213
person 0.0030 101 112 319 264
person 0.0028 131 129 190 181
person 0.0028 242 125 476 260
person 0.0028 339 158 367 198
person 0.0026 97 122 173 234
person 0.0024 305 163 365 265
person 0.0021 322 146 350 179
person 0.0021 249 128 270 160
person 0.0018 350 144 389 214
person 0.0016 198 146 243 177
person 0.0016 152 123 176 160
person 0.0016 103 120 135 165
person 0.0016 90 114 124 159
person 0.0015 136 145 362 304
person 0.0013 277 178 307 210
person 0.0012 88 109 122 141
person 0.0011 226 152 266 235
person 0.0011 104 138 136 173
person 0.0010 129 131 161 159
person 0.0010 270 155 324 240
person 0.0010 245 174 277 212
person 0.0010 293 159 340 271
person 0.0010 259 178 306 254
person 0.0010 315 180 357 208
car 0.0058 168 142 192 172
car 0.0028 167 137 238 179
car 0.0026 198 146 243 177
car 0.0019 185 143 219 175
car 0.0013 228 149 255 181
aeroplane 0.0035 69 16 438 283
boat 0.0270 69 16 438 283
boat 0.0133 101 112 319 264
boat 0.0122 152 132 267 186
boat 0.0068 136 145 362 304
boat 0.0062 49 95 525 349
boat 0.0042 245 145 398 297
boat 0.0032 146 131 283 225
boat 0.0015 106 34 402 188
boat 0.0014 214 106 378 272
boat 0.0011 259 153 348 269
boat 0.0010 52 209 385 317
dog 0.0673 92 112 140 172
dog 0.0039 129 131 161 159
dog 0.0027 123 108 172 174
dog 0.0016 82 108 168 175
dog 0.0012 103 120 135 165
