person 0.7794 65 41 230 377
person 0.0409 49 162 246 426
person 0.0015 117 25 302 312
bicycle 0.8581 33 179 315 473
bicycle 0.0135 30 282 119 433
bicycle 0.0075 38 272 185 448
bicycle 0.0024 13 369 126 443
bicycle 0.0022 53 347 116 399
bicycle 0.0018 70 336 190 445
bicycle 0.0015 115 115 304 399
bicycle 0.0012 30 306 263 475
bird 0.0252 265 210 291 256
bird 0.0124 247 209 292 263
bottle 0.0630 137 309 166 359
bottle 0.0481 119 295 143 341
bottle 0.0481 132 282 170 355
bottle 0.0114 122 310 146 349
bottle 0.0089 114 285 150 347
bottle 0.0071 113 281 135 318
bottle 0.0042 117 338 138 380
bottle 0.0038 113 312 145 401
bottle 0.0032 104 293 130 338
bottle 0.0029 265 210 291 256
bottle 0.0023 152 294 172 338
bottle 0.0018 116 347 136 405
bottle 0.0013 141 371 165 421
bottle 0.0011 132 304 171 403
chair 0.0048 270 74 321 147
sofa 0.0018 41 195 309 461
