person 0.5497 129 88 358 319
person 0.4440 412 90 500 315
person 0.0584 400 240 498 328
person 0.0211 99 73 267 279
person 0.0130 89 62 472 342
person 0.0068 466 128 500 298
person 0.0060 278 149 368 234
person 0.0052 452 145 499 248
person 0.0046 394 174 476 326
person 0.0043 438 91 501 251
person 0.0021 53 153 315 325
person 0.0019 282 195 371 289
person 0.0019 473 192 500 304
person 0.0014 237 121 394 296
person 0.0013 427 169 471 299
person 0.0013 202 153 365 329
person 0.0013 476 245 499 331
motorbike 0.0016 77 68 408 336
cat 0.0011 98 86 271 306
bottle 0.0835 270 148 364 212
bottle 0.0272 195 150 289 273
bottle 0.0081 257 151 305 201
bottle 0.0040 391 161 429 238
bottle 0.0032 182 181 268 283
bottle 0.0018 243 157 266 196
bottle 0.0016 236 179 256 218
bottle 0.0014 456 94 481 129
bottle 0.0013 213 157 260 230
bottle 0.0012 460 135 486 168
bottle 0.0011 453 73 486 162
bottle 0.0010 425 187 449 215
bottle 0.0010 242 147 339 241
chair 0.0891 106 168 169 215
chair 0.0541 129 88 358 319
chair 0.0526 412 157 498 322
chair 0.0461 92 158 168 258
chair 0.0295 120 168 158 190
chair 0.0165 400 240 498 328
chair 0.0115 103 186 140 210
chair 0.0105 89 206 153 260
chair 0.0054 391 168 430 245
chair 0.0044 0 250 17 330
chair 0.0043 94 182 160 237
chair 0.0040 476 245 499 331
chair 0.0038 480 281 499 332
chair 0.0034 86 212 127 264
chair 0.0031 455 143 500 286
chair 0.0030 195 150 289 273
chair 0.0028 427 169 471 299
chair 0.0026 278 149 368 234
chair 0.0024 18 139 413 330
chair 0.0023 91 202 158 221
chair 0.0021 485 261 500 324
chair 0.0021 445 249 499 327
chair 0.0017 53 217 372 335
chair 0.0010 154 250 345 332
chair 0.0010 0 246 11 300
chair 0.0010 407 297 445 327
sofa 0.1559 412 157 498 322
sofa 0.0273 113 154 375 327
sofa 0.0199 400 240 498 328
sofa 0.0082 455 143 500 286
sofa 0.0037 -6 225 364 331
sofa 0.0027 43 66 387 344
sofa 0.0021 427 169 471 299
sofa 0.0020 205 257 354 332
sofa 0.0020 0 250 17 330
sofa 0.0017 2 212 190 331
sofa 0.0014 140 5 504 333
sofa 0.0014 447 135 495 218
sofa 0.0010 120 152 246 275
pottedplant 0.0022 427 193 449 220
diningtable 0.0025 91 202 158 221
diningtable 0.0015 53 153 315 325
diningtable 0.0010 120 168 158 190
tvmonitor 0.0016 257 151 305 201
tvmonitor 0.0014 120 168 158 190
tvmonitor 0.0011 391 168 430 245
