person 0.8078 19 264 37 319
person 0.1515 247 247 265 294
person 0.1485 206 232 227 277
person 0.1038 170 236 192 272
person 0.0404 204 230 227 315
person 0.0272 190 234 209 271
person 0.0162 155 230 176 269
person 0.0131 14 262 41 292
person 0.0093 233 230 252 281
person 0.0092 115 229 139 271
person 0.0080 0 162 64 308
person 0.0063 2 273 25 303
person 0.0062 3 232 48 309
person 0.0048 129 231 149 271
person 0.0042 231 242 249 296
person 0.0042 166 228 192 254
person 0.0030 274 251 296 299
person 0.0028 208 228 231 256
person 0.0026 164 236 195 317
person 0.0022 224 228 249 316
person 0.0018 18 293 38 320
person 0.0018 113 228 143 254
person 0.0017 243 229 274 293
person 0.0017 337 254 361 292
person 0.0013 442 123 470 152
person 0.0013 0 256 24 294
person 0.0013 285 249 306 298
person 0.0011 126 228 152 253
person 0.0011 78 235 99 270
person 0.0011 58 251 78 289
person 0.0010 189 228 212 255
bicycle 0.0013 422 285 454 306
car 0.0369 422 285 454 306
car 0.0080 431 282 462 307
car 0.0057 0 224 59 292
car 0.0044 0 256 24 294
car 0.0035 396 283 425 311
car 0.0026 315 272 353 308
car 0.0018 14 262 41 292
aeroplane 0.0088 0 224 59 292
aeroplane 0.0081 0 162 64 308
train 0.0034 0 162 64 308
train 0.0011 64 84 275 224
train 0.0010 -1 75 287 374
train 0.0010 0 224 59 292
boat 0.0014 -1 75 287 374
dog 0.0182 243 320 267 345
bottle 0.0015 204 230 227 315
chair 0.0187 243 320 267 345
chair 0.0055 337 254 361 292
chair 0.0015 315 272 353 308
chair 0.0012 307 278 335 306
chair 0.0011 247 247 265 294
pottedplant 0.0626 267 234 299 300
pottedplant 0.0415 247 247 265 294
pottedplant 0.0180 275 280 296 302
pottedplant 0.0169 351 239 389 308
pottedplant 0.0112 359 283 383 310
pottedplant 0.0073 316 255 363 308
pottedplant 0.0057 285 249 306 298
pottedplant 0.0030 330 253 381 306
pottedplant 0.0030 327 238 415 310
pottedplant 0.0027 307 278 335 306
pottedplant 0.0015 243 320 267 345
pottedplant 0.0013 231 242 249 296
pottedplant 0.0012 422 285 454 306
