person 0.7257 163 70 360 304
person 0.3212 117 118 143 157
person 0.2421 78 127 103 156
person 0.1749 89 127 113 156
person 0.1508 130 124 155 156
person 0.0502 147 117 172 155
person 0.0473 166 125 199 156
person 0.0299 447 124 490 146
person 0.0294 436 130 469 146
person 0.0199 114 112 142 136
person 0.0164 484 104 500 146
person 0.0130 408 111 445 132
person 0.0100 374 107 419 133
person 0.0087 168 111 193 138
person 0.0085 0 140 30 160
person 0.0074 449 108 488 140
person 0.0059 188 131 218 154
person 0.0058 314 94 355 187
person 0.0051 211 130 239 219
person 0.0051 414 120 448 145
person 0.0035 304 121 340 196
person 0.0032 210 70 440 246
person 0.0032 209 112 306 254
person 0.0031 54 133 89 157
person 0.0026 221 129 260 226
person 0.0026 352 124 383 144
person 0.0026 116 112 171 157
person 0.0020 315 106 351 136
person 0.0019 436 102 471 136
person 0.0019 351 106 396 132
person 0.0018 -1 126 48 157
person 0.0016 126 141 159 158
person 0.0016 212 147 230 205
person 0.0015 64 140 100 159
person 0.0013 31 122 68 155
person 0.0013 209 123 233 158
person 0.0013 2 116 93 161
person 0.0012 164 140 204 159
person 0.0012 89 139 116 160
bicycle 0.0539 436 130 469 146
bicycle 0.0323 447 124 490 146
bicycle 0.0122 414 120 448 145
bicycle 0.0106 211 95 423 347
bicycle 0.0037 89 127 113 156
bicycle 0.0031 117 118 143 157
bicycle 0.0020 188 131 218 154
bicycle 0.0020 78 127 103 156
bicycle 0.0019 166 125 199 156
bicycle 0.0015 352 124 383 144
bicycle 0.0015 483 115 499 150
bicycle 0.0015 398 120 438 142
bicycle 0.0014 130 124 155 156
bicycle 0.0011 147 117 172 155
bicycle 0.0010 0 140 30 160
car 0.4344 54 133 89 157
car 0.2388 276 116 326 134
car 0.1755 393 111 440 133
car 0.1532 0 128 31 160
car 0.1458 315 106 351 136
car 0.1245 351 106 396 132
car 0.0943 279 121 320 144
car 0.0802 374 107 419 133
car 0.0774 294 112 335 134
car 0.0716 304 87 431 142
car 0.0394 447 124 490 146
car 0.0323 345 122 377 147
car 0.0320 315 95 362 148
car 0.0302 253 113 303 134
car 0.0230 300 120 327 148
car 0.0189 341 104 376 137
car 0.0187 339 100 447 139
car 0.0169 436 130 469 146
car 0.0161 78 127 103 156
car 0.0127 294 91 385 153
car 0.0111 -1 118 67 158
car 0.0092 274 114 326 157
car 0.0064 89 127 113 156
car 0.0061 31 122 68 155
car 0.0050 310 94 431 201
car 0.0049 114 112 142 136
car 0.0047 117 118 143 157
car 0.0046 449 108 488 140
car 0.0042 318 115 347 150
car 0.0036 351 95 392 117
car 0.0036 438 95 469 111
car 0.0035 398 120 438 142
car 0.0034 298 109 345 173
car 0.0033 188 131 218 154
car 0.0032 130 124 155 156
car 0.0030 166 125 199 156
car 0.0030 483 115 499 150
car 0.0028 3 142 41 158
car 0.0027 330 105 376 172
car 0.0027 256 119 302 148
car 0.0025 67 114 109 129
car 0.0022 240 106 282 132
car 0.0020 375 95 412 118
car 0.0019 79 116 127 131
car 0.0018 338 90 373 116
car 0.0017 319 94 353 120
car 0.0015 29 143 70 158
car 0.0014 243 116 307 160
car 0.0012 364 122 426 142
car 0.0012 284 98 347 143
car 0.0011 147 117 172 155
car 0.0011 414 120 448 145
car 0.0010 436 102 471 136
car 0.0010 394 97 433 116
motorbike 0.3719 211 95 423 347
motorbike 0.0471 213 205 306 340
motorbike 0.0139 436 130 469 146
motorbike 0.0116 286 72 438 233
motorbike 0.0099 447 124 490 146
motorbike 0.0079 78 127 103 156
motorbike 0.0076 343 109 439 204
motorbike 0.0065 345 122 377 147
motorbike 0.0059 0 140 30 160
motorbike 0.0058 163 70 360 304
motorbike 0.0044 393 111 440 133
motorbike 0.0028 414 120 448 145
motorbike 0.0016 374 107 419 133
motorbike 0.0014 89 127 113 156
motorbike 0.0012 174 14 458 294
bus 0.0109 0 128 31 160
bus 0.0053 276 116 326 134
bus 0.0048 138 116 173 134
bus 0.0038 114 112 142 136
bus 0.0028 279 121 320 144
bus 0.0023 449 108 488 140
bus 0.0019 54 133 89 157
bus 0.0017 304 87 431 142
bus 0.0013 -1 118 67 158
boat 0.0022 276 116 326 134
boat 0.0019 279 121 320 144
chair 0.0104 447 124 490 146
chair 0.0056 436 130 469 146
chair 0.0050 279 121 320 144
chair 0.0046 54 133 89 157
chair 0.0014 211 95 423 347
chair 0.0012 483 115 499 150
chair 0.0011 117 118 143 157
chair 0.0010 414 120 448 145
diningtable 0.0047 279 121 320 144
diningtable 0.0012 447 124 490 146
