person 0.6908 226 7 489 414
person 0.4509 24 12 319 408
person 0.0057 406 317 496 402
person 0.0051 77 25 254 315
person 0.0049 481 101 499 244
person 0.0022 489 159 500 232
person 0.0016 434 52 501 354
person 0.0015 146 61 274 400
person 0.0010 405 329 449 399
person 0.0010 398 178 497 395
bottle 0.0131 488 180 499 235
chair 0.0024 483 303 499 398
chair 0.0020 251 334 283 398
chair 0.0020 225 46 494 402
chair 0.0016 254 226 484 399
chair 0.0012 452 106 500 236
chair 0.0011 488 180 499 235
sofa 0.0047 74 -5 515 418
sofa 0.0015 -1 143 346 395
pottedplant 0.0024 4 1 176 179
pottedplant 0.0010 481 101 499 244
tvmonitor 0.0046 24 12 319 408
tvmonitor 0.0027 483 303 499 398
