person 0.3937 296 83 325 116
person 0.0074 279 80 326 121
person 0.0057 357 140 394 168
person 0.0051 229 123 281 148
person 0.0048 287 100 320 117
person 0.0036 376 144 402 170
person 0.0029 340 145 369 173
person 0.0023 334 158 366 182
person 0.0019 323 161 357 188
person 0.0019 260 140 290 165
person 0.0016 231 135 277 168
person 0.0012 261 124 284 152
person 0.0010 203 131 454 228
bicycle 0.0022 202 144 447 236
car 0.6528 210 118 453 236
car 0.2163 294 132 461 221
car 0.0127 207 153 374 237
car 0.0066 229 123 281 148
car 0.0064 203 165 305 238
car 0.0033 215 118 279 166
car 0.0016 222 146 267 172
car 0.0011 285 94 447 131
car 0.0011 207 117 301 201
car 0.0011 425 84 450 102
motorbike 0.0165 210 118 453 236
motorbike 0.0127 287 100 320 117
motorbike 0.0022 296 83 325 116
aeroplane 0.0142 210 128 460 251
bus 0.0016 210 132 464 228
bus 0.0014 229 123 281 148
boat 0.0174 287 89 322 118
boat 0.0055 210 118 453 236
boat 0.0044 229 123 281 148
boat 0.0036 212 161 460 319
boat 0.0024 207 96 302 165
boat 0.0011 207 153 374 237
bird 0.0106 296 83 325 116
bird 0.0022 287 100 320 117
dog 0.0046 296 83 325 116
dog 0.0010 335 198 361 220
horse 0.0051 296 83 325 116
sheep 0.0031 296 83 325 116
sheep 0.0017 3 211 206 327
cow 0.0019 296 83 325 116
chair 0.0188 287 89 322 118
chair 0.0073 229 123 281 148
chair 0.0039 222 146 267 172
chair 0.0017 215 118 279 166
chair 0.0015 231 135 277 168
chair 0.0014 207 96 302 165
pottedplant 0.0548 107 107 216 293
diningtable 0.0063 229 123 281 148
diningtable 0.0013 276 197 472 280
