person 0.0086 346 0 404 14
person 0.0082 2 132 352 370
person 0.0062 272 -11 523 383
person 0.0028 439 -13 501 388
person 0.0017 -2 150 189 364
person 0.0016 375 17 499 360
car 0.0016 346 0 404 14
car 0.0012 53 5 347 379
bird 0.0056 346 0 404 14
cat 0.0061 20 66 341 391
cat 0.0037 -6 112 203 359
dog 0.4657 53 5 347 379
dog 0.0114 144 -8 495 387
dog 0.0095 189 31 307 139
dog 0.0078 172 28 333 364
dog 0.0043 202 106 311 174
dog 0.0019 186 85 298 155
dog 0.0011 19 53 338 251
dog 0.0010 -3 4 353 149
dog 0.0010 232 97 294 152
dog 0.0010 -2 150 189 364
horse 0.0055 2 132 352 370
horse 0.0012 272 -11 523 383
sheep 0.0018 346 0 404 14
sheep 0.0010 2 132 352 370
cow 0.0162 2 132 352 370
cow 0.0015 346 0 404 14
bottle 0.0013 485 279 500 344
chair 0.0052 53 5 347 379
chair 0.0011 308 175 504 363
sofa 0.0289 20 66 341 391
sofa 0.0055 -3 4 353 149
pottedplant 0.0052 0 -7 186 165
