pottedplant 0.2947 19 52 316 446
pottedplant 0.0980 53 74 200 420
pottedplant 0.0538 24 13 234 248
pottedplant 0.0461 124 191 289 452
pottedplant 0.0356 8 163 171 494
pottedplant 0.0336 115 317 297 494
pottedplant 0.0283 35 219 315 497
pottedplant 0.0081 227 151 332 497
pottedplant 0.0075 172 80 321 433
pottedplant 0.0063 70 247 179 477
pottedplant 0.0045 156 286 264 420
pottedplant 0.0022 76 11 191 108
pottedplant 0.0019 21 -8 241 138
pottedplant 0.0019 31 90 121 194
pottedplant 0.0018 16 79 159 271
pottedplant 0.0017 -3 -14 342 211
diningtable 0.0119 31 316 316 496
diningtable 0.0031 115 374 298 498
