person 0.0068 93 140 115 190
person 0.0012 315 131 359 245
car 0.0015 130 -15 516 300
bus 0.0014 130 -15 516 300
train 0.4331 73 -11 435 298
train 0.0303 93 123 145 190
train 0.0258 37 96 147 190
train 0.0081 6 78 167 274
train 0.0080 199 23 384 277
train 0.0071 90 116 161 229
train 0.0065 7 85 106 187
train 0.0049 113 132 138 174
train 0.0026 131 119 159 146
train 0.0019 93 132 114 177
train 0.0015 1 13 282 272
train 0.0013 3 45 119 233
train 0.0012 2 131 127 199
train 0.0012 126 120 161 188
train 0.0012 21 62 150 140
train 0.0011 131 129 155 178
chair 0.0095 21 150 41 182
chair 0.0027 0 107 27 188
chair 0.0019 28 148 64 188
chair 0.0015 0 111 19 154
chair 0.0011 25 112 73 188
pottedplant 0.0010 4 55 106 136
