person 0.1044 270 110 289 169
person 0.0346 224 66 250 92
person 0.0084 270 102 289 142
person 0.0078 221 86 260 114
person 0.0066 208 65 244 91
person 0.0037 241 85 270 116
person 0.0018 200 90 246 114
person 0.0018 230 156 255 192
person 0.0017 245 95 273 130
person 0.0013 481 166 500 333
person 0.0013 224 94 262 125
person 0.0010 94 24 412 303
bicycle 0.0120 270 126 291 176
bicycle 0.0067 480 172 500 217
bicycle 0.0067 478 135 499 257
bicycle 0.0015 483 155 500 206
bicycle 0.0011 230 156 255 192
car 0.8262 174 89 282 175
car 0.0086 224 66 250 92
car 0.0050 266 102 291 176
car 0.0035 270 102 289 142
car 0.0030 240 94 289 170
car 0.0027 297 68 330 90
car 0.0013 241 85 270 116
car 0.0012 208 65 244 91
car 0.0010 184 145 253 173
car 0.0010 182 144 217 164
car 0.0010 200 90 246 114
motorbike 0.0786 270 126 291 176
motorbike 0.0055 230 156 255 192
motorbike 0.0020 480 168 500 261
motorbike 0.0011 184 145 253 173
bus 0.0013 224 66 250 92
cat 0.0012 370 168 446 268
dog 0.1147 367 176 449 272
dog 0.0167 138 157 243 260
dog 0.0017 230 156 255 192
horse 0.0766 368 173 449 276
horse 0.0104 136 158 242 257
sheep 0.8893 367 170 448 270
sheep 0.8714 136 158 242 257
sheep 0.0017 182 144 217 164
cow 0.6578 139 156 252 260
cow 0.0384 370 168 446 268
cow 0.0030 195 155 251 201
cow 0.0024 230 156 255 192
chair 0.0014 480 168 500 261
