person 0.0068 244 475 301 498
person 0.0047 254 485 326 500
person 0.0016 7 53 262 444
car 0.0017 14 45 302 454
motorbike 0.0012 14 45 302 454
bird 0.1115 7 53 262 444
bird 0.0034 244 475 301 498
bird 0.0026 254 485 326 500
bird 0.0012 170 485 253 499
cat 0.0194 7 53 262 444
dog 0.5360 7 53 262 444
horse 0.0021 6 80 312 489
sheep 0.0418 7 53 262 444
sheep 0.0073 254 485 326 500
sheep 0.0045 244 475 301 498
sheep 0.0018 282 487 331 500
cow 0.0074 6 80 312 489
cow 0.0016 254 485 326 500
chair 0.0029 9 29 259 404
sofa 0.0195 9 29 259 404
