person 0.0039 279 121 314 190
person 0.0016 131 288 157 323
person 0.0010 112 234 139 270
bicycle 0.5977 164 22 413 265
bicycle 0.5919 59 29 434 342
bicycle 0.0243 290 33 405 245
bicycle 0.0034 33 186 208 357
bicycle 0.0011 314 112 402 239
motorbike 0.0429 -4 10 430 370
motorbike 0.0015 33 186 208 357
aeroplane 0.0055 -4 10 430 370
train 0.0035 -4 10 430 370
boat 0.0098 16 15 349 366
bird 0.0042 190 54 245 83
bird 0.0015 112 234 139 270
cat 0.0012 279 121 314 190
dog 0.0026 112 234 139 270
bottle 0.3382 280 142 307 185
bottle 0.1926 279 121 314 190
bottle 0.0120 301 116 321 161
bottle 0.0091 288 120 315 162
bottle 0.0047 273 154 297 197
bottle 0.0037 264 140 303 212
bottle 0.0030 302 133 327 180
bottle 0.0015 259 107 305 177
bottle 0.0012 290 119 339 191
bottle 0.0011 247 136 270 182
bottle 0.0011 281 78 319 165
bottle 0.0010 284 102 314 143
chair 0.0021 33 186 208 357
