person 0.3676 359 133 397 207
person 0.3076 108 140 150 211
person 0.2277 369 150 449 277
person 0.1811 117 137 172 243
person 0.1617 392 153 444 224
person 0.1611 230 150 262 229
person 0.1541 240 141 315 272
person 0.1362 294 112 365 221
person 0.1136 93 144 178 273
person 0.0896 297 136 378 267
person 0.0549 232 147 284 199
person 0.0493 233 150 257 193
person 0.0489 304 104 342 169
person 0.0461 366 146 411 231
person 0.0392 272 155 315 235
person 0.0391 313 148 417 270
person 0.0386 141 150 177 237
person 0.0329 365 130 389 180
person 0.0328 403 156 451 261
person 0.0284 395 152 423 186
person 0.0271 318 120 403 218
person 0.0244 417 159 446 198
person 0.0232 310 107 333 156
person 0.0228 158 151 199 238
person 0.0215 127 137 152 172
person 0.0199 308 112 356 190
person 0.0187 29 212 59 248
person 0.0186 287 135 310 171
person 0.0162 114 145 143 191
person 0.0132 149 157 173 195
person 0.0127 250 117 341 222
person 0.0099 385 147 411 186
person 0.0097 295 132 345 249
person 0.0079 118 147 206 266
person 0.0061 363 128 414 187
person 0.0060 363 130 443 215
person 0.0059 14 210 44 250
person 0.0054 121 122 211 218
person 0.0054 119 131 171 187
person 0.0054 425 214 448 247
person 0.0053 130 146 163 191
person 0.0052 0 208 23 253
person 0.0048 192 148 287 239
person 0.0046 395 165 436 205
person 0.0046 166 194 198 266
person 0.0046 300 129 325 170
person 0.0036 288 154 313 192
person 0.0035 478 212 499 243
person 0.0034 381 135 407 174
person 0.0034 434 218 462 246
person 0.0032 231 166 261 202
person 0.0031 68 228 109 267
person 0.0028 0 49 27 255
person 0.0027 166 195 196 230
person 0.0026 371 182 406 206
person 0.0025 174 220 195 274
person 0.0024 388 178 436 272
person 0.0024 354 164 402 251
person 0.0023 234 160 287 258
person 0.0022 280 187 306 236
person 0.0021 62 130 154 258
person 0.0021 284 202 309 244
person 0.0021 255 126 409 293
person 0.0020 212 135 301 213
person 0.0019 485 195 500 233
person 0.0017 463 216 489 245
person 0.0016 318 131 350 168
person 0.0016 236 144 279 166
person 0.0015 50 213 76 249
person 0.0015 0 194 18 235
person 0.0015 378 185 406 223
person 0.0014 326 135 385 204
person 0.0014 261 154 298 190
person 0.0013 282 168 313 207
person 0.0013 232 146 260 169
person 0.0012 145 133 170 164
person 0.0012 112 167 142 206
person 0.0011 279 125 322 183
person 0.0010 244 148 313 198
person 0.0010 288 178 457 280
person 0.0010 167 160 276 263
person 0.0010 233 195 259 228
person 0.0010 83 234 123 263
bicycle 0.0033 29 212 59 248
bicycle 0.0017 14 210 44 250
bicycle 0.0014 0 201 54 252
bicycle 0.0014 0 208 23 253
motorbike 0.0029 29 212 59 248
motorbike 0.0017 0 208 23 253
dog 0.0024 233 150 257 193
dog 0.0011 232 147 284 199
dog 0.0010 166 195 196 230
horse 0.7602 284 157 457 294
horse 0.6003 178 173 309 288
horse 0.3248 68 173 175 280
horse 0.3174 369 150 449 277
horse 0.1834 240 141 315 272
horse 0.0733 222 179 364 278
horse 0.0718 112 178 230 281
horse 0.0438 313 148 417 270
horse 0.0372 118 181 169 275
horse 0.0359 166 194 198 266
horse 0.0262 45 138 206 284
horse 0.0205 297 136 378 267
horse 0.0183 403 156 451 261
horse 0.0148 107 135 176 252
horse 0.0120 392 153 444 224
horse 0.0104 166 195 196 230
horse 0.0094 155 189 262 274
horse 0.0080 138 161 181 251
horse 0.0076 395 152 423 186
horse 0.0070 419 165 449 203
horse 0.0067 403 154 450 201
horse 0.0056 252 158 313 224
horse 0.0053 277 163 314 245
horse 0.0048 29 212 59 248
horse 0.0047 170 199 235 257
horse 0.0046 232 147 284 199
horse 0.0044 388 178 436 272
horse 0.0039 63 220 113 276
horse 0.0033 158 151 199 238
horse 0.0031 362 136 413 208
horse 0.0031 133 189 194 260
horse 0.0028 173 150 269 237
horse 0.0028 83 234 123 263
horse 0.0028 32 208 149 279
horse 0.0027 244 148 313 198
horse 0.0026 253 121 341 227
horse 0.0026 425 214 448 247
horse 0.0026 271 196 414 287
horse 0.0025 152 212 179 245
horse 0.0025 288 154 313 192
horse 0.0024 238 152 269 193
horse 0.0022 100 188 154 268
horse 0.0022 223 173 262 243
horse 0.0021 279 192 316 266
horse 0.0021 86 208 204 279
horse 0.0019 395 165 436 205
horse 0.0018 0 201 54 252
horse 0.0018 110 232 142 261
horse 0.0017 434 218 462 246
horse 0.0017 14 210 44 250
horse 0.0016 284 202 309 244
horse 0.0016 385 147 411 186
horse 0.0015 294 112 365 221
horse 0.0015 287 135 310 171
horse 0.0015 371 162 411 255
horse 0.0015 261 154 298 190
horse 0.0014 62 130 154 258
horse 0.0012 0 208 23 253
horse 0.0012 21 201 71 250
horse 0.0012 110 214 138 248
horse 0.0011 123 233 160 269
horse 0.0011 212 135 301 213
horse 0.0011 234 160 287 258
horse 0.0010 50 213 76 249
horse 0.0010 371 182 406 206
horse 0.0010 241 224 305 277
horse 0.0010 80 154 134 266
