person 0.0114 378 217 400 248
person 0.0057 180 215 200 244
person 0.0026 304 184 331 219
person 0.0011 317 187 344 217
person 0.0010 347 219 365 248
car 0.0083 378 217 400 248
car 0.0032 416 223 438 249
motorbike 0.0014 378 217 400 248
aeroplane 0.3497 -8 97 444 257
aeroplane 0.0209 168 153 469 212
aeroplane 0.0117 85 164 493 256
aeroplane 0.0088 340 186 462 245
aeroplane 0.0084 226 175 423 248
aeroplane 0.0055 5 193 44 211
aeroplane 0.0051 392 198 491 248
aeroplane 0.0043 317 187 344 217
aeroplane 0.0036 162 100 474 227
aeroplane 0.0028 8 126 284 241
aeroplane 0.0028 304 184 331 219
aeroplane 0.0025 319 199 347 223
aeroplane 0.0024 185 214 301 250
aeroplane 0.0016 338 167 410 186
aeroplane 0.0015 301 197 332 225
aeroplane 0.0013 0 189 24 213
aeroplane 0.0012 322 160 469 233
bus 0.0016 378 217 400 248
