person 0.0990 118 0 461 328
person 0.0216 -2 34 202 314
person 0.0079 17 9 335 324
person 0.0053 8 131 259 333
person 0.0044 93 230 184 328
person 0.0043 245 10 422 329
person 0.0025 282 240 386 325
person 0.0013 186 82 394 317
person 0.0010 0 139 123 334
bicycle 0.0039 302 170 504 326
bicycle 0.0022 315 220 487 281
bicycle 0.0021 399 236 503 308
car 0.0070 287 227 458 281
car 0.0025 89 0 407 325
car 0.0014 341 239 410 262
car 0.0010 320 211 471 268
boat 0.0015 316 226 475 280
boat 0.0014 285 231 388 321
boat 0.0012 341 239 410 262
bird 0.0020 -2 34 202 314
bird 0.0017 278 12 434 326
bird 0.0013 17 9 335 324
cat 0.0969 118 0 461 328
cat 0.0075 9 67 246 336
cat 0.0017 245 10 422 329
dog 0.4635 118 0 461 328
dog 0.3245 17 9 335 324
dog 0.0254 -2 34 202 314
dog 0.0081 245 10 422 329
dog 0.0024 120 15 322 254
dog 0.0013 72 86 274 322
horse 0.0100 17 9 335 324
horse 0.0065 -2 65 205 337
horse 0.0049 118 0 461 328
horse 0.0018 42 142 458 333
sheep 0.0023 17 9 335 324
cow 0.2593 17 9 335 324
cow 0.0878 118 0 461 328
cow 0.0017 42 142 458 333
cow 0.0017 278 12 434 326
chair 0.0026 118 0 461 328
chair 0.0013 17 9 335 324
sofa 0.0374 53 5 368 318
diningtable 0.0010 115 227 458 333
