person 0.0478 302 41 337 73
person 0.0398 480 58 499 100
person 0.0216 461 63 492 98
person 0.0198 184 125 289 239
person 0.0190 303 50 369 76
person 0.0095 237 126 284 153
person 0.0062 216 123 265 188
person 0.0059 482 77 500 114
person 0.0051 273 40 374 79
person 0.0044 224 124 260 152
person 0.0039 462 169 491 189
person 0.0030 187 126 250 189
person 0.0024 456 82 490 104
person 0.0019 230 125 286 181
person 0.0015 434 62 470 98
person 0.0013 228 136 257 170
person 0.0013 261 128 287 152
person 0.0011 281 55 323 78
person 0.0010 363 108 389 138
car 0.0138 456 82 490 104
car 0.0117 237 126 284 153
car 0.0114 375 123 414 138
car 0.0076 482 77 500 114
car 0.0064 395 43 503 139
car 0.0056 439 52 499 101
car 0.0053 381 122 448 139
car 0.0052 480 58 499 100
car 0.0046 461 63 492 98
car 0.0045 443 115 497 135
car 0.0031 378 95 500 145
car 0.0014 427 82 481 102
car 0.0014 444 67 500 126
car 0.0013 261 128 287 152
car 0.0013 434 62 470 98
car 0.0012 389 115 471 135
car 0.0012 479 102 500 138
car 0.0011 137 81 187 104
car 0.0010 204 87 238 106
aeroplane 0.0011 273 40 374 79
bus 0.0052 395 43 503 139
bus 0.0033 439 52 499 101
train 0.0013 368 114 499 152
boat 0.0260 378 95 500 145
boat 0.0161 31 105 70 123
boat 0.0149 395 43 503 139
boat 0.0113 62 125 109 141
boat 0.0091 34 109 93 129
boat 0.0083 81 125 133 141
boat 0.0076 381 122 448 139
boat 0.0060 375 123 414 138
boat 0.0059 38 124 94 140
boat 0.0055 462 169 491 189
boat 0.0045 446 120 496 140
boat 0.0032 137 81 187 104
boat 0.0028 57 112 111 133
boat 0.0027 472 168 498 193
boat 0.0025 85 113 132 134
boat 0.0021 389 115 471 135
boat 0.0019 337 114 499 152
boat 0.0015 377 137 501 190
boat 0.0014 106 128 143 143
boat 0.0014 101 109 144 128
boat 0.0013 361 123 391 140
boat 0.0013 303 50 369 76
boat 0.0011 455 175 494 203
boat 0.0010 273 40 374 79
bird 0.0023 302 41 337 73
cat 0.0017 178 133 276 259
dog 0.7595 181 127 287 257
dog 0.0043 173 139 243 253
dog 0.0020 237 126 284 153
dog 0.0010 187 165 225 250
horse 0.4160 180 128 291 259
horse 0.0062 173 139 243 253
horse 0.0018 237 126 284 153
sheep 0.1839 181 127 287 257
sheep 0.0035 237 126 284 153
cow 0.0027 178 133 276 259
cow 0.0013 237 126 284 153
