person 0.9928 203 85 323 222
person 0.9608 18 99 177 351
person 0.7986 323 83 438 279
person 0.0475 0 198 27 268
person 0.0216 120 259 181 334
person 0.0163 124 168 166 194
person 0.0137 0 200 27 348
person 0.0121 0 144 24 252
person 0.0083 4 107 110 341
person 0.0072 0 197 63 349
person 0.0023 0 182 23 223
person 0.0023 119 167 171 226
person 0.0020 9 144 168 229
person 0.0018 102 158 178 273
person 0.0017 0 179 43 258
person 0.0013 300 133 337 155
person 0.0013 4 80 278 380
person 0.0012 475 197 500 346
person 0.0011 26 255 180 378
person 0.0010 96 194 184 329
car 0.0055 9 144 168 229
car 0.0029 13 100 172 292
car 0.0022 -1 148 63 202
car 0.0015 0 125 63 246
cow 0.0014 0 196 26 247
bottle 0.0297 172 195 197 225
bottle 0.0217 150 142 408 322
bottle 0.0159 369 230 390 266
bottle 0.0041 317 143 343 174
bottle 0.0036 135 196 180 227
bottle 0.0031 128 187 188 237
bottle 0.0028 134 201 164 234
bottle 0.0024 271 206 293 231
bottle 0.0019 293 306 311 364
bottle 0.0017 124 168 166 194
bottle 0.0016 191 208 222 230
bottle 0.0014 300 206 324 231
chair 0.8262 12 243 174 373
chair 0.5918 192 290 328 374
chair 0.5279 3 237 94 375
chair 0.4060 181 147 223 200
chair 0.2683 439 98 498 283
chair 0.2054 0 203 22 255
chair 0.1227 213 139 237 177
chair 0.1155 1 231 48 359
chair 0.1057 372 234 445 379
chair 0.0899 412 146 445 174
chair 0.0695 0 231 24 353
chair 0.0681 124 168 166 194
chair 0.0567 421 209 447 291
chair 0.0549 413 328 443 374
chair 0.0545 390 320 444 375
chair 0.0490 179 284 221 374
chair 0.0430 434 186 479 287
chair 0.0416 -3 111 67 168
chair 0.0377 395 228 435 362
chair 0.0316 96 259 183 363
chair 0.0312 34 314 174 374
chair 0.0311 309 181 333 218
chair 0.0310 35 316 98 374
chair 0.0276 474 104 499 289
chair 0.0272 0 96 63 149
chair 0.0224 0 204 27 309
chair 0.0211 372 204 444 322
chair 0.0211 416 157 490 294
chair 0.0198 131 268 182 347
chair 0.0189 194 141 240 212
chair 0.0181 313 152 336 201
chair 0.0180 3 176 87 339
chair 0.0178 305 140 340 212
chair 0.0178 416 203 444 344
chair 0.0173 167 155 190 198
chair 0.0155 0 234 21 274
chair 0.0152 324 78 436 374
chair 0.0146 0 93 93 186
chair 0.0134 412 248 440 374
chair 0.0129 309 137 339 170
chair 0.0118 119 282 214 372
chair 0.0117 367 302 448 368
chair 0.0112 114 279 137 307
chair 0.0102 418 148 447 285
chair 0.0099 317 143 343 174
chair 0.0096 202 116 320 231
chair 0.0096 134 221 435 370
chair 0.0094 115 162 172 202
chair 0.0090 205 190 231 213
chair 0.0087 204 151 229 197
chair 0.0086 394 216 441 289
chair 0.0080 118 156 215 220
chair 0.0075 1 195 42 271
chair 0.0072 18 99 177 351
chair 0.0068 370 294 415 373
chair 0.0065 186 190 214 211
chair 0.0065 450 293 500 372
chair 0.0060 -2 129 66 189
chair 0.0056 479 287 499 372
chair 0.0056 1 92 48 111
chair 0.0054 158 270 412 357
chair 0.0050 399 241 478 376
chair 0.0040 28 288 76 373
chair 0.0040 0 105 53 137
chair 0.0037 9 144 168 229
chair 0.0035 144 163 177 198
chair 0.0035 3 64 50 92
chair 0.0033 326 244 427 379
chair 0.0033 419 244 438 291
chair 0.0031 38 260 92 330
chair 0.0030 156 280 246 374
chair 0.0030 318 174 342 215
chair 0.0029 165 276 207 346
chair 0.0028 153 275 181 308
chair 0.0028 0 164 58 299
chair 0.0028 -2 122 70 235
chair 0.0027 428 148 491 208
chair 0.0027 309 217 415 301
chair 0.0026 204 298 274 357
chair 0.0026 477 52 499 228
chair 0.0025 22 253 145 335
chair 0.0025 300 133 337 155
chair 0.0024 164 194 200 212
chair 0.0024 474 174 499 332
chair 0.0024 164 319 213 374
chair 0.0024 177 285 200 333
chair 0.0023 0 115 24 161
chair 0.0023 428 206 444 270
chair 0.0023 347 171 442 302
chair 0.0023 218 136 250 174
chair 0.0022 170 139 256 222
chair 0.0022 190 330 220 373
chair 0.0022 8 209 34 256
chair 0.0021 300 206 324 231
chair 0.0021 102 158 178 273
chair 0.0021 0 73 53 134
chair 0.0021 478 201 494 272
chair 0.0021 56 265 115 325
chair 0.0020 123 271 153 309
chair 0.0020 281 182 308 215
sofa 0.0042 0 198 27 268
sofa 0.0041 479 287 499 372
sofa 0.0039 450 293 500 372
sofa 0.0033 181 147 223 200
sofa 0.0031 26 255 180 378
sofa 0.0025 150 142 408 322
sofa 0.0017 305 140 340 212
sofa 0.0015 211 84 331 222
sofa 0.0013 0 200 27 348
sofa 0.0011 476 209 500 378
sofa 0.0010 0 197 63 349
sofa 0.0010 222 191 254 213
pottedplant 0.0048 125 46 171 90
pottedplant 0.0010 331 248 383 297
diningtable 0.5312 131 183 430 359
diningtable 0.0522 147 139 359 310
diningtable 0.0261 437 159 497 288
diningtable 0.0174 150 221 354 296
diningtable 0.0082 9 144 168 229
diningtable 0.0080 -3 111 67 168
diningtable 0.0073 87 162 263 364
diningtable 0.0070 440 167 489 192
diningtable 0.0060 1 92 48 111
diningtable 0.0056 11 169 165 274
diningtable 0.0055 0 203 22 255
diningtable 0.0052 102 158 178 273
diningtable 0.0045 -2 95 109 199
diningtable 0.0041 417 122 493 274
diningtable 0.0037 0 105 53 137
diningtable 0.0035 317 143 343 174
diningtable 0.0033 1 88 87 154
diningtable 0.0031 0 234 21 274
diningtable 0.0027 0 137 356 387
diningtable 0.0025 -1 148 63 202
diningtable 0.0023 116 170 204 256
diningtable 0.0022 299 132 343 193
diningtable 0.0021 324 78 436 374
diningtable 0.0021 412 146 445 174
diningtable 0.0020 0 231 24 353
diningtable 0.0020 167 188 331 263
diningtable 0.0020 0 108 27 139
diningtable 0.0019 91 227 353 371
diningtable 0.0019 128 187 188 237
diningtable 0.0018 309 137 339 170
diningtable 0.0018 428 148 491 208
diningtable 0.0018 17 130 177 373
diningtable 0.0017 14 86 80 115
diningtable 0.0014 0 147 52 173
diningtable 0.0014 158 272 422 378
diningtable 0.0013 0 204 27 309
diningtable 0.0012 119 167 171 226
diningtable 0.0012 142 202 265 270
diningtable 0.0012 0 85 24 116
diningtable 0.0012 118 156 215 220
diningtable 0.0012 -1 160 57 233
diningtable 0.0012 3 64 50 92
diningtable 0.0011 0 51 53 77
diningtable 0.0010 -4 159 58 188
diningtable 0.0010 220 236 415 310
