person 0.0020 66 58 387 521
car 0.0087 213 115 275 173
car 0.0071 -4 0 327 122
car 0.0047 196 67 275 190
car 0.0026 45 32 285 176
car 0.0022 154 21 313 180
car 0.0016 96 48 241 233
car 0.0013 -15 -33 418 165
boat 0.0010 213 115 275 173
dog 0.0018 31 68 381 513
horse 0.8646 31 68 381 513
horse 0.0066 105 58 282 376
horse 0.0024 250 189 385 473
horse 0.0022 67 37 410 336
horse 0.0021 7 238 343 478
horse 0.0019 51 51 216 449
horse 0.0013 32 240 141 496
cow 0.0316 37 143 370 491
chair 0.0066 213 115 275 173
chair 0.0017 7 474 59 500
chair 0.0010 319 252 400 412
pottedplant 0.0063 329 475 395 499
pottedplant 0.0019 322 410 398 497
pottedplant 0.0010 303 442 405 500
diningtable 0.0064 322 410 398 497
diningtable 0.0040 0 400 70 500
diningtable 0.0011 1 448 63 501
tvmonitor 0.0030 -4 0 327 122
tvmonitor 0.0013 45 32 285 176
