person 0.0104 80 45 501 278
car 0.0023 300 7 435 92
boat 0.0010 33 43 469 277
bird 0.0356 80 45 501 278
bird 0.0232 293 126 499 288
bird 0.0020 298 128 441 196
bird 0.0013 -5 26 300 297
bird 0.0012 4 209 187 277
cat 0.0090 80 45 501 278
dog 0.8548 80 45 501 278
dog 0.0642 -5 26 300 297
dog 0.0012 117 14 308 251
horse 0.0039 80 45 501 278
sheep 0.0043 -5 26 300 297
sheep 0.0015 0 216 102 282
sheep 0.0014 80 45 501 278
sheep 0.0012 16 202 233 278
cow 0.0284 80 45 501 278
cow 0.0014 293 126 499 288
sofa 0.0156 4 6 423 278
