person 0.1731 411 351 453 375
person 0.0165 223 161 286 223
person 0.0051 476 115 497 158
person 0.0037 42 0 182 77
person 0.0022 0 180 20 281
person 0.0013 90 3 161 54
person 0.0013 190 3 221 34
person 0.0010 189 129 315 232
car 0.0108 42 0 182 77
car 0.0037 223 161 286 223
car 0.0037 442 70 499 91
car 0.0032 45 35 205 93
car 0.0024 417 39 458 58
car 0.0022 126 28 165 54
car 0.0017 387 69 442 87
car 0.0015 105 27 149 56
car 0.0014 177 81 343 238
car 0.0014 187 32 225 60
car 0.0014 445 44 501 68
car 0.0011 129 8 167 41
car 0.0011 -20 36 446 340
car 0.0010 38 78 240 140
car 0.0010 115 90 172 110
motorbike 0.0014 31 20 467 348
motorbike 0.0014 177 81 343 238
aeroplane 0.0122 451 34 502 61
aeroplane 0.0089 31 20 467 348
aeroplane 0.0046 445 44 501 68
aeroplane 0.0034 176 99 338 245
aeroplane 0.0030 472 38 499 73
aeroplane 0.0012 464 29 501 88
aeroplane 0.0011 396 22 500 67
aeroplane 0.0010 472 68 499 93
bus 0.0011 -10 6 433 302
train 0.0103 -20 36 446 340
train 0.0028 177 81 343 238
boat 0.0046 387 47 500 92
boat 0.0035 451 34 502 61
boat 0.0035 442 70 499 91
boat 0.0024 445 44 501 68
boat 0.0021 31 20 467 348
boat 0.0019 177 81 343 238
boat 0.0017 396 22 500 67
boat 0.0016 472 68 499 93
boat 0.0010 472 38 499 73
bird 0.0012 176 99 338 245
cat 0.0315 223 161 286 223
cat 0.0089 189 129 315 232
dog 0.0015 223 161 286 223
dog 0.0014 189 129 315 232
bottle 0.0059 411 351 453 375
bottle 0.0038 365 42 393 76
bottle 0.0014 53 259 76 286
chair 0.0178 177 81 343 238
chair 0.0109 0 58 25 104
chair 0.0073 411 351 453 375
chair 0.0027 182 100 231 148
chair 0.0024 314 23 503 283
chair 0.0019 0 50 52 109
chair 0.0018 2 77 93 145
chair 0.0017 200 88 237 113
chair 0.0014 3 27 94 122
chair 0.0011 197 87 318 145
chair 0.0010 31 20 467 348
chair 0.0010 387 47 500 92
sofa 0.0013 177 81 343 238
pottedplant 0.3597 350 108 508 289
pottedplant 0.0240 365 42 393 76
pottedplant 0.0030 177 81 343 238
pottedplant 0.0025 344 40 399 86
pottedplant 0.0015 365 201 421 264
pottedplant 0.0014 286 75 470 283
pottedplant 0.0011 350 133 444 266
diningtable 0.0074 -17 73 439 371
diningtable 0.0059 314 23 503 283
diningtable 0.0051 360 113 506 306
diningtable 0.0037 1 95 97 214
diningtable 0.0017 297 153 523 362
diningtable 0.0015 0 86 108 303
diningtable 0.0014 43 211 530 369
diningtable 0.0014 302 48 506 98
diningtable 0.0014 2 77 93 145
diningtable 0.0013 141 37 510 335
tvmonitor 0.4684 49 -1 192 72
tvmonitor 0.0181 7 31 206 96
tvmonitor 0.0145 1 95 97 214
tvmonitor 0.0095 176 99 338 245
tvmonitor 0.0052 16 -14 239 105
tvmonitor 0.0047 0 86 108 303
tvmonitor 0.0037 3 27 94 122
tvmonitor 0.0030 0 58 25 104
tvmonitor 0.0017 66 3 145 52
tvmonitor 0.0015 1 -18 421 246
tvmonitor 0.0012 0 50 52 109
tvmonitor 0.0011 111 3 169 53
tvmonitor 0.0010 190 3 221 34
tvmonitor 0.0010 16 31 236 187
