person 0.1349 -1 -12 110 377
person 0.0028 5 -1 167 246
person 0.0014 -20 -15 231 388
person 0.0014 292 31 503 284
car 0.0013 68 7 442 367
bird 0.0016 283 67 445 295
cat 0.0198 287 62 505 304
cat 0.0073 93 12 477 363
dog 0.0763 93 12 477 363
dog 0.0754 283 67 445 295
dog 0.0222 110 31 296 273
dog 0.0025 145 54 432 256
dog 0.0013 261 16 525 368
sheep 0.0032 145 54 432 256
sheep 0.0020 110 31 296 273
sheep 0.0013 93 12 477 363
cow 0.0874 68 7 442 367
cow 0.0015 145 54 432 256
cow 0.0012 110 31 296 273
chair 0.0054 -1 -12 110 377
chair 0.0045 93 12 477 363
chair 0.0041 0 288 18 373
chair 0.0036 9 282 100 369
chair 0.0027 292 31 503 284
chair 0.0022 100 8 298 138
chair 0.0015 450 291 496 373
chair 0.0010 478 167 499 338
sofa 0.0226 93 12 477 363
sofa 0.0108 -1 -12 110 377
sofa 0.0017 7 -4 352 316
sofa 0.0015 0 288 18 373
sofa 0.0011 5 266 100 370
sofa 0.0010 100 8 298 138
diningtable 0.0016 21 158 487 363
tvmonitor 0.0013 0 288 18 373
