person 0.6676 136 67 286 363
person 0.0669 169 88 194 127
person 0.0482 139 77 254 177
person 0.0217 146 149 237 273
person 0.0153 120 46 277 227
person 0.0134 162 73 196 133
person 0.0068 169 102 196 139
person 0.0051 132 117 260 218
person 0.0047 168 67 192 103
person 0.0037 152 94 197 156
person 0.0023 73 50 238 290
person 0.0018 177 81 207 122
person 0.0016 168 56 190 88
person 0.0014 199 78 235 108
person 0.0014 109 39 183 161
person 0.0012 170 76 229 129
bicycle 0.0297 124 143 273 376
bicycle 0.0040 141 204 223 378
bicycle 0.0013 186 203 260 368
car 0.0026 125 157 163 181
motorbike 0.6898 124 143 273 376
motorbike 0.0155 141 204 223 378
motorbike 0.0036 150 169 240 268
motorbike 0.0034 186 203 260 368
motorbike 0.0023 169 88 194 127
motorbike 0.0010 124 69 274 286
motorbike 0.0010 37 109 343 392
bird 0.0017 125 157 163 181
dog 0.0013 139 212 214 386
horse 0.0029 130 171 259 382
horse 0.0013 156 216 236 381
sheep 0.0019 141 237 209 386
sheep 0.0018 176 213 251 376
cow 0.0011 139 212 214 386
