person 0.0305 308 257 340 290
person 0.0245 195 261 226 297
person 0.0230 284 259 329 286
person 0.0217 279 238 334 285
person 0.0102 237 388 257 429
person 0.0085 272 258 305 293
person 0.0058 266 391 294 426
person 0.0056 273 244 308 278
person 0.0056 160 386 186 427
person 0.0056 204 261 245 294
person 0.0046 233 261 266 300
person 0.0041 247 398 294 429
person 0.0036 255 258 277 302
person 0.0030 192 278 229 305
person 0.0024 186 6 202 41
person 0.0024 329 260 350 293
person 0.0021 206 383 235 430
person 0.0020 286 278 331 310
person 0.0020 291 387 320 432
person 0.0020 155 381 178 414
person 0.0020 268 233 313 289
person 0.0020 183 262 204 301
person 0.0013 141 369 162 407
car 0.0166 247 398 294 429
car 0.0039 54 266 97 285
car 0.0033 7 246 68 276
car 0.0022 46 396 392 499
car 0.0021 104 411 335 481
car 0.0014 38 247 66 275
motorbike 0.0046 247 398 294 429
bus 0.0026 81 186 368 457
train 0.9570 71 190 372 464
train 0.0259 0 253 109 307
train 0.0211 7 246 68 276
train 0.0196 54 266 97 285
train 0.0165 38 247 66 275
train 0.0087 0 237 106 287
train 0.0068 8 244 61 304
train 0.0062 -1 234 76 336
train 0.0045 11 259 64 290
train 0.0044 33 263 75 283
train 0.0040 47 250 99 276
train 0.0029 358 261 444 331
train 0.0022 6 185 127 394
train 0.0018 182 31 415 91
train 0.0017 368 274 433 291
train 0.0016 372 284 426 308
train 0.0016 -1 218 38 298
train 0.0015 362 271 438 389
train 0.0013 1 245 29 276
train 0.0013 363 289 401 313
train 0.0011 41 256 104 298
train 0.0011 28 238 83 285
train 0.0011 38 274 104 321
train 0.0010 361 277 435 318
boat 0.0015 310 445 442 499
boat 0.0011 354 484 412 498
chair 0.0075 2 398 58 417
chair 0.0027 1 414 26 446
diningtable 0.0023 -12 405 201 501
diningtable 0.0012 0 407 109 501
