person 0.0227 108 106 137 133
person 0.0150 470 34 497 57
person 0.0056 342 223 374 247
person 0.0056 150 54 188 70
person 0.0056 395 38 435 57
person 0.0054 127 109 160 135
person 0.0047 87 109 124 130
person 0.0047 75 110 105 130
person 0.0022 183 107 206 134
person 0.0021 401 41 460 57
person 0.0017 386 1 443 52
person 0.0014 211 49 240 66
person 0.0012 381 7 413 42
person 0.0012 0 126 27 145
car 0.0715 404 47 462 62
car 0.0472 401 41 460 57
car 0.0407 0 54 29 75
car 0.0219 464 33 491 59
car 0.0078 421 39 478 56
car 0.0054 395 38 435 57
car 0.0040 354 24 469 60
car 0.0016 390 134 501 224
car 0.0014 0 62 26 88
car 0.0012 361 28 421 55
car 0.0012 119 53 157 70
car 0.0011 150 54 188 70
car 0.0011 430 109 501 247
car 0.0010 456 44 495 63
aeroplane 0.7009 -81 59 514 284
aeroplane 0.0663 32 -27 542 228
aeroplane 0.0219 441 158 499 272
aeroplane 0.0151 39 20 307 68
aeroplane 0.0076 394 161 504 243
aeroplane 0.0069 430 109 501 247
aeroplane 0.0027 0 54 29 75
aeroplane 0.0026 0 13 429 102
aeroplane 0.0022 330 171 484 230
aeroplane 0.0019 387 206 438 228
aeroplane 0.0017 44 37 283 80
aeroplane 0.0016 340 138 476 216
aeroplane 0.0015 69 35 425 67
aeroplane 0.0014 383 65 504 255
aeroplane 0.0014 159 51 481 225
aeroplane 0.0011 157 53 192 69
bus 0.0053 0 54 29 75
bus 0.0018 211 49 240 66
bus 0.0017 32 -27 542 228
bus 0.0013 40 25 370 68
train 0.0035 40 25 370 68
train 0.0017 32 -27 542 228
train 0.0014 0 54 29 75
boat 0.0078 0 54 29 75
boat 0.0025 0 126 27 145
boat 0.0016 0 30 25 62
chair 0.3101 401 41 460 57
chair 0.2199 358 27 401 52
chair 0.1616 404 47 462 62
chair 0.0863 464 33 491 59
chair 0.0729 395 38 435 57
chair 0.0366 275 34 319 59
chair 0.0336 303 30 331 59
chair 0.0291 421 39 478 56
chair 0.0180 251 38 309 59
chair 0.0158 316 28 350 59
chair 0.0056 303 11 332 45
chair 0.0052 355 24 431 59
chair 0.0050 340 30 371 57
chair 0.0037 281 16 318 41
chair 0.0035 355 5 456 51
chair 0.0032 456 44 495 63
chair 0.0032 320 10 349 44
chair 0.0031 381 7 413 42
chair 0.0025 356 18 397 41
chair 0.0024 392 5 429 43
chair 0.0018 305 20 365 62
chair 0.0016 192 28 408 65
chair 0.0016 353 48 434 62
chair 0.0013 380 21 453 61
chair 0.0011 262 26 332 64
chair 0.0011 341 11 375 39
