person 0.0206 152 160 177 199
person 0.0021 478 135 498 177
person 0.0015 308 158 331 188
person 0.0011 77 85 105 119
person 0.0010 160 166 190 198
car 0.0094 355 172 389 188
car 0.0043 379 167 409 188
aeroplane 0.0100 30 -8 464 229
aeroplane 0.0058 392 129 498 183
aeroplane 0.0050 301 11 500 199
aeroplane 0.0043 11 46 320 200
aeroplane 0.0024 478 135 498 177
aeroplane 0.0010 460 142 490 175
train 0.7990 10 56 270 218
train 0.0359 -5 2 418 223
train 0.0129 138 153 282 202
train 0.0118 99 83 388 206
train 0.0114 392 129 498 183
train 0.0051 42 28 455 344
train 0.0050 20 65 164 166
train 0.0043 169 130 318 186
train 0.0042 313 125 503 189
train 0.0042 36 111 304 198
train 0.0022 46 80 245 164
train 0.0017 360 149 503 190
train 0.0017 144 154 188 203
train 0.0012 422 150 472 177
train 0.0012 -1 109 176 204
train 0.0012 424 162 478 180
train 0.0012 251 153 298 172
train 0.0011 254 158 301 185
boat 0.0010 30 -8 464 229
chair 0.0024 0 35 13 91
tvmonitor 0.0100 77 85 105 119
tvmonitor 0.0039 0 35 13 91
