person 0.0099 386 -46 496 415
person 0.0063 94 26 179 122
person 0.0057 345 3 390 75
person 0.0023 320 2 401 129
person 0.0015 217 -29 503 401
person 0.0014 444 -39 499 411
person 0.0013 351 2 387 35
car 0.0010 152 -19 486 390
boat 0.0014 217 -29 503 401
bird 0.0015 94 26 179 122
cat 0.8500 148 87 332 300
cat 0.0229 82 35 271 267
cat 0.0140 94 26 179 122
cat 0.0127 42 22 380 347
cat 0.0020 26 132 96 153
cat 0.0020 219 31 258 127
dog 0.0618 152 110 326 310
dog 0.0121 94 26 179 122
dog 0.0071 82 35 271 267
dog 0.0016 219 31 258 127
dog 0.0014 245 68 279 128
dog 0.0010 8 116 114 175
sheep 0.0011 88 36 190 126
bottle 0.0098 245 68 279 128
bottle 0.0026 300 -2 358 38
bottle 0.0016 310 65 371 131
bottle 0.0014 227 0 257 46
bottle 0.0014 265 161 292 182
bottle 0.0014 265 0 300 24
bottle 0.0013 249 64 272 111
bottle 0.0012 330 59 375 116
bottle 0.0011 335 98 366 135
bottle 0.0010 256 17 341 107
bottle 0.0010 318 123 347 156
chair 0.0164 42 22 380 347
chair 0.0098 251 8 335 120
chair 0.0030 94 26 179 122
chair 0.0030 218 4 295 127
chair 0.0027 218 21 258 110
chair 0.0026 253 4 304 76
chair 0.0020 243 0 406 144
chair 0.0020 261 0 385 81
chair 0.0020 53 154 437 367
chair 0.0013 225 0 260 58
chair 0.0013 89 70 130 126
chair 0.0012 170 21 252 125
chair 0.0011 152 110 326 310
sofa 0.0065 253 5 346 87
sofa 0.0020 253 4 304 76
sofa 0.0010 249 0 354 50
pottedplant 0.0146 94 26 179 122
pottedplant 0.0067 155 54 201 109
pottedplant 0.0063 6 58 107 161
pottedplant 0.0059 7 -4 186 161
pottedplant 0.0059 26 132 96 153
pottedplant 0.0052 8 116 114 175
pottedplant 0.0040 181 2 223 83
pottedplant 0.0035 164 69 195 105
pottedplant 0.0026 89 -1 199 99
pottedplant 0.0020 74 -3 256 148
pottedplant 0.0019 -2 32 130 262
pottedplant 0.0019 135 28 196 102
pottedplant 0.0011 89 70 130 126
diningtable 0.0065 74 65 421 370
diningtable 0.0063 152 110 326 310
tvmonitor 0.0027 256 17 341 107
