person 0.8701 449 289 500 374
person 0.0871 438 293 475 373
person 0.0139 431 122 469 154
person 0.0123 395 303 443 369
person 0.0121 453 290 484 328
person 0.0114 441 293 469 326
person 0.0101 87 335 117 372
person 0.0048 453 306 479 358
person 0.0041 419 122 487 164
person 0.0037 450 126 491 157
person 0.0035 401 297 497 373
person 0.0034 416 312 448 349
person 0.0033 483 299 500 365
person 0.0032 479 288 500 333
person 0.0026 437 309 459 356
person 0.0023 454 285 490 310
person 0.0023 479 326 500 375
person 0.0019 479 123 499 161
person 0.0018 477 139 499 171
person 0.0017 402 313 434 353
person 0.0016 472 218 499 372
person 0.0015 470 308 499 379
person 0.0014 477 280 498 312
person 0.0013 351 298 434 372
person 0.0013 444 115 496 165
person 0.0013 417 328 442 373
person 0.0012 396 300 442 321
person 0.0012 451 248 500 347
person 0.0012 2 154 23 175
person 0.0011 15 254 38 298
person 0.0010 439 285 473 306
person 0.0010 68 331 112 368
bicycle 0.0034 -14 297 432 378
bicycle 0.0020 56 311 280 374
car 0.1928 0 328 96 375
car 0.1110 0 355 44 374
car 0.0311 63 359 113 375
car 0.0220 87 335 117 372
car 0.0158 39 357 91 374
car 0.0154 77 325 138 372
car 0.0114 69 350 133 375
car 0.0093 6 355 96 376
car 0.0092 396 300 442 321
car 0.0089 351 298 434 372
car 0.0086 0 360 33 377
car 0.0085 38 322 172 372
car 0.0083 53 330 120 375
car 0.0075 8 328 88 348
car 0.0043 6 324 53 345
car 0.0038 75 313 217 376
car 0.0037 400 303 451 370
car 0.0033 110 353 151 375
car 0.0025 3 340 61 369
car 0.0022 98 318 143 342
car 0.0021 -14 297 432 378
car 0.0019 28 333 96 366
car 0.0017 416 312 448 349
car 0.0015 193 322 360 374
car 0.0013 356 297 421 340
car 0.0011 0 331 16 372
car 0.0010 393 294 446 336
car 0.0010 155 247 493 372
motorbike 0.0209 -14 297 432 378
motorbike 0.0110 193 309 325 370
motorbike 0.0050 56 311 280 374
motorbike 0.0015 353 301 439 374
motorbike 0.0012 15 229 481 376
aeroplane 0.0966 278 109 506 279
aeroplane 0.0084 0 155 97 249
aeroplane 0.0077 260 176 495 335
aeroplane 0.0034 221 81 510 366
aeroplane 0.0016 -2 152 99 363
aeroplane 0.0013 155 247 493 372
bus 0.0190 4 324 106 371
bus 0.0046 22 319 166 373
bus 0.0018 2 161 98 260
bus 0.0015 -2 152 99 363
bus 0.0011 75 315 199 374
train 0.0013 75 315 199 374
boat 0.1824 262 130 498 300
boat 0.0575 155 247 493 372
boat 0.0104 0 155 97 249
boat 0.0094 289 214 505 377
boat 0.0082 -14 297 432 378
boat 0.0076 251 215 478 294
boat 0.0067 267 228 407 288
boat 0.0042 75 313 217 376
boat 0.0015 201 311 354 375
boat 0.0015 179 203 488 328
boat 0.0011 142 137 508 384
chair 0.1898 347 332 377 373
chair 0.1720 384 353 417 377
chair 0.1405 359 300 420 365
chair 0.0870 302 312 334 350
chair 0.0629 394 320 441 373
chair 0.0554 417 328 442 373
chair 0.0553 284 307 339 355
chair 0.0474 439 326 462 375
chair 0.0405 284 300 309 339
chair 0.0389 354 297 384 329
chair 0.0358 193 309 325 370
chair 0.0337 376 319 412 348
chair 0.0297 176 309 226 362
chair 0.0259 293 268 328 286
chair 0.0250 75 313 217 376
chair 0.0232 450 314 498 376
chair 0.0177 280 265 315 287
chair 0.0175 416 312 448 349
chair 0.0148 374 340 415 370
chair 0.0146 438 293 475 373
chair 0.0094 87 335 117 372
chair 0.0090 402 313 434 353
chair 0.0087 313 267 360 286
chair 0.0086 184 315 219 350
chair 0.0086 319 304 428 373
chair 0.0077 335 299 376 364
chair 0.0074 363 299 417 326
chair 0.0069 396 300 442 321
chair 0.0068 459 356 496 375
chair 0.0067 107 318 176 373
chair 0.0066 319 270 393 287
chair 0.0066 85 306 340 373
chair 0.0060 352 295 403 339
chair 0.0058 479 326 500 375
chair 0.0056 305 305 366 360
chair 0.0056 401 297 497 373
chair 0.0055 77 325 138 372
chair 0.0055 437 309 459 356
chair 0.0048 263 244 413 299
chair 0.0046 249 297 417 366
chair 0.0042 441 293 469 326
chair 0.0036 243 272 418 340
chair 0.0032 4 324 106 371
chair 0.0030 155 247 493 372
chair 0.0029 -14 297 432 378
chair 0.0029 259 350 342 373
chair 0.0028 173 310 197 352
chair 0.0027 414 352 443 374
chair 0.0025 208 310 270 329
chair 0.0024 320 315 353 356
chair 0.0022 173 304 228 327
chair 0.0020 225 329 368 373
chair 0.0020 187 311 248 354
chair 0.0017 260 262 294 288
chair 0.0016 210 315 280 338
chair 0.0016 349 271 457 347
chair 0.0015 345 284 408 304
chair 0.0015 356 306 381 347
chair 0.0014 273 330 442 373
chair 0.0014 395 265 500 349
chair 0.0014 393 294 446 336
chair 0.0013 453 306 479 358
chair 0.0013 38 322 172 372
chair 0.0013 183 333 209 371
chair 0.0013 349 348 403 376
chair 0.0012 169 305 197 329
chair 0.0011 340 307 367 353
chair 0.0010 124 357 150 374
chair 0.0010 98 318 143 342
sofa 0.0047 155 247 493 372
sofa 0.0033 -14 297 432 378
sofa 0.0024 201 311 354 375
sofa 0.0018 249 297 417 366
diningtable 0.0853 -14 297 432 378
diningtable 0.0515 402 302 450 322
diningtable 0.0466 201 311 354 375
diningtable 0.0275 400 303 451 370
diningtable 0.0213 353 301 439 374
diningtable 0.0168 416 312 448 349
diningtable 0.0077 85 306 340 373
diningtable 0.0062 155 247 493 372
diningtable 0.0037 290 267 436 341
diningtable 0.0032 417 328 442 373
diningtable 0.0029 386 295 478 374
diningtable 0.0027 441 293 469 326
diningtable 0.0026 402 313 434 353
diningtable 0.0025 363 299 417 326
diningtable 0.0019 8 328 88 348
diningtable 0.0016 349 271 457 347
diningtable 0.0016 385 354 425 375
diningtable 0.0016 401 329 434 372
diningtable 0.0015 289 214 505 377
diningtable 0.0015 376 319 412 348
diningtable 0.0013 439 326 462 375
diningtable 0.0012 177 312 312 354
tvmonitor 0.0110 302 312 334 350
tvmonitor 0.0101 285 304 311 343
tvmonitor 0.0085 193 309 325 370
tvmonitor 0.0048 347 332 377 373
tvmonitor 0.0029 210 315 280 338
tvmonitor 0.0021 354 297 384 329
tvmonitor 0.0020 284 307 339 355
tvmonitor 0.0015 384 353 417 377
tvmonitor 0.0014 86 289 425 381
tvmonitor 0.0012 217 319 290 345
tvmonitor 0.0010 259 350 342 373
