person 0.0021 313 176 334 346
person 0.0014 -4 52 64 429
cat 0.0127 109 125 289 428
dog 0.0047 13 39 257 454
dog 0.0019 109 125 289 428
horse 0.0057 4 -12 178 438
horse 0.0013 33 108 296 450
sheep 0.2530 32 58 300 448
sheep 0.1569 148 20 339 329
sheep 0.0764 3 44 162 440
sheep 0.0218 5 -2 334 284
sheep 0.0062 159 -2 328 40
sheep 0.0058 51 0 266 57
sheep 0.0045 128 85 281 353
sheep 0.0029 257 0 331 15
sheep 0.0029 3 1 174 206
sheep 0.0029 238 0 311 13
sheep 0.0024 223 83 336 409
sheep 0.0021 12 -1 160 43
sheep 0.0018 91 -1 299 30
sheep 0.0016 1 -8 259 131
sheep 0.0015 113 -4 320 213
sheep 0.0014 277 205 335 381
sheep 0.0013 164 0 320 106
sheep 0.0011 234 -1 333 104
sheep 0.0010 116 2 277 91
cow 0.0949 33 108 296 450
cow 0.0756 3 44 162 440
