person 0.0427 285 121 310 167
person 0.0239 301 125 334 162
person 0.0194 115 79 141 117
person 0.0158 276 93 292 134
person 0.0145 281 137 302 167
person 0.0124 436 126 463 157
person 0.0091 285 105 312 134
person 0.0089 323 123 350 161
person 0.0050 385 127 414 157
person 0.0049 281 91 304 121
person 0.0048 407 129 456 158
person 0.0047 90 80 123 115
person 0.0044 480 122 500 155
person 0.0038 273 122 297 170
person 0.0028 396 126 430 155
person 0.0024 210 67 232 100
person 0.0023 296 110 336 134
person 0.0023 322 110 351 137
person 0.0023 227 72 262 100
person 0.0020 67 63 99 96
person 0.0019 275 63 296 101
person 0.0019 72 80 98 120
person 0.0018 207 77 228 127
person 0.0018 454 120 486 153
person 0.0017 240 65 272 103
person 0.0017 250 127 276 164
person 0.0014 281 66 310 96
person 0.0013 341 125 368 159
person 0.0013 480 91 498 146
person 0.0013 477 72 500 204
person 0.0012 8 68 51 95
bicycle 0.0026 323 123 350 161
bicycle 0.0016 301 125 334 162
bicycle 0.0014 281 137 302 167
car 0.0082 152 90 212 150
car 0.0052 167 103 207 135
car 0.0019 411 141 445 162
car 0.0019 152 62 210 134
car 0.0017 407 129 456 158
car 0.0016 136 93 190 116
car 0.0012 159 90 213 119
motorbike 0.0011 323 123 350 161
aeroplane 0.0024 482 70 499 103
aeroplane 0.0012 2 54 117 115
bus 0.0018 480 91 498 146
bus 0.0013 152 62 210 134
train 0.5806 209 44 448 172
train 0.2053 385 68 498 160
train 0.0892 -7 39 270 174
train 0.0872 11 56 165 157
train 0.0618 25 23 471 198
train 0.0496 131 68 214 152
train 0.0260 478 76 500 159
train 0.0221 445 87 499 151
train 0.0212 407 129 456 158
train 0.0110 358 35 508 181
train 0.0101 225 56 360 164
train 0.0088 190 65 300 171
train 0.0067 457 103 487 145
train 0.0063 307 76 485 161
train 0.0060 403 81 462 153
train 0.0054 480 122 500 155
train 0.0052 2 54 117 115
train 0.0042 154 65 271 156
train 0.0042 173 90 224 149
train 0.0038 174 62 219 134
train 0.0035 436 126 463 157
train 0.0033 454 120 486 153
train 0.0029 441 109 469 142
train 0.0024 180 105 213 138
train 0.0019 412 82 447 116
train 0.0019 374 41 500 105
train 0.0019 63 79 227 162
train 0.0018 425 73 481 130
train 0.0014 3 65 97 169
train 0.0014 440 79 469 116
train 0.0014 439 83 500 209
train 0.0011 1 79 340 207
boat 0.0048 152 62 210 134
boat 0.0030 129 63 201 111
boat 0.0015 133 73 192 99
horse 0.0047 115 79 141 117
horse 0.0025 34 74 215 162
horse 0.0020 91 73 146 122
horse 0.0012 301 125 334 162
horse 0.0010 323 123 350 161
