person 0.1929 247 7 496 162
person 0.0292 153 68 494 326
person 0.0092 0 93 133 322
person 0.0073 239 2 357 91
person 0.0038 77 -15 505 221
person 0.0034 23 53 338 338
person 0.0021 336 0 449 48
person 0.0020 168 4 424 122
person 0.0011 435 8 498 154
bicycle 0.0026 43 27 390 321
car 0.0012 84 18 493 325
car 0.0010 186 152 487 333
cat 0.4962 109 60 326 321
cat 0.0880 84 18 493 325
cat 0.0075 33 82 234 321
cat 0.0035 180 110 472 310
dog 0.0072 153 68 494 326
bottle 0.0018 247 7 496 162
chair 0.0084 69 27 423 321
chair 0.0035 0 93 133 322
chair 0.0016 186 152 487 333
chair 0.0014 2 7 288 329
sofa 0.0288 84 18 493 325
sofa 0.0147 0 93 133 322
sofa 0.0096 23 53 338 338
sofa 0.0041 186 152 487 333
sofa 0.0020 5 155 263 334
sofa 0.0012 247 7 496 162
sofa 0.0011 -28 201 449 338
diningtable 0.0094 43 27 390 321
diningtable 0.0011 215 144 498 332
