person 0.0504 340 154 362 198
person 0.0478 79 148 103 182
person 0.0257 74 155 99 185
person 0.0141 333 153 353 200
person 0.0132 270 179 289 220
person 0.0120 306 149 325 202
person 0.0117 229 178 251 208
person 0.0109 114 159 145 194
person 0.0093 341 143 361 181
person 0.0088 337 141 370 212
person 0.0086 246 175 260 223
person 0.0084 284 155 307 199
person 0.0083 324 139 353 215
person 0.0076 362 160 383 196
person 0.0063 328 184 352 213
person 0.0059 278 158 319 234
person 0.0059 383 160 406 191
person 0.0055 145 157 180 195
person 0.0045 103 149 150 198
person 0.0043 63 182 100 207
person 0.0042 282 175 307 220
person 0.0042 169 157 190 200
person 0.0041 303 138 329 220
person 0.0039 0 176 16 213
person 0.0037 148 145 182 180
person 0.0036 340 183 376 210
person 0.0035 261 157 294 234
person 0.0033 335 137 352 184
person 0.0032 0 188 13 232
person 0.0027 275 154 292 198
person 0.0025 306 176 331 216
person 0.0025 0 153 14 209
person 0.0025 196 180 219 212
person 0.0022 208 162 238 199
person 0.0021 87 144 120 181
person 0.0020 207 178 240 204
person 0.0020 74 178 142 219
person 0.0020 74 148 140 201
person 0.0019 128 179 161 203
person 0.0019 -1 149 16 320
person 0.0018 55 166 88 193
person 0.0017 83 159 125 188
person 0.0017 360 141 380 181
person 0.0017 51 181 89 204
person 0.0014 224 166 247 203
person 0.0012 140 137 186 191
person 0.0012 74 136 133 184
person 0.0012 357 183 381 209
person 0.0011 125 143 149 181
person 0.0011 166 145 194 176
person 0.0011 108 174 147 205
person 0.0011 109 145 143 181
person 0.0010 63 145 103 201
person 0.0010 158 145 201 206
car 0.3748 0 176 16 213
car 0.3225 8 180 36 201
car 0.0337 35 178 62 202
car 0.0156 0 188 13 232
car 0.0111 0 153 14 209
car 0.0070 34 163 63 194
car 0.0044 51 181 89 204
car 0.0030 469 201 500 232
car 0.0024 10 157 36 203
car 0.0017 55 166 88 193
car 0.0015 463 180 493 224
car 0.0013 36 151 67 175
car 0.0011 63 182 100 207
bus 0.9661 14 44 491 340
bus 0.7442 448 94 500 224
bus 0.1007 470 110 499 239
bus 0.0507 10 157 36 203
bus 0.0426 0 153 14 209
bus 0.0414 34 163 63 194
bus 0.0206 466 162 499 233
bus 0.0201 0 176 16 213
bus 0.0138 8 180 36 201
bus 0.0075 477 180 499 223
bus 0.0059 1 145 21 214
bus 0.0055 480 141 500 181
bus 0.0050 450 92 498 150
bus 0.0046 36 151 67 175
bus 0.0044 463 180 493 224
bus 0.0038 26 149 68 199
bus 0.0035 55 166 88 193
bus 0.0030 42 139 93 212
bus 0.0029 166 90 470 302
bus 0.0028 35 178 62 202
bus 0.0017 11 148 37 174
bus 0.0013 455 143 488 181
bus 0.0012 453 99 491 128
bus 0.0010 21 135 88 238
train 0.0021 443 86 498 229
train 0.0017 46 55 525 333
