person 0.0541 33 15 467 365
person 0.0099 454 2 500 121
person 0.0039 25 -2 186 83
person 0.0027 115 158 390 362
person 0.0027 457 1 499 58
person 0.0014 123 109 376 251
person 0.0011 432 15 502 147
cat 0.2981 183 41 467 193
cat 0.0216 123 109 376 251
cat 0.0056 152 31 489 349
cat 0.0054 208 140 362 239
cat 0.0030 122 109 301 205
cat 0.0017 325 49 474 150
cat 0.0015 4 166 271 356
cat 0.0014 305 39 489 242
cat 0.0010 264 164 378 238
dog 0.7038 4 166 271 356
dog 0.5152 183 41 467 193
dog 0.2053 123 109 376 251
dog 0.1042 -2 77 356 368
dog 0.0438 152 31 489 349
dog 0.0118 115 158 390 362
dog 0.0093 208 140 362 239
dog 0.0070 334 48 472 117
dog 0.0040 132 128 284 223
dog 0.0039 104 108 252 192
dog 0.0028 305 39 489 242
dog 0.0015 9 205 124 342
dog 0.0015 79 269 209 353
dog 0.0012 389 41 488 124
dog 0.0010 283 46 446 167
bottle 0.0044 25 -1 172 76
bottle 0.0029 81 0 128 58
bottle 0.0016 113 1 177 53
bottle 0.0015 40 8 92 77
bottle 0.0015 0 6 15 120
bottle 0.0015 94 0 157 56
bottle 0.0012 61 19 85 54
chair 0.0290 33 15 467 365
chair 0.0132 -9 -2 223 235
chair 0.0074 -12 80 299 363
chair 0.0064 25 -2 186 83
chair 0.0016 454 2 500 121
chair 0.0013 123 109 376 251
chair 0.0010 169 31 484 252
sofa 0.3089 69 57 504 378
sofa 0.0303 -4 127 354 380
sofa 0.0248 -9 -2 223 235
sofa 0.0041 -7 4 366 309
sofa 0.0035 71 7 509 241
sofa 0.0033 207 1 460 76
sofa 0.0023 115 158 390 362
sofa 0.0023 101 92 325 225
sofa 0.0015 251 -8 526 373
sofa 0.0014 51 166 281 352
sofa 0.0012 -4 61 126 312
sofa 0.0010 52 205 516 371
diningtable 0.0017 -6 -5 215 166
