person 0.0145 143 209 207 237
person 0.0058 166 208 219 235
person 0.0050 303 276 322 323
person 0.0041 195 204 232 230
person 0.0034 198 190 229 220
person 0.0030 123 207 152 242
person 0.0026 0 92 49 164
person 0.0024 113 224 133 258
person 0.0020 216 203 246 234
person 0.0013 284 294 303 332
person 0.0013 220 185 245 223
person 0.0013 131 203 180 244
person 0.0011 155 189 197 220
person 0.0011 118 222 155 251
car 0.0033 90 155 325 387
aeroplane 0.0013 94 132 324 384
bus 0.1300 94 132 324 384
train 0.9207 94 132 324 384
train 0.0010 6 0 341 112
boat 0.0016 90 155 325 387
horse 0.0041 94 132 324 384
chair 0.0015 0 92 49 164
