person 0.5374 6 30 302 396
person 0.1191 0 64 33 259
person 0.1156 32 59 271 280
person 0.0943 1 32 136 245
person 0.0236 -2 40 55 234
person 0.0206 0 32 81 317
person 0.0182 25 165 201 421
person 0.0165 157 255 231 379
person 0.0115 133 48 315 371
person 0.0074 -6 47 154 369
person 0.0066 0 38 39 171
person 0.0043 -1 93 23 341
person 0.0040 199 250 312 348
person 0.0033 -6 160 301 497
person 0.0026 -7 133 90 355
person 0.0020 -2 121 57 282
person 0.0019 0 89 26 159
person 0.0015 139 239 315 392
person 0.0014 0 214 80 328
person 0.0012 27 37 134 150
person 0.0011 175 58 218 154
bicycle 0.0024 203 235 317 351
bicycle 0.0019 139 239 315 392
bicycle 0.0015 157 255 231 379
motorbike 0.0011 199 250 312 348
cat 0.0263 28 227 189 492
cat 0.0040 101 137 203 236
cat 0.0014 157 255 231 379
dog 0.6109 28 227 189 492
dog 0.0483 65 226 167 338
dog 0.0213 151 259 222 381
dog 0.0114 52 195 230 397
dog 0.0045 62 258 171 382
dog 0.0020 0 205 77 324
dog 0.0019 0 38 39 171
dog 0.0018 -5 220 308 497
dog 0.0017 32 59 271 280
dog 0.0015 139 239 315 392
dog 0.0014 -3 171 163 390
dog 0.0014 68 229 138 291
dog 0.0012 84 266 159 322
dog 0.0011 158 260 206 326
horse 0.0278 151 259 222 381
horse 0.0242 28 227 189 492
cow 0.0020 28 227 189 492
cow 0.0017 151 259 222 381
bottle 0.0019 175 58 218 154
bottle 0.0013 181 261 209 290
chair 0.0207 6 30 302 396
chair 0.0067 32 59 271 280
chair 0.0038 143 208 314 378
chair 0.0028 203 235 317 351
chair 0.0018 25 165 201 421
chair 0.0011 0 214 80 328
sofa 0.0650 -3 27 312 333
sofa 0.0116 -20 94 252 479
sofa 0.0066 1 32 136 245
sofa 0.0022 25 165 201 421
sofa 0.0015 8 62 221 284
sofa 0.0013 178 49 325 364
sofa 0.0010 203 235 317 351
pottedplant 0.0036 0 83 24 246
tvmonitor 0.0012 149 1 369 123
