person 0.1041 269 186 286 215
person 0.0311 430 56 499 181
person 0.0107 432 111 500 174
person 0.0090 394 17 501 358
person 0.0059 281 122 307 160
person 0.0043 263 144 289 167
person 0.0035 182 124 215 149
person 0.0033 279 141 312 166
person 0.0031 0 86 21 302
person 0.0031 212 0 515 371
person 0.0030 432 15 500 282
person 0.0027 468 86 500 198
person 0.0015 245 148 280 170
person 0.0013 468 121 501 150
person 0.0013 234 159 331 217
person 0.0013 308 101 421 184
person 0.0013 414 96 496 215
person 0.0010 301 124 329 158
car 0.0010 162 124 208 149
boat 0.0011 269 186 286 215
bird 0.0037 269 186 286 215
dog 0.1815 269 186 286 215
horse 0.0024 394 17 501 358
horse 0.0016 259 1 532 370
horse 0.0011 269 186 286 215
cow 0.0017 269 186 286 215
