person 0.0028 200 84 444 332
person 0.0022 65 147 308 323
car 0.0011 402 67 502 328
aeroplane 0.0020 402 67 502 328
boat 0.0029 402 67 502 328
cat 0.9133 99 86 299 304
cat 0.0040 19 43 345 361
dog 0.0071 78 111 299 308
bottle 0.0012 34 0 63 33
chair 0.0399 65 147 308 323
chair 0.0289 402 67 502 328
chair 0.0203 73 232 440 332
chair 0.0074 18 13 335 321
chair 0.0061 47 161 512 331
chair 0.0059 -2 232 114 325
chair 0.0054 0 193 108 289
chair 0.0041 307 287 418 335
chair 0.0030 176 4 265 46
chair 0.0027 54 4 281 47
chair 0.0018 410 262 447 328
chair 0.0016 359 60 468 335
chair 0.0015 395 242 499 328
chair 0.0014 326 246 481 332
chair 0.0014 96 285 158 331
chair 0.0013 386 231 441 248
chair 0.0011 0 -1 119 326
sofa 0.0119 20 176 466 327
sofa 0.0025 82 52 480 350
sofa 0.0018 199 218 443 332
sofa 0.0012 54 4 281 47
sofa 0.0011 65 147 308 323
sofa 0.0010 18 13 335 321
diningtable 0.0208 164 233 468 316
diningtable 0.0058 20 176 466 327
diningtable 0.0035 395 242 499 328
diningtable 0.0024 65 147 308 323
