person 0.1163 121 129 142 171
person 0.0666 284 148 316 182
person 0.0554 276 122 321 182
person 0.0418 304 132 337 169
person 0.0372 282 130 312 171
person 0.0348 291 124 339 178
person 0.0319 94 127 116 170
person 0.0238 258 118 296 186
person 0.0199 74 127 94 170
person 0.0175 457 108 479 141
person 0.0096 224 133 246 171
person 0.0084 264 128 288 179
person 0.0078 254 125 273 178
person 0.0070 304 123 360 180
person 0.0065 337 118 376 183
person 0.0064 312 152 356 180
person 0.0061 318 130 348 168
person 0.0057 253 116 347 188
person 0.0055 354 116 392 183
person 0.0050 251 115 282 182
person 0.0041 442 183 464 218
person 0.0040 342 146 368 183
person 0.0035 444 106 494 180
person 0.0033 340 124 364 174
person 0.0026 171 192 199 223
person 0.0023 382 147 406 181
person 0.0023 361 144 388 183
person 0.0023 117 127 143 203
person 0.0022 180 192 213 225
person 0.0021 372 117 418 182
person 0.0015 219 194 235 231
person 0.0014 280 114 392 186
person 0.0013 154 131 179 171
person 0.0013 189 131 212 171
person 0.0013 220 113 255 173
person 0.0010 54 129 73 169
car 0.0358 362 279 503 335
car 0.0214 440 176 465 209
car 0.0058 456 175 496 201
car 0.0026 440 176 499 227
car 0.0015 16 48 480 306
car 0.0011 414 224 437 262
car 0.0011 454 191 496 222
aeroplane 0.0020 365 11 500 60
bus 0.9282 16 48 480 306
bus 0.0039 230 75 477 295
bus 0.0016 435 15 502 338
bus 0.0010 441 169 498 219
train 0.0154 -31 35 454 272
train 0.0026 -5 76 61 219
bird 0.0012 457 108 479 141
chair 0.0158 1 293 61 353
chair 0.0029 0 258 24 350
chair 0.0012 10 299 54 336
diningtable 0.0028 362 279 503 335
