person 0.0010 221 251 254 277
aeroplane 0.0599 18 99 345 397
aeroplane 0.0029 138 5 499 361
bird 0.5466 105 112 317 301
bird 0.0556 18 99 345 397
bird 0.0217 208 110 301 262
bird 0.0134 190 217 251 276
bird 0.0113 369 194 389 233
bird 0.0071 56 13 437 354
bird 0.0069 221 251 254 277
bird 0.0039 223 229 252 272
bird 0.0021 326 152 372 212
bird 0.0019 157 217 260 287
bird 0.0019 207 231 242 273
bird 0.0018 336 166 367 205
bird 0.0017 475 97 500 281
bird 0.0015 325 163 353 202
bird 0.0013 299 215 320 251
bird 0.0013 452 108 499 184
bird 0.0013 122 197 139 253
bird 0.0012 432 176 457 208
bird 0.0011 451 134 500 237
bird 0.0010 343 190 372 221
pottedplant 0.0016 398 264 500 382
