person 0.4382 146 121 177 165
person 0.2932 187 116 215 163
person 0.1339 168 119 194 166
person 0.0980 200 144 229 176
person 0.0684 132 122 156 164
person 0.0516 133 138 164 169
person 0.0423 484 109 498 159
person 0.0407 245 142 266 177
person 0.0306 419 78 435 125
person 0.0291 124 115 138 161
person 0.0234 104 34 401 274
person 0.0216 192 106 216 145
person 0.0179 204 115 229 159
person 0.0162 282 130 304 180
person 0.0139 95 102 112 147
person 0.0101 196 110 236 175
person 0.0069 126 114 171 166
person 0.0068 482 77 499 162
person 0.0066 186 124 228 179
person 0.0055 463 109 483 159
person 0.0054 459 102 489 144
person 0.0049 230 140 254 175
person 0.0047 267 136 291 177
person 0.0045 119 134 139 170
person 0.0035 158 123 199 179
person 0.0032 172 109 199 141
person 0.0031 458 99 486 177
person 0.0028 426 97 446 145
person 0.0028 486 69 499 133
person 0.0024 244 158 275 183
person 0.0020 147 110 178 140
person 0.0019 178 99 223 156
person 0.0019 433 99 463 140
person 0.0018 305 111 335 202
person 0.0017 381 44 404 72
person 0.0016 111 91 139 183
person 0.0016 409 78 431 125
person 0.0015 48 108 85 135
person 0.0014 455 89 494 156
person 0.0014 247 122 270 165
person 0.0013 229 119 248 167
person 0.0012 369 34 389 61
person 0.0012 267 123 293 162
person 0.0012 485 51 499 108
person 0.0012 205 105 226 145
person 0.0012 280 166 302 193
person 0.0010 93 83 118 189
person 0.0010 255 124 299 186
person 0.0010 154 99 266 192
car 0.0179 426 97 446 145
car 0.0168 426 118 448 151
car 0.0141 485 93 499 156
car 0.0095 419 78 435 125
car 0.0074 415 79 445 151
car 0.0072 459 102 489 144
car 0.0057 455 89 494 156
car 0.0047 433 99 463 140
car 0.0044 429 106 476 165
car 0.0042 403 74 431 168
car 0.0037 414 100 448 171
car 0.0025 432 115 464 156
car 0.0016 458 99 486 177
car 0.0015 408 87 426 146
car 0.0014 463 109 483 159
car 0.0013 409 78 431 125
car 0.0012 425 140 452 168
car 0.0011 409 109 425 165
bus 0.9466 87 45 427 270
bus 0.9401 25 46 118 190
bus 0.0012 403 79 427 199
bus 0.0010 485 93 499 156
train 0.0104 109 38 443 272
train 0.0011 25 46 118 190
boat 0.0010 27 43 112 189
chair 0.0063 200 144 229 176
