person 0.0026 -2 314 94 426
person 0.0018 -6 103 315 474
person 0.0013 168 102 292 461
bottle 0.9028 168 27 292 385
bottle 0.0310 178 7 282 204
bottle 0.0040 102 84 218 344
bottle 0.0039 0 -11 311 356
bottle 0.0037 146 113 269 456
bottle 0.0024 212 74 305 435
bottle 0.0013 173 270 295 461
bottle 0.0011 62 140 244 439
chair 0.0075 -5 151 76 258
chair 0.0032 3 153 60 219
chair 0.0025 27 59 199 371
chair 0.0012 0 156 34 251
chair 0.0012 121 -1 323 39
diningtable 0.1621 -43 394 362 494
diningtable 0.0612 -6 103 315 474
diningtable 0.0373 -6 311 326 501
diningtable 0.0065 -13 453 335 498
diningtable 0.0047 14 248 145 458
diningtable 0.0035 -2 314 94 426
diningtable 0.0030 168 102 292 461
diningtable 0.0022 78 -1 326 29
diningtable 0.0013 62 140 244 439
diningtable 0.0013 90 -1 313 56
diningtable 0.0012 -57 361 216 508
