person 0.1207 234 100 259 135
person 0.1154 288 103 322 135
person 0.0230 237 95 285 146
person 0.0203 293 98 343 147
person 0.0181 257 98 294 133
person 0.0112 42 92 89 149
person 0.0084 369 111 388 143
person 0.0084 46 123 74 152
person 0.0055 342 106 357 145
person 0.0052 0 92 28 144
person 0.0050 224 95 264 141
person 0.0042 205 101 237 129
person 0.0031 1 84 42 153
person 0.0031 486 109 500 162
person 0.0028 246 92 281 120
person 0.0026 481 96 499 145
person 0.0023 353 127 383 149
person 0.0022 225 93 258 119
person 0.0020 282 92 318 117
person 0.0018 461 102 487 139
person 0.0018 68 99 92 142
person 0.0014 109 85 181 216
person 0.0014 2 116 26 150
person 0.0014 378 108 396 146
person 0.0013 198 76 347 155
person 0.0012 35 155 150 296
person 0.0011 100 131 124 153
person 0.0011 273 77 323 134
person 0.0010 464 65 489 93
person 0.0010 0 47 28 166
bicycle 0.0069 353 127 383 149
bicycle 0.0064 370 131 415 151
bicycle 0.0059 403 132 438 152
bicycle 0.0023 35 155 150 296
bicycle 0.0010 485 197 500 264
car 0.4932 432 85 501 237
car 0.2994 412 131 439 153
car 0.2935 0 73 176 305
car 0.2292 353 127 383 149
car 0.0305 370 131 415 151
car 0.0086 414 140 443 175
car 0.0066 93 30 479 358
car 0.0039 355 115 458 197
car 0.0037 24 131 144 226
car 0.0027 303 135 432 185
car 0.0025 35 155 150 296
car 0.0023 479 120 500 272
car 0.0019 174 35 468 187
car 0.0018 178 71 349 155
car 0.0018 289 146 456 199
car 0.0017 1 314 136 369
car 0.0017 408 130 451 187
car 0.0014 408 106 446 168
car 0.0014 318 67 501 243
car 0.0012 109 85 181 216
car 0.0011 339 121 482 234
car 0.0011 369 111 388 143
car 0.0010 10 115 111 252
motorbike 0.7938 -40 28 468 354
motorbike 0.0412 20 116 163 324
motorbike 0.0396 416 106 498 247
motorbike 0.0256 412 131 439 153
motorbike 0.0040 322 89 487 280
motorbike 0.0026 353 127 383 149
motorbike 0.0023 370 131 415 151
motorbike 0.0020 479 169 499 266
motorbike 0.0020 346 131 462 230
motorbike 0.0018 40 148 138 288
motorbike 0.0016 414 140 443 175
motorbike 0.0014 485 197 500 264
motorbike 0.0010 408 130 451 187
bus 0.0218 436 86 501 261
bus 0.0010 353 127 383 149
train 0.0041 15 32 480 360
train 0.0026 312 -4 488 156
train 0.0010 174 35 468 187
chair 0.0023 353 127 383 149
