person 0.7644 121 18 449 317
person 0.0787 253 143 466 328
person 0.0217 139 22 294 315
person 0.0058 178 151 397 331
person 0.0038 236 -10 485 193
person 0.0021 323 2 484 322
person 0.0015 -3 3 293 337
bottle 0.1783 214 194 307 282
bottle 0.0034 227 157 324 272
bottle 0.0031 279 176 315 205
bottle 0.0023 178 151 397 331
bottle 0.0018 268 177 301 207
chair 0.0781 121 18 449 317
chair 0.0089 342 -9 483 193
chair 0.0051 238 8 482 244
chair 0.0032 181 102 393 306
chair 0.0031 253 143 466 328
chair 0.0015 368 2 493 319
chair 0.0014 -3 3 293 337
sofa 0.0621 103 17 408 318
sofa 0.0066 236 -10 485 193
sofa 0.0044 -3 3 293 337
sofa 0.0020 368 2 493 319
sofa 0.0019 375 227 503 330
sofa 0.0012 15 121 411 349
sofa 0.0010 124 224 457 329
sofa 0.0010 253 143 466 328
diningtable 0.0175 101 221 390 325
diningtable 0.0065 82 283 335 331
diningtable 0.0059 152 253 363 328
diningtable 0.0056 151 228 275 327
diningtable 0.0015 35 189 464 356
diningtable 0.0013 375 227 503 330
