bicycle 0.6845 61 53 449 314
bicycle 0.0176 255 94 479 302
bicycle 0.0070 65 -10 283 33
bicycle 0.0046 165 -6 406 29
bicycle 0.0040 45 69 313 245
bicycle 0.0035 -1 -2 103 46
bicycle 0.0034 5 -4 319 50
bicycle 0.0033 290 -3 501 28
bicycle 0.0023 3 41 294 333
bicycle 0.0021 121 77 451 228
bicycle 0.0020 164 1 333 37
bicycle 0.0017 371 -1 421 26
bus 0.0060 41 46 396 322
train 0.0046 12 32 416 285
boat 0.0079 41 46 396 322
bird 0.0013 342 106 398 157
bird 0.0010 312 204 359 229
bottle 0.0026 253 167 299 226
bottle 0.0015 308 198 338 230
