person 0.0727 119 25 170 143
person 0.0495 124 -2 298 173
person 0.0084 122 29 214 185
person 0.0031 128 29 161 63
person 0.0028 168 -1 211 47
person 0.0018 168 3 272 69
person 0.0017 244 15 360 141
person 0.0014 101 -2 252 71
bicycle 0.4908 120 0 387 375
bicycle 0.2348 138 10 363 201
bicycle 0.1143 117 10 255 202
bicycle 0.0654 157 142 371 358
bicycle 0.0173 123 36 195 201
bicycle 0.0031 139 55 225 215
bicycle 0.0030 121 81 168 156
bicycle 0.0030 143 115 185 202
bicycle 0.0027 120 16 215 150
bicycle 0.0027 188 155 320 287
bicycle 0.0011 156 13 288 154
motorbike 0.0201 137 3 365 166
motorbike 0.0067 120 0 387 375
motorbike 0.0035 117 10 255 202
motorbike 0.0017 270 20 365 135
boat 0.0024 120 0 387 375
bird 0.0195 260 121 289 153
bird 0.0084 366 155 397 176
bird 0.0077 316 207 360 231
bird 0.0028 316 186 344 211
bird 0.0010 477 255 499 279
bird 0.0010 304 193 361 241
horse 0.0020 118 35 179 160
bottle 0.0053 120 97 137 149
bottle 0.0025 123 112 140 155
bottle 0.0025 260 121 289 153
bottle 0.0017 179 70 221 165
bottle 0.0016 199 99 218 147
bottle 0.0016 237 91 253 151
bottle 0.0015 200 137 228 173
bottle 0.0011 233 89 256 187
chair 0.0123 118 30 178 174
chair 0.0012 121 81 168 156
pottedplant 0.0028 473 204 500 275
pottedplant 0.0027 473 242 499 274
