person 0.1588 202 259 235 284
person 0.0360 223 256 251 284
person 0.0048 214 63 260 91
person 0.0048 146 65 182 96
person 0.0041 240 65 275 91
person 0.0029 160 77 195 100
person 0.0024 478 3 500 30
person 0.0012 105 63 143 95
car 0.8713 48 63 452 221
car 0.0121 -3 238 260 281
car 0.0067 181 97 462 245
car 0.0056 152 55 331 96
car 0.0050 -32 209 452 284
car 0.0045 183 7 471 128
car 0.0038 312 5 360 29
car 0.0036 53 234 451 279
car 0.0035 134 51 357 131
car 0.0033 97 46 304 104
car 0.0032 -29 135 460 277
car 0.0032 299 6 339 30
car 0.0030 335 5 366 25
car 0.0019 268 3 295 32
car 0.0019 222 3 244 33
car 0.0015 188 40 381 103
car 0.0012 240 17 410 109
car 0.0010 159 -2 343 54
car 0.0010 362 2 463 123
car 0.0010 8 187 256 255
bus 0.0122 252 0 477 133
bus 0.0048 362 2 463 123
bus 0.0034 381 1 492 200
bus 0.0011 240 17 410 109
train 0.0052 381 1 492 200
dog 0.0020 109 103 147 125
