person 0.0456 329 125 417 288
person 0.0144 378 137 413 213
person 0.0118 7 195 35 218
person 0.0107 68 180 288 356
person 0.0084 400 136 415 200
person 0.0052 382 136 410 164
person 0.0046 395 131 427 241
person 0.0040 35 159 462 349
person 0.0040 335 136 375 164
person 0.0039 249 175 327 276
person 0.0034 397 134 414 164
person 0.0029 291 163 332 293
person 0.0029 279 145 435 346
person 0.0023 277 184 383 315
person 0.0022 269 152 404 266
person 0.0015 280 181 325 267
person 0.0013 367 150 424 263
person 0.0013 189 146 383 220
person 0.0013 391 136 409 196
person 0.0012 288 175 332 240
person 0.0012 125 118 449 254
person 0.0011 402 177 426 217
person 0.0011 370 194 415 224
person 0.0011 353 135 404 163
person 0.0010 259 179 286 213
bicycle 0.0010 353 188 476 271
car 0.0037 1 126 419 240
car 0.0021 329 125 417 288
car 0.0019 370 194 415 224
car 0.0019 76 153 365 191
car 0.0015 450 133 493 162
car 0.0012 15 159 405 207
car 0.0012 -12 58 436 307
car 0.0012 1 194 32 218
car 0.0011 406 124 498 223
car 0.0010 367 150 424 263
aeroplane 0.0096 -13 91 436 365
aeroplane 0.0021 1 126 419 240
bus 0.0010 -13 91 436 365
boat 0.0019 -12 58 436 307
boat 0.0015 2 164 324 215
boat 0.0015 60 152 507 356
boat 0.0011 1 126 419 240
bird 0.0033 379 309 400 340
dog 0.0111 35 159 462 349
dog 0.0010 68 180 288 356
horse 0.1395 301 131 421 317
horse 0.1251 35 159 462 349
horse 0.0515 68 180 288 356
horse 0.0314 349 151 432 273
horse 0.0116 233 155 421 349
horse 0.0109 402 136 492 241
horse 0.0072 394 174 493 268
horse 0.0071 395 131 427 241
horse 0.0062 371 137 417 234
horse 0.0044 370 123 497 314
horse 0.0041 310 184 396 309
horse 0.0039 401 184 426 223
horse 0.0032 396 137 419 214
horse 0.0031 331 107 473 278
horse 0.0027 330 129 416 224
horse 0.0023 85 47 490 325
horse 0.0019 409 85 496 198
horse 0.0014 90 255 256 343
horse 0.0013 382 136 410 164
horse 0.0013 359 134 461 245
horse 0.0010 103 206 261 313
sheep 0.0021 35 159 462 349
sheep 0.0016 88 182 318 352
cow 0.0130 35 159 462 349
