person 0.0017 94 48 411 170
person 0.0016 16 72 341 237
person 0.0013 235 142 312 251
person 0.0011 225 81 300 232
aeroplane 0.0094 16 72 341 237
aeroplane 0.0010 52 26 445 279
bird 0.1254 12 92 342 254
bird 0.0301 240 143 283 249
bird 0.0260 295 284 333 322
bird 0.0112 266 284 333 336
bird 0.0053 281 291 322 326
bird 0.0053 247 291 314 337
bird 0.0023 285 280 318 311
bird 0.0023 268 310 302 338
bird 0.0022 319 287 339 319
bird 0.0014 291 30 423 139
bird 0.0010 51 38 444 330
bird 0.0010 235 155 320 263
dog 0.0015 16 72 341 237
sheep 0.0017 16 72 341 237
cow 0.0624 16 72 341 237
cow 0.0097 51 38 444 330
