person 0.0026 0 282 14 374
person 0.0023 0 185 17 366
car 0.0025 0 255 14 377
bottle 0.0017 1 147 20 238
chair 0.8921 130 146 312 372
chair 0.8683 90 122 176 325
chair 0.6259 310 131 473 366
chair 0.3556 0 282 14 374
chair 0.1541 259 108 328 171
chair 0.1164 249 112 352 239
chair 0.0886 134 147 372 227
chair 0.0555 83 124 160 242
chair 0.0473 268 145 376 231
chair 0.0350 188 133 380 370
chair 0.0249 0 212 15 378
chair 0.0187 154 152 288 206
chair 0.0134 0 272 9 356
chair 0.0120 77 137 210 370
chair 0.0072 146 140 362 180
chair 0.0068 81 119 143 170
chair 0.0054 260 106 383 286
chair 0.0053 0 126 20 233
chair 0.0044 387 123 470 361
chair 0.0033 238 111 330 198
chair 0.0028 0 287 43 373
chair 0.0023 -1 236 9 311
chair 0.0019 148 158 333 284
chair 0.0018 42 115 145 193
chair 0.0017 84 116 133 132
chair 0.0017 243 152 334 274
chair 0.0015 10 113 100 235
chair 0.0015 285 217 312 262
chair 0.0014 274 127 321 265
chair 0.0012 172 113 347 174
chair 0.0012 252 121 297 277
sofa 0.0137 0 255 14 377
sofa 0.0057 0 185 17 366
sofa 0.0012 0 285 9 380
sofa 0.0010 -1 236 9 311
diningtable 0.2953 134 147 372 227
diningtable 0.2348 136 142 361 338
diningtable 0.0932 154 152 288 206
diningtable 0.0389 266 145 378 243
diningtable 0.0238 230 126 356 236
diningtable 0.0171 88 146 285 359
diningtable 0.0126 146 140 362 180
diningtable 0.0058 269 103 387 369
diningtable 0.0052 0 282 14 374
diningtable 0.0046 243 152 334 274
diningtable 0.0039 152 152 284 288
diningtable 0.0024 34 127 391 385
diningtable 0.0016 0 212 15 378
diningtable 0.0016 0 272 9 356
diningtable 0.0010 104 143 260 220
tvmonitor 0.6692 9 113 100 187
tvmonitor 0.0123 0 126 20 233
tvmonitor 0.0030 0 115 17 163
tvmonitor 0.0019 0 145 14 210
tvmonitor 0.0019 0 96 20 192
tvmonitor 0.0012 0 282 14 374
tvmonitor 0.0010 42 115 145 193
