person 0.4675 94 33 263 299
person 0.2157 63 -2 442 275
person 0.0537 241 1 468 174
person 0.0022 94 20 407 159
person 0.0016 225 6 429 98
cat 0.0016 87 113 154 170
dog 0.0038 87 113 154 170
chair 0.0204 45 8 457 314
chair 0.0201 245 111 468 282
chair 0.0100 39 111 232 296
chair 0.0097 94 33 263 299
chair 0.0010 162 8 429 158
sofa 0.4949 45 8 457 314
sofa 0.0360 172 117 481 273
sofa 0.0266 62 83 285 307
sofa 0.0242 -27 157 460 321
sofa 0.0074 80 184 493 290
sofa 0.0054 243 5 464 258
sofa 0.0028 26 115 190 295
sofa 0.0020 162 8 429 158
sofa 0.0019 103 22 392 232
diningtable 0.0202 73 239 497 327
diningtable 0.0026 186 268 482 317
diningtable 0.0025 169 288 502 330
diningtable 0.0024 39 146 521 325
diningtable 0.0013 162 250 471 294
diningtable 0.0012 159 222 472 280
