person 0.1538 181 214 349 375
person 0.0049 0 238 17 435
person 0.0027 286 180 307 230
person 0.0023 159 106 491 389
person 0.0023 0 361 10 431
person 0.0010 131 93 152 130
car 0.0025 167 325 342 377
train 0.0013 167 325 342 377
boat 0.0011 167 325 342 377
bottle 0.0032 0 361 12 502
bottle 0.0020 0 361 10 431
bottle 0.0011 80 319 107 360
chair 0.0063 371 270 442 393
chair 0.0048 318 261 354 339
chair 0.0032 424 261 479 331
chair 0.0029 0 361 10 431
chair 0.0027 0 356 11 477
chair 0.0019 442 259 494 336
chair 0.0017 51 228 158 359
chair 0.0011 39 241 84 351
chair 0.0011 178 308 329 378
sofa 0.0121 304 170 487 398
sofa 0.0043 173 194 479 372
sofa 0.0027 178 308 329 378
sofa 0.0022 146 273 497 391
sofa 0.0016 371 262 445 368
sofa 0.0015 207 299 437 365
sofa 0.0010 181 214 349 375
sofa 0.0010 58 129 185 357
pottedplant 0.6858 300 132 499 356
pottedplant 0.3445 54 66 189 364
pottedplant 0.0084 215 160 459 346
pottedplant 0.0033 -5 36 270 381
pottedplant 0.0031 163 322 344 379
pottedplant 0.0028 212 90 514 402
pottedplant 0.0016 411 188 499 334
pottedplant 0.0010 76 105 178 240
diningtable 0.1750 56 308 520 509
diningtable 0.0073 151 302 498 425
diningtable 0.0072 149 368 498 496
diningtable 0.0040 305 311 505 497
diningtable 0.0030 167 339 477 388
diningtable 0.0017 63 195 517 443
diningtable 0.0013 368 307 455 402
