person 0.0028 2 1 31 92
chair 0.1981 -4 134 182 343
chair 0.0578 86 336 242 374
chair 0.0170 66 179 141 218
chair 0.0155 152 146 229 255
chair 0.0108 156 149 196 246
chair 0.0057 401 125 438 144
chair 0.0047 21 228 229 367
chair 0.0044 57 142 146 217
chair 0.0035 0 292 19 375
chair 0.0032 8 260 160 367
chair 0.0022 367 77 385 123
chair 0.0022 48 297 242 371
chair 0.0019 163 136 180 172
sofa 0.4064 -7 148 181 362
sofa 0.0065 21 228 229 367
sofa 0.0023 86 336 242 374
sofa 0.0020 66 179 141 218
sofa 0.0011 -4 149 426 379
sofa 0.0010 48 142 144 239
diningtable 0.0189 154 153 237 253
diningtable 0.0010 86 336 242 374
tvmonitor 0.0036 328 33 357 76
