person 0.0028 476 325 499 373
person 0.0012 70 -11 504 385
bicycle 0.0013 7 84 167 290
bird 0.0013 133 228 229 315
bird 0.0013 2 -21 421 392
cat 0.1656 38 -17 387 326
cat 0.0021 139 96 346 285
cat 0.0013 115 2 362 227
dog 0.0996 38 -17 387 326
dog 0.0032 139 96 346 285
dog 0.0014 80 4 338 222
sheep 0.0010 70 -11 504 385
chair 0.0019 406 259 503 368
chair 0.0016 474 290 500 373
sofa 0.0032 38 -17 387 326
pottedplant 0.0092 -1 186 97 279
pottedplant 0.0032 7 84 167 290
pottedplant 0.0022 0 179 57 252
pottedplant 0.0018 475 211 499 299
pottedplant 0.0017 430 206 500 329
pottedplant 0.0011 -7 61 65 313
pottedplant 0.0010 -1 165 123 362
pottedplant 0.0010 50 125 147 244
