person 0.6131 174 78 228 153
person 0.3621 176 74 242 243
person 0.0346 80 76 261 257
person 0.0115 159 80 345 267
person 0.0092 133 88 236 229
person 0.0066 314 162 405 245
person 0.0019 5 27 416 312
person 0.0016 303 101 321 142
person 0.0016 193 216 218 251
aeroplane 0.0158 5 78 267 255
aeroplane 0.0020 0 68 133 262
aeroplane 0.0020 3 105 420 292
bird 0.0018 193 216 218 251
bird 0.0015 314 162 405 253
dog 0.9647 314 162 405 253
dog 0.0011 311 168 364 218
horse 0.0477 313 163 402 254
chair 0.0034 5 78 267 255
diningtable 0.0069 5 78 267 255
