person 0.6879 40 -1 178 59
person 0.1297 313 -6 501 325
person 0.1010 1 1 128 62
person 0.0610 0 -9 12 64
person 0.0536 113 1 182 50
person 0.0170 265 5 406 203
person 0.0149 48 0 125 52
person 0.0052 0 -1 51 56
person 0.0037 144 1 183 40
person 0.0032 288 2 393 131
person 0.0021 -1 -49 16 67
person 0.0021 -18 -11 209 82
person 0.0019 27 -18 171 38
person 0.0018 84 2 125 43
person 0.0017 75 12 133 62
person 0.0016 164 0 187 38
person 0.0013 0 -3 20 123
motorbike 0.0014 40 -1 178 59
motorbike 0.0011 126 1 185 46
bird 0.0358 78 -5 414 322
bird 0.0014 317 261 351 291
cat 0.0037 78 -5 414 322
dog 0.5714 86 15 404 356
dog 0.0382 22 -3 182 57
dog 0.0244 113 1 182 50
dog 0.0041 220 -9 513 324
dog 0.0039 265 5 406 203
dog 0.0039 -3 4 141 72
dog 0.0022 51 122 311 350
dog 0.0015 287 3 431 301
horse 0.0130 1 1 128 62
horse 0.0042 78 -5 414 322
horse 0.0016 113 1 182 50
horse 0.0014 0 -7 16 67
horse 0.0011 61 -1 185 55
sheep 0.6094 86 15 404 356
sheep 0.0325 51 122 311 350
sheep 0.0121 1 1 128 62
sheep 0.0115 220 -9 513 324
sheep 0.0045 265 5 406 203
sheep 0.0042 170 77 399 297
sheep 0.0028 287 3 431 301
sheep 0.0026 310 58 402 177
sheep 0.0014 117 164 368 343
cow 0.0125 1 1 128 62
cow 0.0039 60 85 373 351
cow 0.0032 61 -1 185 55
cow 0.0013 0 -2 17 76
cow 0.0011 267 233 321 310
chair 0.0021 78 -5 414 322
