person 0.0125 146 14 360 417
person 0.0087 56 75 381 495
person 0.0064 0 79 65 254
person 0.0032 -1 37 75 379
person 0.0016 -8 -16 319 435
person 0.0015 0 11 165 347
person 0.0011 224 87 372 484
bird 0.0022 -27 67 405 504
cat 0.1897 -27 67 405 504
cat 0.0033 5 34 244 461
cat 0.0026 -46 286 424 505
dog 0.4822 -25 -31 400 451
dog 0.0541 146 14 360 417
dog 0.0140 93 61 268 273
dog 0.0122 9 2 241 418
dog 0.0098 -30 213 407 504
dog 0.0090 2 11 377 283
cow 0.0016 -27 67 405 504
chair 0.0059 -27 67 405 504
sofa 0.1457 -25 -31 400 451
sofa 0.0032 2 11 377 283
sofa 0.0011 146 14 360 417
