person 0.9213 89 29 235 326
person 0.8975 304 79 435 300
person 0.0201 175 36 408 305
person 0.0155 168 55 248 180
person 0.0137 258 106 285 133
person 0.0100 303 104 333 134
person 0.0098 297 101 333 165
person 0.0091 285 115 309 163
person 0.0089 251 105 302 167
person 0.0060 283 96 308 137
person 0.0058 280 101 321 165
person 0.0050 219 106 254 171
person 0.0045 222 113 246 150
person 0.0041 196 102 244 174
person 0.0040 205 67 308 171
person 0.0032 284 139 319 167
person 0.0031 258 111 288 150
person 0.0027 52 16 372 328
person 0.0022 121 34 235 146
person 0.0015 83 21 268 175
person 0.0011 205 115 243 150
person 0.0010 299 139 328 169
bicycle 0.0012 168 33 257 156
bicycle 0.0012 145 18 360 170
car 0.0024 275 164 310 184
motorbike 0.0086 146 34 359 197
motorbike 0.0055 168 55 248 180
motorbike 0.0018 195 37 306 145
motorbike 0.0010 83 21 268 175
boat 0.0122 394 191 502 290
boat 0.0032 447 112 503 131
boat 0.0023 373 100 499 295
boat 0.0013 449 109 499 159
boat 0.0010 437 133 500 280
dog 0.0039 88 58 231 330
dog 0.0014 165 163 206 197
dog 0.0011 450 118 500 144
dog 0.0010 109 186 223 322
horse 0.0298 108 29 474 311
horse 0.0033 146 34 359 197
horse 0.0021 109 186 223 322
horse 0.0015 88 58 231 330
horse 0.0013 215 39 354 136
horse 0.0013 193 47 453 217
horse 0.0012 226 84 336 174
sheep 0.0486 109 186 223 322
sheep 0.0036 81 76 219 317
sheep 0.0035 215 187 335 308
sheep 0.0025 108 29 474 311
sheep 0.0020 159 152 213 202
sheep 0.0016 90 148 192 276
sheep 0.0015 85 166 334 316
sheep 0.0011 258 106 285 133
cow 0.2793 216 196 336 303
cow 0.0302 108 29 474 311
cow 0.0188 146 34 359 197
cow 0.0118 168 55 248 180
cow 0.0067 205 67 308 171
cow 0.0046 194 114 376 299
cow 0.0042 88 58 231 330
cow 0.0022 174 35 267 128
cow 0.0020 215 39 354 136
cow 0.0017 198 135 314 201
cow 0.0014 216 178 334 245
cow 0.0013 234 58 438 300
cow 0.0011 219 42 265 72
chair 0.0503 109 186 223 322
chair 0.0216 88 58 231 330
chair 0.0045 304 79 435 300
diningtable 0.0321 215 187 335 308
