person 0.2900 304 181 329 217
person 0.0783 343 175 367 208
person 0.0278 359 176 379 206
person 0.0149 320 174 349 214
person 0.0062 338 165 379 230
person 0.0040 328 162 351 205
person 0.0039 310 168 361 222
person 0.0034 176 170 197 195
person 0.0029 308 193 333 222
person 0.0022 294 181 315 209
person 0.0017 209 177 233 203
person 0.0017 380 171 405 193
person 0.0016 -3 85 59 352
person 0.0015 0 150 16 202
person 0.0014 127 167 153 189
person 0.0014 382 115 416 139
person 0.0010 344 202 376 237
car 0.0021 0 150 16 202
car 0.0014 1 260 42 320
car 0.0011 8 112 415 266
bus 0.7971 89 132 408 249
bus 0.7033 299 109 497 239
bus 0.4510 0 128 59 201
bus 0.2431 0 85 21 195
bus 0.0712 160 144 333 252
bus 0.0506 24 136 72 210
bus 0.0394 373 151 497 234
bus 0.0272 19 132 101 224
bus 0.0196 0 150 16 202
bus 0.0168 14 154 43 201
bus 0.0126 303 107 493 167
bus 0.0110 281 131 389 246
bus 0.0102 0 104 16 163
bus 0.0100 44 149 99 214
bus 0.0086 36 142 176 224
bus 0.0086 1 120 27 224
bus 0.0073 35 134 72 153
bus 0.0067 47 144 298 236
bus 0.0065 0 96 89 192
bus 0.0056 38 134 69 172
bus 0.0048 -2 129 424 316
bus 0.0042 41 157 64 195
bus 0.0035 130 102 509 271
bus 0.0023 48 143 81 170
bus 0.0022 338 165 379 230
bus 0.0017 45 134 86 188
bus 0.0016 6 140 48 174
bus 0.0014 382 115 416 139
bus 0.0011 6 131 53 153
train 0.0011 0 85 21 195
boat 0.0032 0 85 21 195
