person 0.8226 88 163 351 377
person 0.5448 320 115 438 351
person 0.5329 186 115 284 194
person 0.0422 357 120 436 262
person 0.0348 399 98 433 178
person 0.0154 364 124 420 188
person 0.0137 205 115 271 173
person 0.0126 349 115 441 196
person 0.0103 109 119 172 166
person 0.0068 407 112 428 161
person 0.0057 55 158 220 370
person 0.0051 183 126 227 188
person 0.0049 127 121 164 161
person 0.0049 0 90 17 302
person 0.0046 130 117 197 164
person 0.0044 163 112 189 137
person 0.0036 401 97 429 144
person 0.0030 151 106 180 138
person 0.0030 92 111 198 173
person 0.0024 149 120 188 158
person 0.0019 350 143 391 249
person 0.0018 408 119 442 194
person 0.0017 227 243 264 301
person 0.0014 -1 165 23 314
person 0.0014 113 141 171 170
person 0.0013 174 116 377 355
person 0.0013 0 64 16 206
person 0.0013 104 139 135 174
person 0.0013 172 88 318 225
person 0.0012 402 143 440 208
person 0.0011 154 91 205 155
person 0.0011 236 276 323 356
person 0.0010 139 84 190 146
person 0.0010 241 241 275 307
person 0.0010 0 143 11 204
person 0.0010 408 140 431 179
person 0.0010 157 0 184 20
bottle 0.0308 232 255 258 294
bottle 0.0166 190 195 211 229
bottle 0.0149 256 266 276 308
bottle 0.0141 214 201 237 234
bottle 0.0134 241 241 275 307
bottle 0.0106 234 178 253 217
bottle 0.0099 231 225 253 254
bottle 0.0059 213 221 237 246
bottle 0.0054 232 235 254 267
bottle 0.0043 251 236 270 272
bottle 0.0041 227 163 249 201
bottle 0.0038 187 222 213 250
bottle 0.0038 186 157 209 190
bottle 0.0036 210 184 235 212
bottle 0.0035 233 198 256 234
bottle 0.0030 184 160 214 229
bottle 0.0024 230 277 255 306
bottle 0.0019 211 159 233 193
bottle 0.0018 327 288 349 340
bottle 0.0017 273 223 295 271
bottle 0.0016 262 267 284 305
bottle 0.0014 209 245 238 266
bottle 0.0013 243 192 264 237
bottle 0.0012 227 254 262 324
bottle 0.0012 265 257 287 291
bottle 0.0012 280 232 299 270
bottle 0.0011 176 157 200 191
bottle 0.0010 205 168 242 229
chair 0.9587 286 97 345 180
chair 0.5923 0 187 112 369
chair 0.5516 337 213 454 371
chair 0.5221 0 191 57 363
chair 0.3619 416 150 441 195
chair 0.2122 159 129 198 156
chair 0.1778 401 97 429 144
chair 0.1727 342 115 378 170
chair 0.1196 162 139 197 175
chair 0.0972 354 121 382 163
chair 0.0693 399 98 433 178
chair 0.0585 156 131 208 183
chair 0.0565 186 112 287 195
chair 0.0548 186 157 209 190
chair 0.0470 343 122 436 349
chair 0.0447 88 163 351 377
chair 0.0435 408 140 431 179
chair 0.0404 347 121 393 189
chair 0.0361 408 119 442 194
chair 0.0356 106 128 176 176
chair 0.0323 185 140 212 184
chair 0.0290 1 194 56 286
chair 0.0275 269 141 289 185
chair 0.0273 0 211 27 367
chair 0.0263 176 157 200 191
chair 0.0247 130 117 197 164
chair 0.0245 407 112 428 161
chair 0.0243 413 191 454 361
chair 0.0229 346 109 375 131
chair 0.0214 76 303 190 372
chair 0.0214 229 114 286 167
chair 0.0213 113 141 171 170
chair 0.0210 229 127 279 192
chair 0.0203 345 197 362 243
chair 0.0193 406 153 433 191
chair 0.0183 142 143 189 172
chair 0.0172 180 130 210 157
chair 0.0165 -1 165 23 314
chair 0.0160 269 115 297 190
chair 0.0156 149 120 188 158
chair 0.0154 151 106 180 138
chair 0.0150 294 142 378 252
chair 0.0147 74 324 96 374
chair 0.0142 200 361 246 376
chair 0.0138 86 109 173 188
chair 0.0129 366 161 390 196
chair 0.0128 127 121 164 161
chair 0.0127 307 175 357 252
chair 0.0126 163 112 189 137
chair 0.0123 240 123 273 161
chair 0.0115 10 159 178 366
chair 0.0113 364 124 420 188
chair 0.0111 114 118 226 180
chair 0.0103 365 120 421 154
chair 0.0100 426 197 466 348
chair 0.0096 239 143 276 176
chair 0.0094 235 295 326 370
chair 0.0092 274 108 291 169
chair 0.0082 96 150 129 245
chair 0.0082 33 322 96 374
chair 0.0079 413 148 444 244
chair 0.0074 339 145 380 248
chair 0.0073 392 160 469 370
chair 0.0073 235 352 308 376
chair 0.0072 98 134 177 246
chair 0.0071 15 271 342 386
chair 0.0069 0 90 17 302
chair 0.0065 69 285 101 375
chair 0.0063 205 115 271 173
chair 0.0062 139 84 190 146
chair 0.0059 98 162 125 191
chair 0.0056 0 190 16 241
chair 0.0055 183 126 227 188
chair 0.0049 402 143 440 208
chair 0.0048 104 139 135 174
chair 0.0047 322 334 343 376
chair 0.0046 340 206 360 257
chair 0.0044 62 254 144 369
chair 0.0040 282 95 321 155
chair 0.0037 225 119 264 155
chair 0.0037 154 91 205 155
chair 0.0036 143 84 181 113
chair 0.0035 359 171 384 214
chair 0.0035 415 113 434 160
chair 0.0035 357 111 389 133
chair 0.0034 99 141 144 210
chair 0.0034 203 112 282 133
chair 0.0034 176 127 270 220
chair 0.0033 117 321 323 377
chair 0.0031 371 140 418 174
chair 0.0031 22 282 102 374
chair 0.0031 158 146 203 204
chair 0.0030 373 141 448 292
chair 0.0030 235 332 315 374
chair 0.0029 436 239 498 366
chair 0.0029 349 115 441 196
chair 0.0028 0 283 22 374
chair 0.0028 430 197 457 284
chair 0.0027 187 90 302 158
chair 0.0027 326 198 352 244
sofa 0.0948 174 116 276 198
sofa 0.0112 399 96 431 151
sofa 0.0109 156 131 208 183
sofa 0.0085 283 100 347 179
sofa 0.0084 114 118 226 180
sofa 0.0055 162 139 197 175
sofa 0.0043 187 90 302 158
sofa 0.0037 159 129 198 156
sofa 0.0028 140 117 306 273
sofa 0.0025 15 271 342 386
sofa 0.0023 68 211 294 371
sofa 0.0018 197 297 319 374
sofa 0.0016 229 114 286 167
sofa 0.0014 121 139 244 211
sofa 0.0013 155 119 206 163
sofa 0.0013 117 321 323 377
sofa 0.0013 106 128 176 176
sofa 0.0012 185 140 212 184
sofa 0.0011 205 115 271 173
sofa 0.0010 86 109 173 188
sofa 0.0010 183 126 227 188
pottedplant 0.0058 248 6 275 45
pottedplant 0.0043 244 21 270 52
pottedplant 0.0038 157 4 288 56
pottedplant 0.0036 223 27 244 62
pottedplant 0.0014 238 0 281 52
pottedplant 0.0012 213 10 259 66
pottedplant 0.0010 173 266 241 313
diningtable 0.3225 88 163 351 377
diningtable 0.0537 349 115 441 196
diningtable 0.0382 342 115 378 170
diningtable 0.0345 354 121 382 163
diningtable 0.0291 159 129 198 156
diningtable 0.0289 361 114 425 172
diningtable 0.0267 188 179 299 272
diningtable 0.0244 400 116 440 191
diningtable 0.0213 346 109 375 131
diningtable 0.0191 408 140 431 179
diningtable 0.0189 407 112 428 161
diningtable 0.0173 -5 222 106 368
diningtable 0.0148 192 226 294 304
diningtable 0.0135 188 259 316 352
diningtable 0.0134 371 140 418 174
diningtable 0.0120 347 121 393 189
diningtable 0.0120 277 98 352 189
diningtable 0.0107 401 97 429 144
diningtable 0.0098 414 144 440 185
diningtable 0.0080 314 108 421 181
diningtable 0.0073 357 111 389 133
diningtable 0.0072 174 116 377 355
diningtable 0.0070 183 150 292 246
diningtable 0.0069 406 153 433 191
diningtable 0.0063 186 112 287 195
diningtable 0.0056 234 161 416 367
diningtable 0.0049 357 120 436 262
diningtable 0.0049 364 138 419 208
diningtable 0.0045 203 112 282 133
diningtable 0.0039 372 112 416 134
diningtable 0.0037 371 160 410 188
diningtable 0.0034 236 276 323 356
diningtable 0.0033 162 139 197 175
diningtable 0.0028 23 323 81 374
diningtable 0.0026 174 114 314 273
diningtable 0.0026 147 284 343 375
diningtable 0.0025 296 163 376 263
diningtable 0.0023 245 295 318 338
diningtable 0.0019 176 127 270 220
diningtable 0.0019 285 120 362 228
diningtable 0.0018 307 175 357 252
diningtable 0.0017 415 113 434 160
diningtable 0.0016 198 205 359 373
diningtable 0.0015 320 115 438 351
diningtable 0.0015 281 211 316 234
diningtable 0.0014 180 130 210 157
diningtable 0.0013 159 255 283 331
diningtable 0.0013 156 131 208 183
diningtable 0.0013 0 203 59 372
diningtable 0.0012 276 219 355 327
diningtable 0.0012 365 93 429 154
diningtable 0.0012 163 112 189 137
diningtable 0.0012 117 321 323 377
diningtable 0.0012 269 141 289 185
diningtable 0.0011 204 299 233 319
diningtable 0.0011 296 124 345 157
diningtable 0.0011 143 165 263 267
diningtable 0.0011 149 120 188 158
tvmonitor 0.0097 0 47 16 196
tvmonitor 0.0051 401 97 429 144
tvmonitor 0.0016 0 143 11 204
tvmonitor 0.0010 0 90 17 302
tvmonitor 0.0010 481 8 500 50
