person 0.0020 207 220 234 252
person 0.0017 304 231 320 267
person 0.0011 142 233 178 247
bicycle 0.0016 365 330 427 375
bicycle 0.0012 289 232 316 266
car 0.0047 142 233 178 247
aeroplane 0.0016 219 215 251 230
bus 0.0013 142 233 178 247
train 0.0101 142 233 178 247
train 0.0044 138 191 194 244
train 0.0034 207 220 234 252
train 0.0022 203 215 247 231
train 0.0020 151 231 208 245
train 0.0014 119 196 229 248
train 0.0013 145 202 269 249
horse 0.0016 325 222 350 239
horse 0.0015 304 231 320 267
sheep 0.0014 142 233 178 247
cow 0.0011 325 222 350 239
