dog 0.0114 155 178 242 240
horse 0.0014 155 178 242 240
sheep 0.0108 160 178 235 239
cow 0.9866 160 111 333 237
cow 0.7608 155 178 242 240
cow 0.1196 161 150 266 245
cow 0.0299 336 108 366 144
cow 0.0149 332 94 382 146
cow 0.0140 320 111 352 142
cow 0.0045 303 108 336 137
cow 0.0045 160 115 280 192
cow 0.0036 153 177 173 218
cow 0.0023 309 97 361 145
cow 0.0012 293 95 341 147
cow 0.0011 179 206 226 237
cow 0.0011 154 194 176 233
cow 0.0011 258 108 335 242
cow 0.0011 184 108 327 178
cow 0.0010 322 76 407 145
