person 0.9641 18 7 154 234
person 0.9437 230 66 334 446
person 0.8662 4 163 170 478
person 0.5187 192 4 274 172
person 0.2253 145 0 216 192
person 0.1667 5 126 157 314
person 0.1634 9 140 112 262
person 0.1364 263 0 321 58
person 0.1340 314 0 332 91
person 0.1293 149 5 272 241
person 0.0437 243 0 328 113
person 0.0353 291 0 330 67
person 0.0350 135 0 174 62
person 0.0309 0 96 51 161
person 0.0286 -3 13 59 161
person 0.0228 2 16 44 118
person 0.0225 184 1 214 24
person 0.0222 244 43 328 150
person 0.0190 179 33 303 333
person 0.0166 1 134 52 197
person 0.0152 3 106 39 141
person 0.0141 146 0 205 62
person 0.0128 304 0 326 56
person 0.0123 1 57 70 193
person 0.0111 137 6 214 107
person 0.0107 208 2 333 182
person 0.0104 268 0 317 20
person 0.0100 183 -1 285 67
person 0.0095 108 0 159 64
person 0.0095 4 141 80 232
person 0.0095 3 -2 85 131
person 0.0091 295 6 331 128
person 0.0089 50 188 148 296
person 0.0086 154 0 200 17
person 0.0085 36 120 129 238
person 0.0076 103 35 137 67
person 0.0075 8 367 219 501
person 0.0063 5 190 119 287
person 0.0062 152 5 261 116
person 0.0058 101 34 177 176
person 0.0055 0 31 17 174
person 0.0053 134 35 337 466
person 0.0052 41 0 67 29
person 0.0051 140 56 272 362
person 0.0051 164 274 185 324
person 0.0051 14 124 104 211
person 0.0050 171 1 216 58
person 0.0049 290 0 325 21
person 0.0045 161 39 239 207
person 0.0039 39 55 73 157
person 0.0038 57 0 192 55
person 0.0037 17 108 56 137
person 0.0037 99 17 145 69
person 0.0035 44 137 181 370
person 0.0035 215 3 324 61
person 0.0034 13 61 63 145
person 0.0032 188 3 212 40
person 0.0030 274 4 338 103
person 0.0028 0 101 16 153
person 0.0028 2 124 37 162
person 0.0026 259 0 284 50
person 0.0026 59 140 104 225
person 0.0025 73 223 132 285
person 0.0024 3 139 34 182
person 0.0023 4 94 37 123
person 0.0018 252 0 298 21
person 0.0018 227 137 271 194
person 0.0017 199 66 272 221
person 0.0017 18 0 62 61
person 0.0017 140 0 175 21
person 0.0017 0 153 328 494
person 0.0017 303 22 328 69
person 0.0015 36 0 78 63
person 0.0014 201 0 264 24
person 0.0014 1 158 52 243
person 0.0014 134 0 154 58
person 0.0014 -30 14 288 415
person 0.0013 132 -1 254 62
person 0.0013 56 0 99 21
person 0.0013 230 104 272 183
person 0.0013 267 37 319 62
person 0.0013 0 1 19 103
person 0.0012 23 3 136 112
person 0.0011 0 74 14 138
person 0.0011 75 -1 129 66
person 0.0011 74 0 121 24
person 0.0010 0 2 18 45
person 0.0010 0 0 44 59
horse 0.0036 214 215 238 254
horse 0.0023 187 249 207 285
bottle 0.0209 187 249 207 285
bottle 0.0130 184 1 214 24
bottle 0.0086 121 208 160 271
bottle 0.0086 161 185 188 223
bottle 0.0084 214 215 238 254
bottle 0.0080 200 169 254 232
bottle 0.0047 194 183 225 220
bottle 0.0045 156 201 182 240
bottle 0.0031 196 139 269 226
bottle 0.0030 156 178 194 234
bottle 0.0028 124 208 151 244
bottle 0.0026 186 183 213 222
bottle 0.0022 244 161 269 204
bottle 0.0018 188 3 212 40
bottle 0.0017 129 202 183 250
bottle 0.0013 164 274 185 324
bottle 0.0012 209 180 249 216
bottle 0.0012 131 225 173 287
bottle 0.0012 207 138 264 194
bottle 0.0012 238 287 257 314
chair 0.0170 3 370 196 499
chair 0.0139 232 306 329 439
chair 0.0120 0 96 51 161
chair 0.0107 17 108 56 137
chair 0.0069 -3 13 59 161
chair 0.0046 2 35 43 126
chair 0.0043 294 283 330 436
chair 0.0041 3 106 39 141
chair 0.0039 103 35 137 67
chair 0.0039 46 447 197 501
chair 0.0038 2 124 37 162
chair 0.0035 75 356 177 445
chair 0.0033 1 57 70 193
chair 0.0023 200 169 254 232
chair 0.0019 148 420 176 450
chair 0.0019 218 337 253 363
chair 0.0018 0 113 17 171
chair 0.0018 4 94 37 123
chair 0.0017 234 142 273 215
chair 0.0016 96 0 147 65
chair 0.0016 141 0 163 59
chair 0.0016 164 274 185 324
chair 0.0015 105 57 168 124
chair 0.0014 0 31 17 174
chair 0.0014 140 56 272 362
chair 0.0014 106 389 170 447
chair 0.0012 73 223 132 285
chair 0.0012 3 139 34 182
chair 0.0012 196 120 267 224
chair 0.0011 241 272 329 389
chair 0.0011 23 95 54 124
chair 0.0011 143 247 251 336
chair 0.0011 0 74 14 138
chair 0.0010 13 61 63 145
chair 0.0010 280 328 316 420
sofa 0.0213 3 370 196 499
sofa 0.0040 4 163 170 478
sofa 0.0027 -3 13 59 161
sofa 0.0017 13 0 157 223
sofa 0.0016 140 56 272 362
sofa 0.0016 105 57 168 124
sofa 0.0012 0 153 328 494
pottedplant 0.0308 200 169 254 232
pottedplant 0.0184 196 120 267 224
pottedplant 0.0054 205 184 248 253
pottedplant 0.0022 168 169 259 260
pottedplant 0.0019 179 33 303 333
pottedplant 0.0011 214 215 238 254
pottedplant 0.0011 140 56 272 362
diningtable 0.0082 126 140 278 434
diningtable 0.0054 143 247 251 336
diningtable 0.0026 149 201 243 317
tvmonitor 0.0023 0 2 18 45
