person 0.0021 31 241 56 269
person 0.0017 352 115 371 143
car 0.0116 26 240 56 263
car 0.0031 77 229 108 248
car 0.0016 470 230 500 247
aeroplane 0.6736 -16 97 445 230
aeroplane 0.0126 337 77 490 173
aeroplane 0.0087 -17 164 338 245
aeroplane 0.0044 175 191 336 245
aeroplane 0.0042 339 71 488 98
aeroplane 0.0031 15 204 43 239
aeroplane 0.0030 216 199 297 242
aeroplane 0.0028 470 230 500 247
aeroplane 0.0024 7 190 52 254
aeroplane 0.0020 125 40 492 244
aeroplane 0.0016 338 78 486 126
aeroplane 0.0015 217 214 256 242
aeroplane 0.0014 27 208 69 236
aeroplane 0.0012 94 176 314 241
aeroplane 0.0011 15 188 46 217
aeroplane 0.0011 29 179 68 200
aeroplane 0.0010 10 174 112 247
bus 0.0022 470 230 500 247
train 0.0013 470 230 500 247
