person 0.4277 132 122 164 155
person 0.0635 123 127 166 190
person 0.0573 30 125 55 159
person 0.0473 184 130 223 154
person 0.0462 51 131 77 160
person 0.0427 212 122 235 158
person 0.0423 141 125 181 157
person 0.0382 149 159 182 195
person 0.0335 185 141 224 170
person 0.0318 119 142 168 170
person 0.0304 250 133 271 186
person 0.0281 416 144 442 169
person 0.0259 246 123 271 157
person 0.0201 206 135 235 177
person 0.0180 138 128 183 191
person 0.0143 106 123 144 155
person 0.0140 26 125 45 161
person 0.0136 116 155 167 201
person 0.0132 145 142 183 173
person 0.0110 163 162 200 193
person 0.0109 23 133 43 174
person 0.0099 183 164 223 193
person 0.0094 101 159 151 193
person 0.0091 395 149 435 170
person 0.0087 134 154 186 201
person 0.0084 104 121 152 193
person 0.0075 29 147 66 173
person 0.0072 183 115 227 168
person 0.0068 226 140 255 181
person 0.0064 224 120 253 156
person 0.0061 167 142 197 179
person 0.0060 0 53 29 198
person 0.0060 181 137 230 185
person 0.0059 104 145 147 170
person 0.0055 242 114 275 178
person 0.0041 222 127 266 187
person 0.0039 267 136 287 181
person 0.0034 198 164 238 193
person 0.0033 25 118 80 189
person 0.0032 250 154 273 192
person 0.0031 227 157 256 191
person 0.0024 73 136 92 173
person 0.0024 390 184 433 217
person 0.0020 397 125 433 157
person 0.0018 158 132 208 187
person 0.0017 85 86 181 207
person 0.0017 476 136 499 176
person 0.0014 0 29 26 134
person 0.0014 260 124 296 193
person 0.0014 114 147 230 217
person 0.0014 152 155 215 200
person 0.0012 110 104 220 193
person 0.0012 314 161 346 195
person 0.0012 97 124 122 157
person 0.0012 190 145 243 200
person 0.0011 189 109 220 143
person 0.0011 5 106 41 206
person 0.0011 167 124 199 158
person 0.0010 394 192 426 227
person 0.0010 97 138 121 175
bicycle 0.0011 394 192 426 227
car 0.5505 314 161 346 195
car 0.4894 333 168 385 212
car 0.4407 316 165 354 213
car 0.0579 349 165 384 202
car 0.0229 315 154 347 178
car 0.0131 365 148 463 209
car 0.0108 0 64 29 207
car 0.0046 310 171 338 210
car 0.0036 303 162 344 218
car 0.0028 371 174 418 218
car 0.0025 469 85 499 109
car 0.0022 318 162 411 215
car 0.0017 380 178 445 220
car 0.0014 26 125 45 161
car 0.0010 -1 186 56 238
car 0.0010 16 90 92 201
bus 0.9870 83 70 330 287
bus 0.9766 369 104 497 213
bus 0.3693 21 88 88 212
bus 0.1173 0 64 29 207
bus 0.0266 25 118 80 189
bus 0.0237 365 148 463 209
bus 0.0102 453 108 499 169
bus 0.0102 5 106 41 206
bus 0.0042 26 125 45 161
bus 0.0042 345 169 391 212
bus 0.0039 2 74 60 225
bus 0.0030 465 116 501 196
bus 0.0026 314 161 346 195
bus 0.0025 312 103 409 203
bus 0.0017 23 133 43 174
bus 0.0017 469 85 499 109
bus 0.0015 20 88 151 200
bus 0.0015 85 86 181 207
bus 0.0014 476 136 499 176
bus 0.0013 428 96 472 111
bus 0.0013 468 44 500 113
bus 0.0012 282 109 321 244
bus 0.0011 464 70 501 175
bus 0.0011 449 121 500 225
bus 0.0011 316 165 354 213
bus 0.0010 315 154 347 178
train 0.0111 0 64 29 207
train 0.0030 17 98 91 211
train 0.0018 372 106 496 214
chair 0.0125 183 164 223 193
chair 0.0067 185 141 224 170
chair 0.0049 163 162 200 193
chair 0.0019 198 164 238 193
chair 0.0010 181 179 227 202
pottedplant 0.0132 394 192 426 227
pottedplant 0.0036 365 126 499 220
pottedplant 0.0025 440 177 501 228
pottedplant 0.0023 369 222 496 293
pottedplant 0.0018 470 162 500 190
pottedplant 0.0016 378 190 502 262
pottedplant 0.0016 469 159 501 235
pottedplant 0.0014 382 199 413 225
pottedplant 0.0011 362 128 507 314
