person 0.0206 474 11 499 117
person 0.0082 441 5 499 151
person 0.0051 476 8 499 41
person 0.0041 477 15 499 64
person 0.0036 4 -12 116 384
person 0.0028 86 159 170 275
person 0.0024 229 67 284 90
person 0.0019 5 -31 357 346
person 0.0018 240 51 276 76
person 0.0017 -1 215 102 372
person 0.0015 470 26 498 172
person 0.0012 484 29 500 88
person 0.0010 20 5 249 214
person 0.0010 2 -4 28 20
bicycle 0.0173 1 -15 362 385
bicycle 0.0072 160 39 318 85
bicycle 0.0048 146 44 272 97
bicycle 0.0032 6 55 178 375
bicycle 0.0029 173 57 309 100
bicycle 0.0022 148 65 292 138
bicycle 0.0021 124 13 355 73
bicycle 0.0016 194 78 245 134
bicycle 0.0015 214 51 269 74
bicycle 0.0014 214 32 262 57
bicycle 0.0014 407 142 503 250
bicycle 0.0012 195 35 247 59
bicycle 0.0012 165 79 319 158
bicycle 0.0011 444 165 499 222
bicycle 0.0010 356 -1 499 154
car 0.0153 70 -17 506 394
car 0.0048 60 -1 343 41
car 0.0042 4 -12 116 384
car 0.0041 162 32 207 53
car 0.0041 173 35 228 56
car 0.0026 195 35 247 59
car 0.0018 6 -12 357 78
car 0.0017 444 165 499 222
car 0.0010 214 32 262 57
motorbike 0.5941 70 -17 506 394
motorbike 0.0195 1 -23 296 398
motorbike 0.0154 4 -12 116 384
motorbike 0.0101 356 -1 499 154
motorbike 0.0026 137 35 307 84
motorbike 0.0020 6 -12 357 78
motorbike 0.0018 208 124 428 312
motorbike 0.0014 436 150 500 202
motorbike 0.0013 113 16 331 74
motorbike 0.0011 444 165 499 222
motorbike 0.0010 60 -1 343 41
motorbike 0.0010 405 153 502 281
aeroplane 0.0015 444 165 499 222
aeroplane 0.0010 436 150 500 202
bus 0.0052 58 -9 445 327
bus 0.0042 4 -12 116 384
bus 0.0021 356 -1 499 154
bus 0.0011 60 -1 343 41
boat 0.0016 444 165 499 222
bottle 0.0062 195 68 244 90
bottle 0.0053 218 70 270 91
bottle 0.0034 194 78 245 134
bottle 0.0029 193 48 243 72
bottle 0.0024 204 84 239 122
bottle 0.0016 174 76 231 132
bottle 0.0015 225 83 255 116
bottle 0.0012 216 84 270 149
bottle 0.0011 141 65 258 135
chair 0.0018 0 226 102 363
diningtable 0.0016 37 64 466 368
tvmonitor 0.0019 60 -1 343 41
