person 0.0092 107 11 303 192
person 0.0037 50 84 440 375
person 0.0036 229 111 337 167
person 0.0022 75 78 347 209
person 0.0021 145 113 277 182
person 0.0018 -7 284 173 372
person 0.0017 131 71 228 165
person 0.0015 0 226 18 395
person 0.0011 179 110 310 169
person 0.0011 0 322 12 376
person 0.0011 10 173 189 366
cat 0.0011 228 127 332 182
bottle 0.1030 310 147 332 177
bottle 0.0321 222 181 242 221
bottle 0.0186 416 79 445 121
bottle 0.0179 244 189 273 237
bottle 0.0049 308 158 334 184
bottle 0.0047 304 184 325 238
bottle 0.0043 192 146 236 233
bottle 0.0034 317 146 342 176
bottle 0.0032 220 183 258 243
bottle 0.0020 272 190 312 247
bottle 0.0019 298 169 335 230
bottle 0.0018 303 130 336 156
bottle 0.0015 347 104 386 182
bottle 0.0014 233 112 331 172
bottle 0.0010 295 130 337 181
chair 0.4134 -7 284 173 372
chair 0.3224 74 116 193 184
chair 0.2551 329 177 488 366
chair 0.1932 431 188 501 365
chair 0.1617 374 221 451 364
chair 0.1408 141 116 200 172
chair 0.1374 318 256 427 370
chair 0.0979 131 71 228 165
chair 0.0934 70 134 145 184
chair 0.0469 107 101 221 181
chair 0.0220 229 111 337 167
chair 0.0136 198 109 241 164
chair 0.0128 140 77 191 166
chair 0.0116 373 271 428 357
chair 0.0112 139 77 193 120
chair 0.0111 96 190 195 247
chair 0.0102 401 209 486 370
chair 0.0094 79 14 267 187
chair 0.0090 145 113 277 182
chair 0.0088 381 194 479 318
chair 0.0081 375 131 502 339
chair 0.0063 352 163 470 223
chair 0.0061 380 249 435 338
chair 0.0051 328 197 419 343
chair 0.0050 10 173 189 366
chair 0.0044 0 322 12 376
chair 0.0040 208 166 439 366
chair 0.0040 348 165 468 286
chair 0.0038 0 226 18 395
chair 0.0037 134 74 160 164
chair 0.0036 74 62 173 188
chair 0.0036 221 117 252 153
chair 0.0035 179 110 310 169
chair 0.0032 244 91 350 148
chair 0.0029 30 169 158 275
chair 0.0027 263 67 287 92
chair 0.0025 303 130 336 156
chair 0.0024 141 115 160 171
chair 0.0022 251 70 273 101
chair 0.0021 274 249 390 364
chair 0.0019 21 70 170 313
chair 0.0019 246 75 272 114
chair 0.0018 14 193 90 323
chair 0.0018 347 201 448 310
chair 0.0017 162 143 201 170
chair 0.0017 343 285 447 369
chair 0.0016 119 125 169 183
chair 0.0016 137 16 224 144
chair 0.0015 427 216 473 362
chair 0.0015 208 110 268 163
chair 0.0014 69 143 200 225
chair 0.0013 384 259 433 291
chair 0.0013 24 212 65 287
chair 0.0013 477 162 500 350
chair 0.0013 107 212 380 377
chair 0.0012 94 140 146 177
chair 0.0012 317 173 410 263
chair 0.0011 352 224 403 357
chair 0.0010 385 173 475 256
chair 0.0010 312 99 499 284
chair 0.0010 -1 217 64 366
chair 0.0010 136 72 154 122
sofa 0.0531 229 111 337 167
sofa 0.0470 77 101 208 184
sofa 0.0252 436 184 499 366
sofa 0.0157 137 69 226 171
sofa 0.0073 107 11 303 192
sofa 0.0067 244 91 350 148
sofa 0.0063 381 175 497 369
sofa 0.0058 -7 284 173 372
sofa 0.0044 75 78 347 209
sofa 0.0041 230 130 355 184
sofa 0.0033 75 78 484 374
sofa 0.0032 265 82 392 154
sofa 0.0029 212 90 442 223
sofa 0.0027 260 104 401 186
sofa 0.0024 145 113 277 182
sofa 0.0021 141 116 200 172
sofa 0.0021 240 138 317 181
sofa 0.0020 321 131 485 337
sofa 0.0017 0 226 18 395
sofa 0.0010 318 256 427 370
pottedplant 0.1757 336 70 384 174
pottedplant 0.0239 310 147 332 177
pottedplant 0.0239 323 94 395 186
pottedplant 0.0118 136 -4 231 125
pottedplant 0.0105 404 76 447 125
pottedplant 0.0098 345 69 388 132
pottedplant 0.0093 353 69 374 97
pottedplant 0.0081 397 114 435 130
pottedplant 0.0074 140 7 162 47
pottedplant 0.0071 347 104 386 182
pottedplant 0.0064 168 126 251 240
pottedplant 0.0061 265 82 392 154
pottedplant 0.0045 303 130 336 156
pottedplant 0.0041 317 56 397 149
pottedplant 0.0024 360 75 383 125
pottedplant 0.0021 104 4 254 162
pottedplant 0.0017 341 98 376 130
pottedplant 0.0016 260 104 401 186
pottedplant 0.0016 331 89 353 122
pottedplant 0.0012 206 0 233 36
diningtable 0.2263 26 86 401 366
diningtable 0.0098 72 208 358 376
diningtable 0.0050 -7 284 173 372
diningtable 0.0045 131 139 501 372
diningtable 0.0030 43 143 320 311
diningtable 0.0028 248 102 475 277
diningtable 0.0020 304 167 421 224
diningtable 0.0018 75 119 208 186
diningtable 0.0013 177 121 406 332
tvmonitor 0.0107 438 12 498 137
