person 0.0094 378 136 397 178
person 0.0039 434 156 466 192
person 0.0030 425 157 453 191
person 0.0015 16 126 41 162
person 0.0010 58 81 84 231
car 0.0237 48 14 448 374
car 0.0023 0 69 26 97
car 0.0019 104 -5 375 54
car 0.0011 5 64 39 87
bus 0.0025 -23 19 449 373
train 0.3506 -23 19 449 373
train 0.0545 385 120 506 196
train 0.0439 362 74 498 313
train 0.0110 441 129 498 193
train 0.0075 389 163 433 185
train 0.0057 350 98 474 192
train 0.0042 434 156 466 192
train 0.0038 478 123 500 195
train 0.0032 396 127 467 186
train 0.0026 29 53 228 331
train 0.0024 391 149 434 174
train 0.0023 427 130 476 190
train 0.0021 399 186 496 273
train 0.0019 408 146 463 174
train 0.0010 412 120 486 167
train 0.0010 481 122 500 159
boat 0.0010 48 14 448 374
tvmonitor 0.0012 362 74 498 313
