person 0.0529 311 85 350 107
person 0.0522 304 134 335 164
person 0.0471 296 116 331 155
person 0.0363 246 102 275 132
person 0.0265 285 105 323 132
person 0.0134 315 97 352 125
person 0.0103 253 100 300 128
person 0.0098 314 136 347 164
person 0.0080 254 82 296 102
person 0.0078 315 118 351 150
person 0.0049 277 106 325 159
person 0.0039 341 122 368 150
person 0.0025 311 85 353 143
person 0.0024 345 237 368 290
person 0.0023 345 139 371 163
person 0.0022 0 229 19 260
person 0.0020 230 99 256 138
person 0.0013 290 90 338 144
person 0.0013 244 110 274 152
person 0.0013 241 85 284 144
person 0.0010 310 110 356 161
bicycle 0.0136 304 134 335 164
bicycle 0.0053 296 116 331 155
bicycle 0.0011 314 136 347 164
car 0.0151 11 228 46 243
car 0.0011 11 231 43 257
car 0.0010 0 222 19 250
motorbike 0.0012 304 134 335 164
aeroplane 0.0025 11 228 46 243
aeroplane 0.0014 0 222 19 250
train 0.8229 63 48 382 300
dog 0.0010 296 116 331 155
chair 0.0044 304 134 335 164
chair 0.0036 285 105 323 132
chair 0.0031 315 97 352 125
chair 0.0028 311 85 350 107
chair 0.0027 296 116 331 155
chair 0.0011 314 136 347 164
