person 0.0046 36 14 538 305
car 0.0018 57 35 518 327
car 0.0011 -28 -38 450 194
cat 0.4160 36 15 464 347
cat 0.2085 207 37 498 326
cat 0.0058 157 71 416 281
cat 0.0010 5 53 286 379
dog 0.3874 -21 7 444 358
dog 0.0043 207 37 498 326
cow 0.0010 -21 7 444 358
chair 0.0365 57 35 518 327
chair 0.0012 218 1 501 131
chair 0.0011 0 80 29 233
sofa 0.0817 -21 7 444 358
sofa 0.0245 147 34 490 327
sofa 0.0048 218 1 501 131
sofa 0.0022 20 162 483 366
sofa 0.0010 36 -28 538 196
diningtable 0.0010 57 35 518 327
tvmonitor 0.0058 218 1 501 131
tvmonitor 0.0024 4 5 259 73
