person 0.9527 295 92 412 284
person 0.9401 19 86 79 214
person 0.7913 241 123 310 244
person 0.6756 53 106 279 368
person 0.4626 133 141 161 170
person 0.3670 258 121 307 203
person 0.2915 373 138 399 174
person 0.1328 477 105 499 289
person 0.0915 70 167 91 214
person 0.0887 222 142 264 205
person 0.0633 372 140 413 215
person 0.0632 224 160 256 194
person 0.0607 453 4 499 362
person 0.0601 245 139 266 178
person 0.0570 57 173 79 220
person 0.0562 238 174 285 260
person 0.0537 215 153 261 233
person 0.0346 454 103 498 292
person 0.0291 215 158 239 194
person 0.0272 373 132 418 263
person 0.0269 52 159 87 227
person 0.0253 233 137 260 180
person 0.0225 478 20 499 216
person 0.0223 445 202 495 277
person 0.0220 131 141 166 208
person 0.0193 231 135 279 220
person 0.0167 27 204 67 235
person 0.0150 66 148 98 209
person 0.0145 177 109 258 205
person 0.0142 228 153 299 280
person 0.0140 483 127 499 189
person 0.0134 58 156 82 206
person 0.0133 322 87 469 288
person 0.0126 219 106 261 174
person 0.0123 245 162 269 194
person 0.0116 42 139 453 386
person 0.0112 232 119 258 161
person 0.0106 396 35 496 339
person 0.0099 0 79 24 240
person 0.0096 236 183 283 218
person 0.0089 408 178 488 283
person 0.0087 202 144 249 208
person 0.0086 41 175 66 207
person 0.0082 479 184 499 360
person 0.0077 368 129 388 161
person 0.0076 209 126 277 266
person 0.0068 480 183 499 245
person 0.0061 183 117 316 326
person 0.0057 0 140 23 325
person 0.0055 28 131 70 214
person 0.0048 58 191 78 230
person 0.0043 432 209 477 276
person 0.0038 482 201 499 264
person 0.0037 210 99 240 130
person 0.0036 29 164 72 232
person 0.0033 198 109 253 166
person 0.0032 446 177 498 341
person 0.0030 213 111 303 205
person 0.0029 485 117 499 166
person 0.0023 49 105 76 142
person 0.0023 233 228 421 373
person 0.0023 145 138 179 171
person 0.0023 181 111 214 140
person 0.0022 230 29 253 51
person 0.0021 242 127 266 161
person 0.0021 116 139 143 171
person 0.0021 221 104 357 283
person 0.0020 14 84 53 228
person 0.0020 165 137 187 176
person 0.0020 18 154 186 368
person 0.0019 17 102 43 140
person 0.0019 265 120 295 152
person 0.0018 402 180 426 257
person 0.0017 0 97 17 147
person 0.0016 393 157 425 245
person 0.0016 253 172 302 256
person 0.0015 209 187 243 213
person 0.0014 213 178 258 256
person 0.0013 374 171 500 364
person 0.0013 376 150 407 192
person 0.0013 244 215 342 299
person 0.0012 76 142 171 220
person 0.0011 16 228 256 374
person 0.0011 240 255 353 370
person 0.0011 95 76 120 112
person 0.0011 462 33 495 245
person 0.0010 219 183 256 210
person 0.0010 268 214 385 310
person 0.0010 480 254 500 334
bicycle 0.0073 408 178 488 283
bicycle 0.0025 57 173 79 220
bicycle 0.0020 52 159 87 227
bicycle 0.0017 58 156 82 206
bicycle 0.0014 368 127 427 266
bicycle 0.0010 265 210 299 271
motorbike 0.0014 299 229 508 376
cat 0.0012 432 209 477 276
dog 0.0166 57 173 79 220
dog 0.0080 52 159 87 227
dog 0.0063 58 156 82 206
dog 0.0061 27 204 67 235
dog 0.0053 70 155 94 204
dog 0.0023 41 175 66 207
dog 0.0017 58 191 78 230
horse 0.0022 47 138 86 215
horse 0.0021 3 235 191 370
horse 0.0013 58 156 82 206
bottle 0.0907 430 328 481 377
bottle 0.0405 399 266 437 348
bottle 0.0258 408 290 441 368
bottle 0.0190 365 288 413 340
bottle 0.0071 430 296 483 363
bottle 0.0060 432 215 470 281
bottle 0.0056 398 303 420 348
bottle 0.0047 430 221 449 259
bottle 0.0046 479 184 499 360
bottle 0.0045 402 187 429 271
bottle 0.0041 404 289 493 373
bottle 0.0040 350 285 452 376
bottle 0.0037 338 333 366 357
bottle 0.0036 405 209 424 257
bottle 0.0035 435 229 461 275
bottle 0.0031 436 292 475 319
bottle 0.0028 480 287 500 374
bottle 0.0024 386 268 407 313
bottle 0.0023 405 289 433 342
bottle 0.0022 434 216 459 259
bottle 0.0022 364 310 396 342
bottle 0.0019 452 209 493 288
bottle 0.0019 480 254 500 334
bottle 0.0018 483 127 499 189
bottle 0.0018 352 300 410 356
bottle 0.0017 406 319 452 376
bottle 0.0016 456 235 479 273
bottle 0.0015 407 183 424 248
bottle 0.0014 224 160 256 194
bottle 0.0013 245 139 266 178
bottle 0.0012 409 195 448 273
bottle 0.0012 245 162 269 194
bottle 0.0012 342 328 415 373
bottle 0.0011 477 105 499 289
bottle 0.0010 57 173 79 220
chair 0.1187 0 230 62 357
chair 0.1084 233 228 421 373
chair 0.0841 402 180 426 257
chair 0.0758 268 214 385 310
chair 0.0681 271 220 315 286
chair 0.0595 213 209 258 270
chair 0.0472 3 235 191 370
chair 0.0461 268 214 292 258
chair 0.0289 378 155 420 276
chair 0.0248 33 138 256 372
chair 0.0227 232 218 285 292
chair 0.0213 210 212 236 258
chair 0.0210 240 194 284 272
chair 0.0188 209 200 244 226
chair 0.0172 483 127 499 189
chair 0.0171 373 138 399 174
chair 0.0160 432 215 470 281
chair 0.0159 265 210 299 271
chair 0.0135 224 230 252 275
chair 0.0110 237 94 281 117
chair 0.0094 248 217 275 266
chair 0.0078 0 145 24 244
chair 0.0077 244 215 342 299
chair 0.0076 269 183 401 282
chair 0.0067 22 306 167 372
chair 0.0061 220 169 299 279
chair 0.0060 229 267 289 311
chair 0.0059 478 80 499 237
chair 0.0057 244 277 381 374
chair 0.0056 393 157 425 245
chair 0.0053 290 113 415 279
chair 0.0052 27 204 67 235
chair 0.0051 209 187 243 213
chair 0.0048 372 140 413 215
chair 0.0047 262 89 300 116
chair 0.0047 208 183 246 253
chair 0.0041 278 93 304 118
chair 0.0036 0 321 53 375
chair 0.0036 406 180 423 225
chair 0.0032 153 183 276 273
chair 0.0031 233 198 289 219
chair 0.0030 238 100 280 128
chair 0.0030 268 206 293 231
chair 0.0028 245 139 266 178
chair 0.0026 357 181 432 288
chair 0.0025 0 225 25 364
chair 0.0023 222 233 261 301
chair 0.0023 280 99 305 131
chair 0.0020 277 213 302 259
chair 0.0019 452 209 493 288
chair 0.0019 376 150 407 192
chair 0.0018 219 183 256 210
chair 0.0018 243 63 269 100
chair 0.0017 111 202 228 312
chair 0.0017 41 175 66 207
chair 0.0017 57 173 79 220
chair 0.0016 409 195 448 273
chair 0.0016 477 20 499 181
chair 0.0016 217 229 239 272
chair 0.0015 405 209 424 257
chair 0.0015 477 148 500 323
chair 0.0015 3 215 94 336
chair 0.0014 70 167 91 214
chair 0.0014 480 254 500 334
chair 0.0014 194 259 289 368
chair 0.0014 434 216 459 259
chair 0.0014 289 238 418 307
chair 0.0013 83 159 180 287
chair 0.0013 485 117 499 166
chair 0.0013 319 217 428 293
chair 0.0013 389 190 410 239
chair 0.0012 430 221 449 259
chair 0.0012 280 252 312 288
chair 0.0012 450 217 480 251
chair 0.0011 145 138 179 171
chair 0.0011 173 125 261 234
chair 0.0011 236 183 283 218
chair 0.0010 408 178 488 283
sofa 0.0921 3 235 191 370
sofa 0.0687 33 138 256 372
sofa 0.0490 -2 233 64 364
sofa 0.0124 42 139 453 386
sofa 0.0055 22 306 167 372
sofa 0.0022 215 253 300 372
sofa 0.0020 77 231 350 375
sofa 0.0018 478 80 499 237
sofa 0.0015 194 225 398 373
sofa 0.0015 165 260 268 364
sofa 0.0012 173 125 261 234
sofa 0.0010 219 207 297 301
pottedplant 0.1698 227 86 255 117
pottedplant 0.0891 70 155 94 204
pottedplant 0.0783 211 95 242 119
pottedplant 0.0482 237 94 281 117
pottedplant 0.0411 262 89 300 116
pottedplant 0.0176 215 92 262 148
pottedplant 0.0119 226 97 253 135
pottedplant 0.0104 193 96 251 148
pottedplant 0.0100 278 93 304 118
pottedplant 0.0095 230 29 253 51
pottedplant 0.0092 219 106 261 174
pottedplant 0.0076 69 149 98 180
pottedplant 0.0058 250 91 304 146
pottedplant 0.0057 228 83 290 125
pottedplant 0.0056 280 99 305 131
pottedplant 0.0050 243 63 269 100
pottedplant 0.0047 238 100 280 128
pottedplant 0.0045 230 96 286 142
pottedplant 0.0040 268 106 299 136
pottedplant 0.0035 172 104 257 189
pottedplant 0.0029 259 53 303 114
pottedplant 0.0025 265 69 298 101
pottedplant 0.0025 196 82 250 125
pottedplant 0.0025 231 67 253 107
pottedplant 0.0024 201 90 308 140
pottedplant 0.0022 232 119 258 161
pottedplant 0.0018 242 127 266 161
pottedplant 0.0014 267 46 291 81
pottedplant 0.0014 181 111 214 140
pottedplant 0.0013 478 80 499 237
pottedplant 0.0011 229 83 335 146
pottedplant 0.0011 276 72 315 129
pottedplant 0.0011 234 53 281 112
pottedplant 0.0010 226 47 257 115
diningtable 0.1420 238 224 486 375
diningtable 0.0340 236 183 283 218
diningtable 0.0313 219 183 256 210
diningtable 0.0267 213 209 258 270
diningtable 0.0203 233 198 289 219
diningtable 0.0167 365 266 447 355
diningtable 0.0141 220 169 299 279
diningtable 0.0138 240 194 284 272
diningtable 0.0121 214 200 253 224
diningtable 0.0088 224 160 256 194
diningtable 0.0084 209 187 243 213
diningtable 0.0065 316 254 425 363
diningtable 0.0050 314 180 492 356
diningtable 0.0046 283 270 523 381
diningtable 0.0042 326 298 425 378
diningtable 0.0041 215 153 261 233
diningtable 0.0036 245 162 269 194
diningtable 0.0031 173 125 261 234
diningtable 0.0029 228 118 303 255
diningtable 0.0026 404 289 493 373
diningtable 0.0026 258 239 382 363
diningtable 0.0025 365 208 448 316
diningtable 0.0019 222 142 264 205
diningtable 0.0018 365 288 413 340
diningtable 0.0013 298 216 422 307
diningtable 0.0013 -2 233 64 364
diningtable 0.0012 215 158 239 194
diningtable 0.0011 262 177 290 212
diningtable 0.0011 268 206 293 231
diningtable 0.0011 237 94 281 117
diningtable 0.0010 33 138 256 372
diningtable 0.0010 210 212 236 258
tvmonitor 0.0054 407 183 424 248
tvmonitor 0.0038 0 145 24 244
tvmonitor 0.0020 477 20 499 181
tvmonitor 0.0011 134 106 163 137
