person 0.9622 259 99 394 351
person 0.4313 377 155 502 369
person 0.3220 361 132 450 254
person 0.1728 431 141 481 171
person 0.1584 264 101 376 183
person 0.1349 387 141 488 245
person 0.1223 411 145 443 174
person 0.0742 383 139 436 210
person 0.0523 370 160 415 223
person 0.0507 437 158 500 275
person 0.0504 355 113 443 196
person 0.0478 337 108 467 287
person 0.0422 399 138 432 173
person 0.0391 237 93 280 176
person 0.0350 403 135 457 181
person 0.0335 217 86 297 197
person 0.0321 442 140 495 182
person 0.0281 478 156 500 195
person 0.0273 379 171 409 213
person 0.0265 397 154 424 197
person 0.0260 329 146 405 293
person 0.0215 397 121 487 186
person 0.0204 447 144 499 209
person 0.0201 372 257 459 370
person 0.0154 479 146 499 182
person 0.0148 246 103 331 192
person 0.0139 474 146 500 219
person 0.0130 255 98 306 175
person 0.0125 293 153 432 365
person 0.0119 236 62 317 175
person 0.0118 399 136 434 153
person 0.0115 329 134 425 222
person 0.0112 221 105 262 171
person 0.0098 246 139 274 175
person 0.0096 407 251 501 371
person 0.0092 422 144 486 202
person 0.0071 -2 -32 422 406
person 0.0070 315 98 400 191
person 0.0070 222 123 250 165
person 0.0067 453 159 492 188
person 0.0064 354 145 398 212
person 0.0064 324 193 400 337
person 0.0061 410 157 446 184
person 0.0054 246 89 268 124
person 0.0049 372 131 422 197
person 0.0048 261 145 286 177
person 0.0044 249 94 273 140
person 0.0044 350 211 401 292
person 0.0041 404 132 447 156
person 0.0038 357 198 452 335
person 0.0037 247 117 272 165
person 0.0033 156 118 337 341
person 0.0032 379 145 409 179
person 0.0032 366 191 414 282
person 0.0032 254 153 310 204
person 0.0029 261 157 293 197
person 0.0028 422 129 511 340
person 0.0028 463 176 491 217
person 0.0028 365 160 388 206
person 0.0027 345 93 392 146
person 0.0022 240 162 279 189
person 0.0021 392 172 420 212
person 0.0019 294 186 374 362
person 0.0018 400 120 457 165
person 0.0018 433 130 472 161
person 0.0018 241 158 333 276
person 0.0015 256 207 331 343
person 0.0015 217 138 238 170
person 0.0015 476 180 500 366
person 0.0015 204 160 316 233
person 0.0014 264 115 327 172
person 0.0014 354 179 401 243
person 0.0013 98 18 244 267
person 0.0013 227 101 255 137
person 0.0013 425 161 487 229
person 0.0013 216 122 239 164
person 0.0012 285 119 347 174
person 0.0011 321 88 404 151
person 0.0010 424 162 478 184
person 0.0010 378 69 408 95
person 0.0010 127 62 449 383
car 0.0023 -2 -32 422 406
car 0.0010 399 136 434 153
motorbike 0.0146 377 155 502 369
train 0.0061 -2 -32 422 406
dog 0.0016 377 155 502 369
dog 0.0013 259 158 395 357
dog 0.0010 261 312 398 374
horse 0.0133 377 155 502 369
bottle 0.0227 279 164 313 202
bottle 0.0089 261 157 293 197
bottle 0.0077 261 145 286 177
bottle 0.0031 261 175 291 205
bottle 0.0019 306 161 332 196
bottle 0.0016 363 173 386 212
bottle 0.0016 398 223 504 369
bottle 0.0016 339 158 369 194
bottle 0.0014 222 123 250 165
bottle 0.0010 379 161 408 202
bottle 0.0010 237 93 280 176
bottle 0.0010 221 105 262 171
chair 0.0572 324 193 400 337
chair 0.0239 329 146 405 293
chair 0.0183 334 212 381 287
chair 0.0173 268 246 381 359
chair 0.0173 9 -19 264 386
chair 0.0151 350 211 401 292
chair 0.0150 379 171 409 213
chair 0.0119 399 136 434 153
chair 0.0073 372 148 418 210
chair 0.0066 369 251 454 366
chair 0.0061 366 191 414 282
chair 0.0050 358 205 388 231
chair 0.0046 379 145 409 179
chair 0.0046 269 242 313 333
chair 0.0044 399 138 432 173
chair 0.0040 253 236 334 358
chair 0.0038 354 147 448 283
chair 0.0037 411 145 443 174
chair 0.0037 137 282 265 369
chair 0.0035 326 105 352 132
chair 0.0032 363 173 386 212
chair 0.0032 204 160 316 233
chair 0.0027 354 161 403 226
chair 0.0024 -2 -15 115 321
chair 0.0023 259 158 395 357
chair 0.0022 342 229 373 274
chair 0.0021 349 199 374 232
chair 0.0021 394 134 440 190
chair 0.0020 380 158 486 273
chair 0.0020 382 194 410 231
chair 0.0019 299 181 371 332
chair 0.0019 261 312 398 374
chair 0.0019 404 132 447 156
chair 0.0018 397 154 424 197
chair 0.0018 328 266 389 321
chair 0.0018 288 126 345 181
chair 0.0017 155 170 328 354
chair 0.0016 279 164 313 202
chair 0.0015 437 157 500 276
chair 0.0015 391 246 500 372
chair 0.0013 339 214 371 261
chair 0.0012 259 112 376 196
chair 0.0012 241 158 333 276
chair 0.0011 433 130 472 161
chair 0.0010 32 289 214 372
sofa 0.0013 399 136 434 153
sofa 0.0011 380 158 486 273
sofa 0.0011 329 134 425 222
sofa 0.0011 329 146 405 293
sofa 0.0010 437 157 500 276
pottedplant 0.0019 372 148 418 210
pottedplant 0.0010 379 161 408 202
diningtable 0.0092 399 136 434 153
diningtable 0.0090 411 145 443 174
diningtable 0.0058 379 161 408 202
diningtable 0.0051 231 150 329 229
diningtable 0.0042 260 99 391 193
diningtable 0.0041 236 62 317 175
diningtable 0.0030 379 145 409 179
diningtable 0.0026 404 132 447 156
diningtable 0.0025 261 145 286 177
diningtable 0.0025 397 121 487 186
diningtable 0.0023 323 127 402 256
diningtable 0.0022 399 138 432 173
diningtable 0.0022 363 173 386 212
diningtable 0.0018 270 157 319 206
diningtable 0.0018 255 98 306 175
diningtable 0.0017 354 161 403 226
diningtable 0.0017 358 205 388 231
diningtable 0.0017 372 148 418 210
diningtable 0.0016 355 113 443 196
diningtable 0.0015 410 157 446 184
diningtable 0.0015 274 139 385 222
diningtable 0.0012 332 145 383 208
diningtable 0.0011 326 105 352 132
tvmonitor 0.1441 399 136 434 153
tvmonitor 0.0164 35 -8 234 308
tvmonitor 0.0088 404 132 447 156
tvmonitor 0.0082 -2 -15 115 321
tvmonitor 0.0048 93 8 246 230
tvmonitor 0.0030 433 130 472 161
tvmonitor 0.0022 378 69 408 95
tvmonitor 0.0014 399 138 432 173
tvmonitor 0.0014 425 92 482 153
tvmonitor 0.0013 146 -4 258 88
tvmonitor 0.0010 -2 -32 422 406
