person 0.4354 38 106 64 187
person 0.1591 26 105 46 186
person 0.1319 317 103 344 198
person 0.0369 28 103 44 152
person 0.0159 46 106 64 151
person 0.0082 50 102 73 187
person 0.0024 22 134 40 185
person 0.0019 53 107 66 183
person 0.0014 314 112 329 174
person 0.0014 315 109 334 145
bicycle 0.0011 38 106 64 187
dog 0.0012 38 106 64 187
bottle 0.0036 38 106 64 187
bottle 0.0010 319 113 345 201
chair 0.7506 46 179 195 418
chair 0.0267 49 179 159 247
chair 0.0230 62 181 98 210
chair 0.0144 91 195 152 252
chair 0.0117 90 188 125 218
chair 0.0045 58 178 92 198
chair 0.0034 55 177 112 228
chair 0.0031 51 181 97 266
chair 0.0028 80 180 135 232
chair 0.0026 53 182 157 311
chair 0.0020 10 126 335 465
chair 0.0016 122 183 216 256
chair 0.0016 319 113 345 201
chair 0.0010 22 167 108 255
pottedplant 0.3230 296 161 317 199
pottedplant 0.1611 319 113 345 201
pottedplant 0.0269 328 162 347 199
pottedplant 0.0145 311 102 339 196
pottedplant 0.0104 300 155 334 211
pottedplant 0.0083 303 185 326 214
pottedplant 0.0040 311 135 326 196
pottedplant 0.0022 314 112 329 174
pottedplant 0.0018 291 130 318 201
diningtable 0.0081 47 182 196 452
diningtable 0.0046 122 183 216 256
diningtable 0.0042 49 179 159 247
diningtable 0.0032 125 182 295 246
diningtable 0.0027 10 126 335 465
diningtable 0.0018 62 181 98 210
diningtable 0.0016 90 188 125 218
diningtable 0.0010 87 207 140 233
tvmonitor 0.0034 20 78 106 196
