person 0.0023 0 12 27 46
person 0.0017 271 -27 524 401
person 0.0015 469 3 500 37
person 0.0011 0 10 29 76
person 0.0011 388 0 481 62
person 0.0010 441 0 500 42
car 0.0013 84 -14 409 396
bird 0.0029 0 12 135 203
cat 0.2892 0 12 135 203
cat 0.1156 84 -14 409 396
cat 0.0092 5 -5 286 387
cat 0.0029 -8 25 143 350
cat 0.0019 278 4 399 77
dog 0.2475 84 -14 409 396
dog 0.0033 0 12 135 203
dog 0.0024 5 -5 286 387
dog 0.0013 388 0 481 62
bottle 0.0018 0 12 27 46
bottle 0.0011 0 10 29 76
chair 0.0145 84 -14 409 396
chair 0.0017 29 0 156 67
chair 0.0012 0 0 56 52
sofa 0.0519 84 -14 409 396
diningtable 0.0015 84 -14 409 396
