person 0.0089 70 102 89 147
person 0.0077 479 119 499 275
person 0.0066 313 25 334 110
person 0.0044 477 149 500 357
person 0.0042 124 88 287 193
person 0.0037 225 94 270 178
person 0.0030 386 154 500 375
person 0.0021 309 310 478 372
person 0.0019 62 98 97 180
person 0.0014 447 141 502 377
person 0.0012 481 48 500 233
person 0.0010 0 132 13 185
cat 0.0025 313 25 334 110
bottle 0.1220 313 25 334 110
bottle 0.0038 59 109 76 167
bottle 0.0029 70 113 89 155
bottle 0.0026 62 98 97 180
bottle 0.0018 68 127 109 199
bottle 0.0016 54 99 80 181
chair 0.0422 479 119 499 275
chair 0.0228 454 210 491 295
chair 0.0165 68 143 113 203
chair 0.0165 477 149 500 357
chair 0.0117 388 142 441 169
chair 0.0100 453 214 498 370
chair 0.0079 141 311 274 372
chair 0.0068 482 253 500 289
chair 0.0055 0 144 13 208
chair 0.0049 339 138 444 179
chair 0.0037 386 154 500 375
chair 0.0036 405 238 494 359
chair 0.0035 358 135 463 223
chair 0.0034 34 307 147 376
chair 0.0032 484 204 500 268
chair 0.0032 456 231 481 280
chair 0.0029 478 256 500 366
chair 0.0029 0 299 26 368
chair 0.0028 443 160 500 313
chair 0.0025 282 312 463 372
chair 0.0025 483 163 499 232
chair 0.0023 0 124 21 266
chair 0.0017 399 124 483 248
chair 0.0017 382 140 445 206
chair 0.0017 87 142 111 184
chair 0.0014 4 141 54 222
chair 0.0014 484 258 500 321
chair 0.0014 57 260 216 349
chair 0.0014 38 230 308 374
chair 0.0013 435 212 478 298
chair 0.0013 391 305 492 369
chair 0.0012 0 167 16 219
chair 0.0011 484 125 500 187
chair 0.0010 0 109 16 212
sofa 0.0111 479 119 499 275
sofa 0.0025 477 149 500 357
pottedplant 0.0031 62 98 97 180
pottedplant 0.0015 0 144 13 208
pottedplant 0.0010 54 99 80 181
diningtable 0.0058 38 230 308 374
diningtable 0.0055 -27 210 452 378
diningtable 0.0015 89 84 487 359
diningtable 0.0013 245 142 440 281
tvmonitor 0.9812 124 88 287 193
tvmonitor 0.0467 4 141 54 222
tvmonitor 0.0182 310 149 440 251
tvmonitor 0.0150 68 143 113 203
tvmonitor 0.0143 54 99 80 181
tvmonitor 0.0139 388 142 441 169
tvmonitor 0.0068 52 61 83 92
tvmonitor 0.0063 53 84 91 163
tvmonitor 0.0061 0 56 48 108
tvmonitor 0.0056 68 57 93 92
tvmonitor 0.0054 479 119 499 275
tvmonitor 0.0050 12 121 43 150
tvmonitor 0.0035 230 92 277 185
tvmonitor 0.0029 16 60 45 94
tvmonitor 0.0026 3 111 48 169
tvmonitor 0.0022 42 52 94 101
tvmonitor 0.0011 14 87 92 207
tvmonitor 0.0010 0 131 17 223
tvmonitor 0.0010 0 68 65 213
