person 0.3508 13 0 323 392
person 0.0174 4 0 212 218
person 0.0141 4 173 267 373
person 0.0061 -2 263 108 367
person 0.0040 -1 152 139 376
bicycle 0.0010 4 173 267 373
motorbike 0.0030 4 173 267 373
bird 0.0030 364 221 393 244
bird 0.0029 465 175 491 219
bird 0.0010 464 198 490 217
dog 0.0010 237 15 512 264
sheep 0.9581 282 10 497 264
sheep 0.0083 392 -5 494 244
sheep 0.0058 465 175 491 219
sheep 0.0044 311 176 499 263
sheep 0.0035 436 33 499 208
sheep 0.0021 395 0 471 16
sheep 0.0015 401 123 502 230
sheep 0.0015 478 21 499 220
sheep 0.0012 384 7 496 120
sheep 0.0011 472 139 498 220
chair 0.0052 -2 263 108 367
chair 0.0027 4 173 267 373
chair 0.0021 6 166 82 216
pottedplant 0.0017 0 0 58 139
pottedplant 0.0011 0 0 28 94
