person 0.0176 271 139 299 165
person 0.0131 276 142 315 167
person 0.0095 317 151 345 196
person 0.0070 351 117 373 162
person 0.0066 203 153 305 213
person 0.0053 314 139 348 175
person 0.0043 276 130 307 157
person 0.0041 296 128 352 149
person 0.0037 309 147 354 204
person 0.0034 304 140 338 170
person 0.0031 414 99 452 181
person 0.0029 308 152 332 203
person 0.0023 280 162 306 233
person 0.0022 295 127 346 194
person 0.0018 262 136 304 219
person 0.0018 347 145 375 178
person 0.0017 231 151 277 167
person 0.0017 281 161 310 191
person 0.0015 162 134 211 150
person 0.0014 144 159 180 190
person 0.0013 133 156 158 192
person 0.0010 304 146 342 234
person 0.0010 209 182 287 281
bicycle 0.0015 155 154 206 227
bicycle 0.0013 181 145 218 221
car 0.0269 231 151 277 167
car 0.0063 208 159 305 208
car 0.0035 271 139 299 165
car 0.0019 162 134 211 150
car 0.0017 144 159 180 190
car 0.0011 199 150 240 168
cow 0.0014 231 151 277 167
chair 0.9923 320 168 404 257
chair 0.9745 100 173 180 262
chair 0.7399 210 180 291 285
chair 0.5999 209 164 301 242
chair 0.1154 155 154 206 227
chair 0.0938 231 151 277 167
chair 0.0819 304 146 342 234
chair 0.0438 303 169 321 214
chair 0.0424 317 151 345 196
chair 0.0395 309 147 354 204
chair 0.0388 280 162 306 233
chair 0.0328 183 157 215 226
chair 0.0297 308 152 332 203
chair 0.0182 186 190 208 229
chair 0.0167 144 159 180 190
chair 0.0156 160 157 203 187
chair 0.0104 265 179 303 237
chair 0.0102 332 160 369 194
chair 0.0102 204 168 284 216
chair 0.0098 140 150 187 210
chair 0.0088 185 154 210 201
chair 0.0083 170 173 196 226
chair 0.0083 215 166 295 190
chair 0.0077 220 177 291 205
chair 0.0068 115 152 210 235
chair 0.0061 144 179 182 209
chair 0.0055 281 161 310 191
chair 0.0045 199 150 240 168
chair 0.0038 142 137 227 218
chair 0.0035 205 172 227 220
chair 0.0034 360 168 385 199
chair 0.0033 271 139 299 165
chair 0.0032 315 187 332 237
chair 0.0032 114 165 145 197
chair 0.0029 169 192 193 230
chair 0.0024 200 159 238 225
chair 0.0023 204 173 231 251
chair 0.0023 299 149 382 241
chair 0.0022 107 174 137 202
chair 0.0022 50 118 79 205
chair 0.0019 274 141 315 217
chair 0.0019 304 140 338 170
chair 0.0016 405 129 425 174
chair 0.0016 54 157 76 203
chair 0.0016 133 156 158 192
chair 0.0016 154 152 282 227
chair 0.0014 281 142 352 238
chair 0.0014 162 134 211 150
chair 0.0012 158 192 181 238
chair 0.0011 276 142 315 167
chair 0.0011 185 181 221 234
chair 0.0011 159 139 209 165
chair 0.0011 319 180 348 204
chair 0.0011 314 139 348 175
chair 0.0010 403 162 425 197
sofa 0.3155 100 173 180 262
sofa 0.2962 318 158 404 249
sofa 0.2779 209 164 301 242
sofa 0.1505 209 182 287 281
sofa 0.0080 142 156 190 227
sofa 0.0046 142 137 227 218
sofa 0.0030 154 152 282 227
sofa 0.0028 117 150 204 236
sofa 0.0022 304 146 342 234
sofa 0.0020 181 145 218 221
sofa 0.0020 281 142 352 238
sofa 0.0017 204 168 284 216
sofa 0.0014 309 147 354 204
pottedplant 0.2106 183 157 215 226
pottedplant 0.1196 142 137 227 218
pottedplant 0.1192 144 159 180 190
pottedplant 0.0840 162 134 211 150
pottedplant 0.0650 303 145 343 211
pottedplant 0.0645 140 150 187 210
pottedplant 0.0521 332 160 369 194
pottedplant 0.0499 276 142 315 167
pottedplant 0.0441 317 151 345 196
pottedplant 0.0420 281 121 352 208
pottedplant 0.0418 296 128 352 149
pottedplant 0.0339 276 130 307 157
pottedplant 0.0312 185 154 210 201
pottedplant 0.0281 133 156 158 192
pottedplant 0.0279 274 141 315 217
pottedplant 0.0220 208 159 305 208
pottedplant 0.0198 155 154 206 227
pottedplant 0.0168 310 129 354 194
pottedplant 0.0143 272 129 320 186
pottedplant 0.0120 285 116 351 160
pottedplant 0.0118 308 152 332 203
pottedplant 0.0117 159 139 209 165
pottedplant 0.0110 347 145 375 178
pottedplant 0.0108 338 126 376 192
pottedplant 0.0102 186 190 208 229
pottedplant 0.0090 179 144 224 167
pottedplant 0.0084 147 149 181 179
pottedplant 0.0084 303 169 321 214
pottedplant 0.0081 199 150 240 168
pottedplant 0.0077 138 133 182 191
pottedplant 0.0076 314 139 348 175
pottedplant 0.0064 119 131 170 190
pottedplant 0.0063 281 161 310 191
pottedplant 0.0063 157 135 215 184
pottedplant 0.0059 98 156 183 248
pottedplant 0.0054 198 151 242 215
pottedplant 0.0038 280 162 306 233
pottedplant 0.0037 272 119 325 165
pottedplant 0.0037 351 117 373 162
pottedplant 0.0034 154 152 282 227
pottedplant 0.0034 144 179 182 209
pottedplant 0.0032 304 140 338 170
pottedplant 0.0031 160 157 203 187
pottedplant 0.0027 313 147 354 240
pottedplant 0.0027 127 145 158 180
pottedplant 0.0026 356 134 377 177
pottedplant 0.0018 245 136 343 213
pottedplant 0.0016 98 131 186 214
pottedplant 0.0015 301 133 375 227
pottedplant 0.0014 291 103 352 146
pottedplant 0.0014 185 181 221 234
pottedplant 0.0013 271 139 299 165
pottedplant 0.0011 151 116 245 202
pottedplant 0.0010 149 124 178 155
pottedplant 0.0010 197 125 235 151
diningtable 0.0185 205 164 304 228
diningtable 0.0078 155 154 206 227
diningtable 0.0055 280 162 306 233
diningtable 0.0050 209 182 287 281
diningtable 0.0050 281 161 310 191
diningtable 0.0049 303 169 321 214
diningtable 0.0045 220 177 291 205
diningtable 0.0032 159 139 209 165
diningtable 0.0029 308 152 332 203
diningtable 0.0028 215 166 295 190
diningtable 0.0024 304 146 342 234
diningtable 0.0024 160 157 203 187
diningtable 0.0019 231 151 277 167
diningtable 0.0015 317 151 345 196
diningtable 0.0010 170 173 196 226
tvmonitor 0.0078 417 105 453 124
tvmonitor 0.0070 414 115 453 201
tvmonitor 0.0036 416 122 440 163
tvmonitor 0.0017 213 185 291 281
tvmonitor 0.0014 205 164 304 228
tvmonitor 0.0010 249 117 271 154
