person 0.9953 121 67 240 279
person 0.0383 0 200 24 376
person 0.0183 -1 177 14 294
person 0.0161 0 189 12 249
person 0.0157 0 168 43 341
person 0.0117 319 162 466 348
person 0.0115 -2 82 50 377
person 0.0089 0 213 10 287
person 0.0061 0 175 50 245
person 0.0060 320 202 429 327
person 0.0053 0 169 18 225
person 0.0036 0 152 23 251
person 0.0020 287 159 363 301
person 0.0015 314 190 396 288
person 0.0011 -2 153 105 372
person 0.0011 -1 121 54 257
person 0.0010 348 315 396 341
bicycle 0.0036 0 175 50 245
bicycle 0.0011 0 200 24 376
bicycle 0.0010 0 156 19 274
car 0.0031 0 169 18 225
car 0.0021 0 156 19 274
car 0.0021 0 167 50 239
car 0.0017 0 189 12 249
boat 0.0010 0 186 21 366
bird 0.0038 316 197 429 311
dog 0.0038 319 162 466 348
dog 0.0024 320 202 429 327
dog 0.0018 0 175 50 245
horse 0.0037 320 202 429 327
horse 0.0036 279 122 466 327
cow 0.0040 279 122 466 327
cow 0.0020 320 202 429 327
cow 0.0012 0 175 50 245
bottle 0.0011 0 197 10 276
chair 0.1440 0 186 21 366
chair 0.0494 1 179 41 367
chair 0.0178 320 202 429 327
chair 0.0140 0 213 10 287
chair 0.0045 -1 177 14 294
chair 0.0037 -2 82 50 377
chair 0.0030 295 162 457 347
chair 0.0026 330 258 381 284
chair 0.0023 317 202 384 269
chair 0.0020 431 210 474 230
chair 0.0019 290 206 374 308
chair 0.0017 0 150 52 295
chair 0.0015 0 175 50 245
chair 0.0014 68 122 102 194
chair 0.0014 0 266 16 320
chair 0.0013 0 280 24 372
chair 0.0013 295 159 329 302
chair 0.0012 283 283 356 302
sofa 0.0016 0 200 24 376
pottedplant 0.0011 295 162 457 347
diningtable 0.0045 320 202 429 327
diningtable 0.0036 431 210 474 230
diningtable 0.0025 0 200 24 376
diningtable 0.0021 279 122 466 327
diningtable 0.0010 210 169 266 187
