person 0.0290 60 39 511 468
person 0.0029 -1 65 124 434
person 0.0019 0 14 58 403
person 0.0015 371 198 497 436
person 0.0010 0 51 22 273
car 0.0029 5 31 426 465
cat 0.6618 60 39 511 468
cat 0.0072 52 230 450 494
cat 0.0048 25 394 397 500
cat 0.0037 2 101 170 465
cat 0.0032 -13 7 226 417
cat 0.0031 0 25 122 396
cat 0.0015 203 151 499 484
cat 0.0013 79 37 501 254
cat 0.0013 -18 460 436 499
cat 0.0010 40 326 310 485
dog 0.1246 88 8 491 423
dog 0.0118 9 36 355 459
dog 0.0015 -1 65 124 434
sheep 0.0019 45 45 453 463
cow 0.0015 5 31 426 465
chair 0.0532 60 73 443 496
chair 0.0047 86 24 494 344
chair 0.0011 371 198 497 436
chair 0.0010 107 33 476 151
sofa 0.0224 17 70 412 496
sofa 0.0115 86 24 494 344
sofa 0.0039 63 236 516 490
sofa 0.0021 46 378 531 497
sofa 0.0011 107 33 476 151
sofa 0.0010 -30 432 453 500
sofa 0.0010 173 449 535 502
diningtable 0.0195 46 378 531 497
diningtable 0.0109 23 437 549 498
diningtable 0.0039 132 466 518 498
diningtable 0.0032 -18 460 436 499
diningtable 0.0015 65 58 513 513
tvmonitor 0.0011 -53 13 479 277
