person 0.0056 0 32 16 84
person 0.0010 23 35 67 76
bicycle 0.1652 53 77 365 287
car 0.5192 23 35 67 76
car 0.2400 56 33 82 66
car 0.0291 16 34 44 62
car 0.0200 0 33 16 64
car 0.0039 53 77 365 287
car 0.0023 45 7 79 37
car 0.0021 35 25 84 71
car 0.0017 4 230 337 370
car 0.0014 44 0 80 18
car 0.0011 14 0 39 21
motorbike 0.0046 53 77 365 287
aeroplane 0.0070 53 77 365 287
bus 0.0100 23 30 78 72
bus 0.0034 56 33 82 66
bus 0.0034 53 77 365 287
bus 0.0010 0 32 16 84
train 0.0019 34 20 386 286
boat 0.2267 53 77 365 287
pottedplant 0.0020 11 1 41 39
