person 0.9604 167 93 319 369
person 0.0019 140 229 345 371
person 0.0016 123 97 158 129
person 0.0014 200 129 304 241
person 0.0013 150 96 176 129
person 0.0012 166 86 197 126
bicycle 0.0030 123 97 158 129
bicycle 0.0018 166 100 199 130
bicycle 0.0014 116 98 140 132
bicycle 0.0011 150 96 176 129
boat 0.0014 216 184 525 359
bird 0.0030 448 313 489 377
horse 0.0046 166 100 199 130
bottle 0.7051 448 313 489 377
bottle 0.0100 449 359 486 376
bottle 0.0076 228 229 251 275
bottle 0.0052 204 255 234 281
bottle 0.0045 306 345 332 379
bottle 0.0034 204 219 244 283
bottle 0.0019 334 351 367 377
bottle 0.0017 241 324 287 370
bottle 0.0015 218 220 259 284
bottle 0.0012 323 349 350 378
bottle 0.0012 208 176 266 219
chair 0.0178 160 124 322 378
chair 0.0169 166 100 199 130
chair 0.0100 183 102 209 126
chair 0.0028 150 96 176 129
chair 0.0023 140 229 345 371
chair 0.0018 159 302 202 360
chair 0.0017 165 338 195 376
chair 0.0014 186 84 211 125
chair 0.0011 123 97 158 129
chair 0.0010 1 98 41 173
sofa 0.0023 3 74 202 144
sofa 0.0017 160 124 322 378
sofa 0.0011 34 22 391 357
pottedplant 0.0011 186 84 211 125
