person 0.8557 66 16 254 174
person 0.3871 298 -25 514 405
person 0.3467 296 0 435 164
person 0.2678 380 -27 501 334
person 0.2660 1 151 106 376
person 0.0642 0 218 61 372
person 0.0560 452 4 498 119
person 0.0355 0 -1 16 165
person 0.0223 28 19 316 368
person 0.0186 -1 14 68 359
person 0.0172 0 9 11 75
person 0.0171 147 12 257 149
person 0.0156 312 48 440 332
person 0.0123 11 323 118 378
person 0.0117 7 79 183 378
person 0.0096 16 254 118 375
person 0.0095 0 157 66 298
person 0.0073 152 -8 429 166
person 0.0062 0 199 48 275
person 0.0061 431 -7 503 241
person 0.0060 473 8 499 230
person 0.0054 -2 17 62 181
person 0.0047 160 6 491 371
person 0.0036 -1 179 31 372
person 0.0032 58 -14 442 238
person 0.0031 401 9 494 129
person 0.0029 236 15 437 285
person 0.0028 446 77 500 200
person 0.0027 124 105 308 284
person 0.0025 0 44 11 116
person 0.0022 2 5 119 208
person 0.0016 368 136 454 210
person 0.0016 400 93 485 215
person 0.0015 -1 150 33 289
person 0.0014 481 76 499 118
person 0.0013 6 135 95 245
person 0.0010 359 5 447 130
person 0.0010 361 -9 504 174
person 0.0010 0 50 20 225
person 0.0010 72 61 346 225
dog 0.0024 452 4 498 119
sheep 0.0013 452 4 498 119
bottle 0.8700 180 130 216 251
bottle 0.5526 51 115 77 192
bottle 0.5411 54 113 72 171
bottle 0.3884 69 133 102 214
bottle 0.3025 405 99 427 148
bottle 0.2904 341 91 378 154
bottle 0.1884 351 96 373 144
bottle 0.0539 352 99 382 175
bottle 0.0256 359 97 378 149
bottle 0.0212 76 147 101 198
bottle 0.0174 9 160 91 284
bottle 0.0166 315 96 395 182
bottle 0.0144 46 114 91 236
bottle 0.0137 42 133 63 182
bottle 0.0121 36 121 71 193
bottle 0.0118 387 125 434 196
bottle 0.0099 322 100 354 137
bottle 0.0097 28 221 74 277
bottle 0.0087 317 120 429 198
bottle 0.0070 178 127 215 189
bottle 0.0035 38 171 95 257
bottle 0.0032 353 117 398 193
bottle 0.0031 29 160 64 193
bottle 0.0030 181 207 210 236
bottle 0.0027 18 155 71 201
bottle 0.0025 45 127 135 243
bottle 0.0023 60 105 101 183
bottle 0.0020 373 132 420 193
bottle 0.0014 0 126 93 233
bottle 0.0013 312 48 440 332
bottle 0.0013 220 259 245 287
bottle 0.0012 81 140 114 213
bottle 0.0010 0 199 48 275
bottle 0.0010 69 126 96 162
chair 0.0458 3 341 122 372
chair 0.0229 405 99 427 148
chair 0.0166 321 117 500 378
chair 0.0086 1 151 106 376
chair 0.0071 380 189 437 248
chair 0.0056 16 254 118 375
chair 0.0054 452 4 498 119
chair 0.0044 402 195 433 233
chair 0.0027 296 1 426 155
chair 0.0021 219 230 420 371
chair 0.0019 -1 215 185 370
chair 0.0018 31 146 391 375
chair 0.0015 241 298 400 372
chair 0.0015 307 4 433 295
chair 0.0013 0 9 11 75
chair 0.0010 102 112 325 338
chair 0.0010 201 131 234 159
sofa 0.0172 3 341 122 372
sofa 0.0078 0 86 106 377
sofa 0.0022 79 80 418 373
sofa 0.0019 48 9 247 163
sofa 0.0014 4 291 123 373
sofa 0.0011 152 -8 429 166
sofa 0.0011 452 4 498 119
sofa 0.0010 298 2 432 200
sofa 0.0010 60 108 288 346
diningtable 0.0792 60 108 288 346
diningtable 0.0736 31 146 391 375
diningtable 0.0231 143 117 356 332
diningtable 0.0166 64 210 290 379
diningtable 0.0146 7 79 183 378
diningtable 0.0083 -3 36 110 351
diningtable 0.0073 312 48 440 332
diningtable 0.0060 214 143 437 374
diningtable 0.0051 80 207 285 303
diningtable 0.0044 315 97 410 197
diningtable 0.0022 0 158 63 199
diningtable 0.0021 185 138 306 249
diningtable 0.0021 6 135 95 245
diningtable 0.0018 104 19 470 365
diningtable 0.0017 147 223 272 291
diningtable 0.0016 193 224 395 372
diningtable 0.0014 98 186 249 277
diningtable 0.0014 0 118 93 201
diningtable 0.0014 374 144 447 198
diningtable 0.0011 164 176 258 273
