train 0.0025 56 103 309 177
boat 0.0301 381 186 405 215
boat 0.0177 406 201 453 216
boat 0.0144 378 202 406 217
boat 0.0054 352 201 400 218
boat 0.0053 410 191 450 210
boat 0.0028 392 191 430 211
boat 0.0014 7 213 48 245
boat 0.0014 361 190 394 215
boat 0.0013 2 207 80 249
boat 0.0012 425 188 476 208
boat 0.0011 16 218 76 243
bird 0.0031 121 270 199 320
cat 0.0047 121 270 199 320
dog 0.0089 121 270 199 320
horse 0.0603 121 271 199 320
sheep 0.8848 121 271 199 320
sheep 0.0023 129 297 196 319
cow 0.1520 121 270 199 320
