person 0.0045 455 6 498 164
person 0.0040 28 55 65 120
person 0.0022 40 59 62 105
bicycle 0.0012 166 1 310 80
car 0.0043 27 61 67 128
car 0.0021 40 59 62 105
car 0.0020 31 77 61 121
car 0.0014 175 -2 387 156
motorbike 0.8593 -2 6 439 304
motorbike 0.0357 28 55 65 120
motorbike 0.0111 40 59 62 105
motorbike 0.0046 175 -2 387 156
motorbike 0.0040 150 2 264 74
motorbike 0.0039 30 50 101 144
motorbike 0.0016 87 -4 345 99
motorbike 0.0011 43 54 63 84
motorbike 0.0010 34 43 163 121
train 0.0032 430 156 501 248
train 0.0020 448 -18 499 305
pottedplant 0.0097 454 18 498 174
pottedplant 0.0089 448 -18 499 305
pottedplant 0.0016 474 28 500 246
