person 0.8695 328 72 429 326
person 0.8099 185 45 308 334
person 0.7954 64 51 191 269
person 0.6123 304 102 342 136
person 0.3460 284 83 312 127
person 0.2326 435 116 462 151
person 0.2116 256 67 301 138
person 0.0768 190 73 294 222
person 0.0501 267 82 294 129
person 0.0371 246 57 317 170
person 0.0343 475 123 498 150
person 0.0330 235 49 283 122
person 0.0315 256 71 329 218
person 0.0229 220 57 303 144
person 0.0139 446 122 493 150
person 0.0135 245 85 277 119
person 0.0122 216 51 339 267
person 0.0080 242 47 271 78
person 0.0069 336 86 363 123
person 0.0068 337 101 361 131
person 0.0060 322 90 349 118
person 0.0057 272 81 316 189
person 0.0044 304 91 336 122
person 0.0042 177 118 196 152
person 0.0040 446 115 490 138
person 0.0037 255 99 299 211
person 0.0036 287 79 345 134
person 0.0035 265 68 294 102
person 0.0033 239 57 273 102
person 0.0033 431 114 480 161
person 0.0032 301 121 343 144
person 0.0030 331 101 420 215
person 0.0028 320 245 398 366
person 0.0025 413 121 455 147
person 0.0024 243 72 288 162
person 0.0024 265 50 386 339
person 0.0023 179 122 261 251
person 0.0022 82 64 249 302
person 0.0019 242 182 311 337
person 0.0017 444 95 497 149
person 0.0017 179 193 265 322
person 0.0017 71 63 183 152
person 0.0016 401 120 429 147
person 0.0016 298 103 344 165
person 0.0015 441 121 498 189
person 0.0014 448 138 492 169
person 0.0013 183 72 272 169
person 0.0012 479 109 500 145
person 0.0012 165 168 250 294
person 0.0010 431 98 471 149
car 0.4197 45 110 78 137
car 0.3737 446 122 493 150
car 0.1692 435 116 462 151
car 0.1430 401 120 429 147
car 0.1337 475 123 498 150
car 0.1209 36 103 67 135
car 0.0929 413 121 455 147
car 0.0772 1 80 49 159
car 0.0622 439 116 497 160
car 0.0402 37 98 91 143
car 0.0379 3 67 109 152
car 0.0297 325 107 458 176
car 0.0261 446 115 490 138
car 0.0243 3 102 56 132
car 0.0186 394 121 504 177
car 0.0158 328 88 468 139
car 0.0123 56 88 111 147
car 0.0101 0 48 59 178
car 0.0082 65 97 101 133
car 0.0080 347 111 408 167
car 0.0076 49 64 156 152
car 0.0073 38 109 86 164
car 0.0072 444 95 497 149
car 0.0070 177 118 196 152
car 0.0070 332 91 418 191
car 0.0068 0 92 15 143
car 0.0057 1 48 24 194
car 0.0054 8 96 106 193
car 0.0051 448 138 492 169
car 0.0046 36 119 71 150
car 0.0031 402 115 462 156
car 0.0030 174 110 198 138
car 0.0029 426 127 486 185
car 0.0028 335 108 419 133
car 0.0025 392 78 497 152
car 0.0021 435 98 499 196
car 0.0020 426 140 480 165
car 0.0019 431 98 471 149
car 0.0017 35 76 99 133
car 0.0015 347 89 407 145
car 0.0014 0 106 14 172
car 0.0014 322 90 349 118
car 0.0013 -1 46 118 105
car 0.0012 273 101 361 206
car 0.0012 332 59 444 337
car 0.0012 389 115 436 162
car 0.0012 395 122 427 193
car 0.0011 2 84 46 118
bus 0.0013 446 122 493 150
bird 0.0014 358 200 385 228
cat 0.0065 325 246 408 365
cat 0.0016 0 268 90 380
dog 0.9476 0 262 90 371
dog 0.9363 177 244 261 345
dog 0.8649 318 243 400 362
dog 0.7665 87 249 182 348
dog 0.5239 243 182 311 341
dog 0.0636 300 199 379 350
dog 0.0384 283 230 313 323
dog 0.0350 20 235 178 377
dog 0.0277 88 178 178 282
dog 0.0274 204 189 278 327
dog 0.0192 175 180 309 355
dog 0.0191 252 257 296 335
dog 0.0186 177 208 221 298
dog 0.0177 298 220 344 327
dog 0.0143 261 171 403 358
dog 0.0132 251 185 299 244
dog 0.0107 247 189 303 280
dog 0.0102 289 272 314 320
dog 0.0086 133 195 181 266
dog 0.0084 226 167 340 358
dog 0.0081 124 199 202 332
dog 0.0079 334 204 375 261
dog 0.0064 217 193 260 269
dog 0.0058 258 273 285 318
dog 0.0058 165 168 250 294
dog 0.0053 41 265 95 330
dog 0.0049 296 207 344 267
dog 0.0048 216 250 251 287
dog 0.0048 159 251 197 342
dog 0.0046 287 147 366 299
dog 0.0045 282 233 358 349
dog 0.0042 1 281 52 369
dog 0.0042 221 230 296 349
dog 0.0040 133 183 214 288
dog 0.0039 351 241 400 308
dog 0.0038 311 249 351 337
dog 0.0034 47 314 91 342
dog 0.0033 64 204 149 329
dog 0.0032 149 283 192 342
dog 0.0029 209 231 261 314
dog 0.0029 286 245 309 299
dog 0.0023 283 273 316 346
dog 0.0022 211 244 243 276
dog 0.0020 290 233 312 282
dog 0.0020 92 260 127 294
dog 0.0019 167 206 201 300
dog 0.0019 196 247 252 303
dog 0.0018 203 224 248 287
dog 0.0016 311 200 361 265
dog 0.0016 290 272 339 341
dog 0.0016 354 217 396 289
dog 0.0015 272 193 313 277
dog 0.0015 87 265 131 331
dog 0.0014 206 196 243 272
dog 0.0012 252 106 334 261
dog 0.0011 57 172 144 282
dog 0.0011 133 239 232 348
dog 0.0010 91 274 156 343
dog 0.0010 120 249 176 310
dog 0.0010 174 253 192 301
horse 0.0065 185 45 308 334
horse 0.0046 242 182 311 337
horse 0.0043 165 168 250 294
horse 0.0025 207 175 298 295
horse 0.0012 88 178 178 282
sheep 0.0674 88 178 178 282
sheep 0.0232 243 182 311 341
sheep 0.0147 66 188 144 280
sheep 0.0130 133 195 181 266
sheep 0.0082 104 188 143 259
sheep 0.0047 283 230 313 323
sheep 0.0044 79 187 135 248
sheep 0.0033 297 196 372 345
sheep 0.0030 82 229 124 285
sheep 0.0028 133 183 214 288
sheep 0.0022 63 57 191 296
sheep 0.0018 52 192 90 279
sheep 0.0015 224 188 261 251
sheep 0.0014 318 243 400 362
sheep 0.0013 261 171 403 358
sheep 0.0013 165 168 250 294
cow 0.0011 0 268 90 380
bottle 0.0184 340 212 371 257
bottle 0.0056 366 219 391 256
bottle 0.0052 340 205 375 232
bottle 0.0046 358 200 385 228
bottle 0.0033 438 281 488 311
bottle 0.0020 363 230 394 270
bottle 0.0019 390 268 409 312
bottle 0.0016 258 157 273 203
bottle 0.0016 52 192 90 279
bottle 0.0014 258 273 285 318
bottle 0.0010 289 272 314 320
bottle 0.0010 214 207 236 256
chair 0.0186 88 178 178 282
chair 0.0089 177 79 311 349
chair 0.0079 322 68 433 357
chair 0.0069 63 57 191 296
chair 0.0052 475 123 498 150
chair 0.0035 241 193 310 345
chair 0.0021 170 180 191 222
chair 0.0017 284 125 360 251
chair 0.0015 177 118 196 152
chair 0.0014 80 137 179 251
chair 0.0012 133 183 214 288
chair 0.0012 301 121 343 144
chair 0.0011 57 172 144 282
sofa 0.0012 63 57 191 296
pottedplant 0.0050 174 110 198 138
pottedplant 0.0011 177 118 196 152
