person 0.0013 475 246 500 343
motorbike 0.0011 270 349 294 375
bus 0.0010 351 0 504 51
bird 0.0162 323 330 358 363
bird 0.0020 269 346 297 371
bird 0.0016 284 339 345 362
bird 0.0016 323 320 352 350
bird 0.0011 272 343 320 368
cat 0.0022 323 330 358 363
cat 0.0018 270 349 294 375
dog 0.0015 269 346 297 371
bottle 0.0019 270 349 294 375
chair 0.2836 0 167 205 364
chair 0.0440 145 162 229 349
chair 0.0071 4 126 56 182
chair 0.0042 341 246 450 336
chair 0.0037 345 256 402 321
chair 0.0036 89 60 112 80
chair 0.0032 3 122 69 228
chair 0.0030 153 168 223 273
chair 0.0027 16 67 224 324
chair 0.0023 385 289 491 372
chair 0.0020 110 83 235 359
chair 0.0016 32 79 60 123
chair 0.0016 0 171 73 223
chair 0.0015 400 254 460 306
chair 0.0013 155 -12 338 153
chair 0.0011 385 254 485 332
sofa 0.5657 9 74 230 364
sofa 0.1092 30 73 215 225
sofa 0.0787 0 202 203 371
sofa 0.0046 19 25 402 356
sofa 0.0034 3 122 69 228
sofa 0.0026 125 165 236 366
sofa 0.0023 103 74 234 317
sofa 0.0019 111 25 293 274
sofa 0.0011 -7 170 366 350
pottedplant 0.0778 271 74 462 369
pottedplant 0.0704 256 162 396 359
pottedplant 0.0432 383 153 495 376
pottedplant 0.0376 385 289 491 372
pottedplant 0.0307 298 30 498 267
pottedplant 0.0225 29 70 62 126
pottedplant 0.0165 437 189 499 324
pottedplant 0.0141 227 219 432 371
pottedplant 0.0138 263 1 399 297
pottedplant 0.0130 273 193 366 330
pottedplant 0.0113 284 -3 391 89
pottedplant 0.0094 326 228 499 378
pottedplant 0.0093 109 6 474 367
pottedplant 0.0089 0 13 61 147
pottedplant 0.0077 173 -7 399 160
pottedplant 0.0064 374 276 410 350
pottedplant 0.0057 405 164 498 284
pottedplant 0.0056 441 200 500 269
pottedplant 0.0055 4 59 57 136
pottedplant 0.0054 278 -7 443 171
pottedplant 0.0041 341 246 450 336
pottedplant 0.0033 351 201 470 315
pottedplant 0.0033 473 201 500 346
pottedplant 0.0032 3 14 105 123
pottedplant 0.0026 385 254 485 332
pottedplant 0.0025 350 167 446 281
pottedplant 0.0022 270 349 294 375
pottedplant 0.0020 0 1 20 161
pottedplant 0.0019 327 2 385 82
pottedplant 0.0017 31 70 54 103
pottedplant 0.0015 443 263 497 321
pottedplant 0.0013 327 0 504 64
pottedplant 0.0010 273 236 331 314
diningtable 0.0120 85 196 497 394
diningtable 0.0087 227 219 432 371
diningtable 0.0059 162 278 490 380
diningtable 0.0028 249 315 395 371
diningtable 0.0021 266 301 462 372
diningtable 0.0020 109 6 474 367
diningtable 0.0015 389 289 488 370
diningtable 0.0015 253 163 477 358
tvmonitor 0.0054 155 -12 338 153
tvmonitor 0.0039 354 1 504 57
