bird 0.7930 204 123 286 276
bird 0.0606 105 251 137 273
bird 0.0555 416 184 440 221
bird 0.0480 281 152 308 253
bird 0.0381 168 119 284 327
bird 0.0262 323 206 355 278
bird 0.0227 246 147 320 295
bird 0.0209 378 268 399 318
bird 0.0198 331 210 353 262
bird 0.0191 212 63 372 318
bird 0.0173 484 122 499 158
bird 0.0138 305 252 329 294
bird 0.0135 168 301 195 331
bird 0.0129 241 260 279 289
bird 0.0129 379 239 406 271
bird 0.0119 397 180 429 221
bird 0.0113 361 197 382 232
bird 0.0104 275 154 313 316
bird 0.0090 51 241 79 276
bird 0.0087 297 37 419 276
bird 0.0079 68 217 90 252
bird 0.0075 405 139 426 179
bird 0.0075 427 258 450 293
bird 0.0071 305 273 328 313
bird 0.0071 52 255 79 290
bird 0.0069 218 264 264 291
bird 0.0069 336 240 382 306
bird 0.0068 104 255 141 286
bird 0.0067 375 240 403 318
bird 0.0067 393 198 433 232
bird 0.0066 23 179 45 224
bird 0.0066 222 283 254 313
bird 0.0063 116 217 142 252
bird 0.0060 397 162 419 203
bird 0.0059 393 169 437 230
bird 0.0057 165 319 200 348
bird 0.0056 266 293 289 335
bird 0.0055 104 278 135 311
bird 0.0055 417 104 446 140
bird 0.0054 191 269 244 319
bird 0.0053 359 237 388 275
bird 0.0051 387 189 441 242
bird 0.0051 344 241 377 278
bird 0.0050 324 240 351 279
bird 0.0049 18 281 75 298
bird 0.0048 318 74 424 220
bird 0.0046 467 145 486 182
bird 0.0046 143 319 184 346
bird 0.0044 373 201 418 235
bird 0.0043 146 299 180 334
bird 0.0042 103 317 135 360
bird 0.0042 412 169 443 226
bird 0.0042 322 255 347 290
bird 0.0042 186 297 223 327
bird 0.0041 302 242 335 310
bird 0.0041 187 320 226 347
bird 0.0041 359 278 384 313
bird 0.0038 150 276 182 315
bird 0.0038 210 116 285 211
bird 0.0038 378 224 409 251
bird 0.0037 132 296 162 337
bird 0.0036 162 236 278 313
bird 0.0035 322 272 351 312
bird 0.0033 274 209 290 256
bird 0.0033 238 245 283 302
bird 0.0032 276 264 314 326
bird 0.0030 128 313 158 349
bird 0.0030 52 277 88 300
bird 0.0029 28 269 71 293
bird 0.0029 419 163 446 201
bird 0.0028 422 301 443 331
bird 0.0028 92 185 119 221
bird 0.0027 314 236 355 312
bird 0.0027 218 199 264 268
bird 0.0025 291 14 350 186
bird 0.0025 353 237 395 312
bird 0.0024 315 8 351 86
bird 0.0023 264 279 289 320
bird 0.0023 130 273 158 313
bird 0.0023 388 302 430 331
bird 0.0023 264 183 298 290
bird 0.0022 8 281 49 300
bird 0.0022 316 305 345 333
bird 0.0022 85 307 134 362
bird 0.0022 393 242 423 271
bird 0.0022 19 326 81 349
bird 0.0021 140 281 188 342
bird 0.0021 261 241 284 276
bird 0.0021 175 21 336 282
bird 0.0020 266 342 297 374
bird 0.0020 420 219 447 253
bird 0.0019 339 253 373 292
bird 0.0019 11 272 50 294
bird 0.0019 241 280 276 317
bird 0.0019 0 228 19 325
bird 0.0019 14 198 50 228
bird 0.0018 93 260 127 290
bird 0.0018 236 191 285 279
bird 0.0018 391 261 429 327
bird 0.0018 48 226 86 290
sheep 0.0014 92 185 119 221
sheep 0.0013 95 157 115 197
pottedplant 0.0048 -29 -25 301 414
pottedplant 0.0014 13 62 175 394
