person 0.0083 0 122 22 151
person 0.0040 89 90 113 117
person 0.0021 4 129 54 156
person 0.0012 398 50 417 84
person 0.0010 0 131 17 176
car 0.0347 0 131 57 179
car 0.0133 0 122 22 151
car 0.0124 4 129 54 156
car 0.0094 0 131 17 176
car 0.0041 0 123 93 188
car 0.0028 0 119 22 195
car 0.0020 15 111 52 135
car 0.0020 0 115 71 230
car 0.0020 0 147 15 204
car 0.0013 2 -10 494 211
car 0.0012 0 132 19 259
motorbike 0.8656 8 52 408 271
motorbike 0.2501 253 50 473 272
motorbike 0.0123 369 42 498 239
motorbike 0.0027 0 131 57 179
motorbike 0.0023 0 115 71 230
motorbike 0.0017 2 -10 494 211
motorbike 0.0013 0 114 20 236
motorbike 0.0012 154 35 504 154
motorbike 0.0011 432 86 500 235
motorbike 0.0010 0 123 93 188
boat 0.0031 4 129 54 156
boat 0.0027 0 131 57 179
boat 0.0013 0 122 22 151
