person 0.0060 20 105 233 333
car 0.0048 428 235 463 253
car 0.0012 463 229 489 255
car 0.0012 420 228 455 255
dog 0.2061 20 105 233 333
horse 0.2174 56 106 274 333
horse 0.0155 145 140 275 329
horse 0.0101 59 18 440 329
horse 0.0071 188 139 256 304
sheep 0.0379 20 105 233 333
cow 0.5683 226 38 450 320
cow 0.1866 20 105 233 333
cow 0.0307 59 18 440 329
cow 0.0094 144 146 349 330
cow 0.0090 180 150 261 322
cow 0.0030 334 186 420 325
cow 0.0027 342 234 367 266
cow 0.0014 389 34 489 323
chair 0.0052 20 105 233 333
