person 0.1336 0 218 19 320
person 0.0396 0 217 29 400
person 0.0181 319 0 353 35
person 0.0160 339 0 359 44
person 0.0121 0 219 20 251
person 0.0106 299 1 341 29
person 0.0057 0 256 13 317
person 0.0056 141 2 172 30
person 0.0056 369 -2 488 85
person 0.0045 282 0 353 44
person 0.0042 179 -1 214 27
person 0.0041 174 -2 205 22
person 0.0040 0 288 49 375
person 0.0039 0 244 16 296
person 0.0034 -2 204 48 338
person 0.0033 0 87 60 433
person 0.0032 222 0 260 31
person 0.0030 272 4 328 33
person 0.0029 0 110 19 276
person 0.0023 486 5 500 70
person 0.0022 0 163 24 307
person 0.0019 284 -3 320 22
person 0.0019 139 3 183 77
person 0.0019 359 0 381 44
person 0.0017 337 4 378 73
person 0.0017 -1 300 49 432
person 0.0017 12 109 46 197
person 0.0015 0 301 22 430
person 0.0015 9 304 41 344
person 0.0015 237 0 274 29
person 0.0013 471 139 499 243
person 0.0012 211 -2 271 42
person 0.0012 277 0 466 75
person 0.0011 3 293 26 330
person 0.0011 235 0 357 50
person 0.0011 205 0 241 30
person 0.0010 65 11 97 81
person 0.0010 477 153 499 204
person 0.0010 472 122 500 153
person 0.0010 128 3 165 81
bicycle 0.6962 109 5 466 438
bicycle 0.3913 369 -2 488 85
bicycle 0.0489 319 0 353 35
bicycle 0.0356 222 176 439 417
bicycle 0.0146 -2 251 54 413
bicycle 0.0106 268 -2 366 71
bicycle 0.0106 0 288 49 375
bicycle 0.0099 264 78 477 369
bicycle 0.0089 339 0 359 44
bicycle 0.0078 299 1 341 29
bicycle 0.0072 189 66 386 367
bicycle 0.0065 304 0 358 44
bicycle 0.0039 220 -2 341 49
bicycle 0.0036 277 0 466 75
bicycle 0.0036 0 212 23 364
bicycle 0.0032 384 80 502 355
bicycle 0.0028 306 274 416 403
bicycle 0.0026 365 53 502 237
bicycle 0.0025 -9 182 113 423
bicycle 0.0023 276 23 361 109
bicycle 0.0021 0 216 21 300
bicycle 0.0019 359 0 381 44
bicycle 0.0019 0 256 13 317
bicycle 0.0016 226 -1 291 43
bicycle 0.0014 377 61 501 156
bicycle 0.0013 19 -9 401 325
bicycle 0.0012 309 229 478 433
bicycle 0.0012 237 0 274 29
bicycle 0.0011 272 4 328 33
bicycle 0.0011 480 -13 500 65
bicycle 0.0010 134 -8 368 131
car 0.1677 89 -38 481 403
car 0.0507 -2 297 53 433
car 0.0080 430 147 500 307
car 0.0053 0 272 25 431
car 0.0033 384 80 502 355
car 0.0018 0 235 43 383
car 0.0017 134 -8 368 131
car 0.0017 53 0 289 134
car 0.0015 471 139 499 243
car 0.0013 252 34 488 263
car 0.0012 479 149 500 316
motorbike 0.7862 7 -32 419 395
motorbike 0.2981 -1 258 54 429
motorbike 0.0396 0 288 49 375
motorbike 0.0318 369 -2 488 85
motorbike 0.0208 282 0 353 44
motorbike 0.0174 235 0 357 50
motorbike 0.0169 218 -13 501 379
motorbike 0.0155 134 -8 368 131
motorbike 0.0152 299 1 341 29
motorbike 0.0137 0 217 29 400
motorbike 0.0093 365 53 502 237
motorbike 0.0073 252 34 488 263
motorbike 0.0066 0 218 19 320
motorbike 0.0055 0 301 22 430
motorbike 0.0049 319 0 353 35
motorbike 0.0043 -9 182 113 423
motorbike 0.0034 -6 5 360 232
motorbike 0.0030 226 -1 291 43
motorbike 0.0030 272 4 328 33
motorbike 0.0027 384 80 502 355
motorbike 0.0022 276 23 361 109
motorbike 0.0021 -6 61 289 441
motorbike 0.0020 222 0 260 31
motorbike 0.0019 3 293 26 330
motorbike 0.0019 53 0 289 134
motorbike 0.0019 339 0 359 44
motorbike 0.0018 377 61 501 156
motorbike 0.0017 237 0 274 29
motorbike 0.0017 123 0 296 60
motorbike 0.0016 430 147 500 307
motorbike 0.0014 275 5 391 70
motorbike 0.0013 310 11 505 196
motorbike 0.0013 262 10 337 60
motorbike 0.0012 0 87 60 433
motorbike 0.0012 33 -27 460 174
motorbike 0.0012 256 2 305 34
motorbike 0.0011 179 -1 214 27
motorbike 0.0011 9 304 41 344
bus 0.0035 89 -38 481 403
train 0.0070 7 -32 419 395
train 0.0040 -1 258 54 429
cat 0.0022 308 276 360 342
cat 0.0017 329 255 379 334
cat 0.0016 223 11 497 434
dog 0.0096 328 269 377 341
dog 0.0089 308 276 360 342
dog 0.0028 305 267 400 346
dog 0.0022 0 216 21 300
dog 0.0015 288 277 387 376
dog 0.0010 256 179 461 424
horse 0.0010 109 5 466 438
bottle 0.0083 329 255 379 334
bottle 0.0038 308 276 360 342
bottle 0.0033 103 25 141 85
bottle 0.0025 63 19 95 85
bottle 0.0024 323 294 352 334
bottle 0.0011 342 270 374 312
chair 0.0116 158 13 478 432
chair 0.0029 306 274 416 403
chair 0.0027 290 253 371 351
chair 0.0024 264 78 477 369
chair 0.0023 0 256 13 317
chair 0.0012 319 238 406 368
chair 0.0010 0 212 23 364
pottedplant 0.0015 0 218 19 320
diningtable 0.0023 101 83 469 428
