person 0.8140 128 103 267 329
person 0.0969 -3 33 185 357
person 0.0183 13 66 332 377
person 0.0178 115 139 160 251
person 0.0076 42 77 230 303
person 0.0067 112 73 255 247
person 0.0036 -1 17 129 187
person 0.0034 125 89 239 198
person 0.0025 308 77 497 312
person 0.0013 91 138 123 176
cat 0.0024 309 87 498 345
cat 0.0015 91 138 123 176
dog 0.0853 309 87 498 345
dog 0.0050 139 249 221 366
dog 0.0047 135 249 200 306
dog 0.0030 153 256 214 322
dog 0.0013 163 271 191 309
horse 0.6075 309 87 498 345
horse 0.0015 384 84 489 219
horse 0.0013 472 114 499 281
horse 0.0012 141 250 225 372
sheep 0.0038 309 87 498 345
cow 0.0419 309 87 498 345
cow 0.0011 361 157 508 367
bottle 0.0033 197 255 216 301
bottle 0.0011 163 271 191 309
chair 0.0132 128 103 267 329
chair 0.0031 189 333 220 372
chair 0.0029 311 45 492 270
chair 0.0028 247 11 493 374
chair 0.0023 91 178 119 219
chair 0.0022 91 138 123 176
chair 0.0021 88 138 125 217
chair 0.0015 -1 17 129 187
chair 0.0015 112 73 255 247
sofa 0.0072 -13 11 279 373
sofa 0.0057 192 314 330 373
sofa 0.0057 104 126 252 378
sofa 0.0027 308 77 497 312
sofa 0.0018 42 77 230 303
sofa 0.0011 97 122 172 257
diningtable 0.0123 192 314 330 373
