person 0.8567 27 10 397 339
person 0.0329 478 182 500 326
person 0.0186 143 66 365 323
person 0.0122 -5 21 119 313
person 0.0073 480 98 500 292
person 0.0072 453 213 500 335
person 0.0066 -1 103 71 209
person 0.0065 -20 2 238 324
person 0.0063 0 86 68 328
person 0.0025 443 49 501 356
person 0.0024 484 227 499 284
person 0.0024 486 203 500 268
person 0.0023 467 250 500 332
person 0.0021 481 245 499 302
person 0.0018 65 64 286 324
bicycle 0.0260 453 250 501 334
bicycle 0.0125 475 207 500 338
bicycle 0.0063 437 207 500 334
bicycle 0.0019 395 237 499 328
bicycle 0.0013 481 245 499 302
car 0.0059 100 12 470 332
motorbike 0.0315 475 207 500 338
motorbike 0.0042 437 176 502 333
motorbike 0.0019 453 250 501 334
motorbike 0.0011 481 245 499 302
boat 0.0012 100 12 470 332
bird 0.0028 -1 103 71 209
bird 0.0026 160 13 476 330
bird 0.0020 478 182 500 326
bird 0.0016 -5 21 119 313
bird 0.0011 -4 15 289 318
dog 0.1910 100 12 470 332
dog 0.0229 -4 15 289 318
dog 0.0022 478 182 500 326
horse 0.0274 100 12 470 332
horse 0.0116 -4 15 289 318
horse 0.0031 -5 21 119 313
horse 0.0024 1 102 81 212
horse 0.0012 478 182 500 326
cow 0.0073 -5 21 119 313
cow 0.0040 1 102 81 212
cow 0.0016 -4 15 289 318
bottle 0.0036 478 182 500 326
bottle 0.0011 484 227 499 284
chair 0.0079 453 250 501 334
chair 0.0055 475 207 500 338
chair 0.0020 481 245 499 302
sofa 0.0210 11 9 345 335
sofa 0.0012 -3 -16 178 212
sofa 0.0010 160 13 476 330
