person 0.0148 234 228 256 260
person 0.0066 23 245 66 267
person 0.0063 240 232 266 255
person 0.0041 52 246 120 268
person 0.0038 -1 231 30 273
person 0.0020 253 240 299 263
person 0.0020 238 240 282 263
person 0.0016 119 245 165 267
car 0.9971 360 237 468 310
car 0.9897 201 242 359 318
car 0.9714 72 243 226 318
car 0.9234 3 241 128 311
car 0.9050 472 221 500 305
car 0.2233 0 230 31 286
car 0.0344 0 230 29 260
car 0.0254 455 225 485 261
car 0.0157 3 188 265 240
car 0.0117 0 248 22 296
car 0.0083 23 245 66 267
car 0.0063 435 238 463 267
car 0.0060 0 244 45 308
car 0.0056 52 246 120 268
car 0.0053 476 222 499 266
car 0.0053 10 233 192 289
car 0.0052 238 240 282 263
car 0.0046 432 230 481 286
car 0.0037 119 245 165 267
car 0.0035 0 274 23 311
car 0.0033 0 165 251 305
car 0.0032 288 232 344 249
car 0.0032 172 244 234 267
car 0.0031 452 218 497 273
car 0.0031 260 228 336 244
car 0.0030 -4 191 135 252
car 0.0030 57 247 120 299
car 0.0027 7 241 41 273
car 0.0026 299 241 337 263
car 0.0025 -2 213 211 268
car 0.0022 234 228 256 260
car 0.0020 163 243 207 265
car 0.0019 240 232 266 255
car 0.0018 78 259 126 290
car 0.0018 455 233 495 304
car 0.0017 254 231 305 248
car 0.0016 430 228 479 260
car 0.0016 134 243 184 265
car 0.0014 360 239 391 269
car 0.0014 375 233 420 252
car 0.0013 106 243 309 311
car 0.0013 224 233 359 291
car 0.0012 0 237 27 340
car 0.0012 253 240 299 263
car 0.0011 464 247 483 297
car 0.0010 477 269 500 307
car 0.0010 207 257 240 293
car 0.0010 440 254 471 297
bus 0.0051 0 165 251 305
bus 0.0039 3 188 265 240
bus 0.0037 -4 191 135 252
bus 0.0033 472 221 500 305
bus 0.0032 240 152 485 291
bus 0.0031 0 232 29 312
bus 0.0026 -1 231 30 273
train 0.0040 12 103 489 283
train 0.0030 29 163 257 241
train 0.0027 236 147 496 256
boat 0.0047 0 230 31 286
boat 0.0015 0 165 253 237
boat 0.0011 0 230 29 260
