person 0.0292 173 71 219 94
person 0.0132 0 10 17 191
person 0.0078 435 178 455 222
person 0.0053 295 71 333 96
person 0.0038 0 74 12 124
person 0.0027 202 66 241 95
person 0.0022 153 66 182 97
person 0.0022 0 48 12 110
person 0.0021 283 70 317 97
person 0.0020 418 174 445 219
person 0.0019 237 68 268 95
person 0.0017 483 191 500 234
person 0.0014 55 -1 108 12
person 0.0013 164 56 236 97
person 0.0013 3 -1 47 19
person 0.0011 450 176 498 247
person 0.0010 453 203 485 233
person 0.0010 429 138 460 220
person 0.0010 435 141 458 175
person 0.0010 472 70 500 238
person 0.0010 87 41 241 121
person 0.0010 88 -2 129 12
bicycle 0.3141 -1 120 49 205
bicycle 0.0624 52 116 109 207
bicycle 0.0144 62 98 139 210
bicycle 0.0115 0 61 19 213
bicycle 0.0085 0 131 19 182
bicycle 0.0079 10 109 106 211
bicycle 0.0072 0 49 50 217
bicycle 0.0041 0 155 23 193
bicycle 0.0026 0 112 15 171
bicycle 0.0024 73 146 99 197
bicycle 0.0020 418 174 445 219
bicycle 0.0012 416 139 454 219
bicycle 0.0011 0 74 12 124
bicycle 0.0011 53 151 79 202
car 0.6164 72 44 418 279
car 0.0513 97 41 341 116
car 0.0189 46 2 230 193
car 0.0123 57 76 148 206
car 0.0061 431 47 463 79
car 0.0035 96 43 183 128
car 0.0027 69 58 208 267
car 0.0027 79 16 291 245
car 0.0019 126 99 378 168
car 0.0013 457 50 493 75
car 0.0010 32 -1 319 125
motorbike 0.0060 52 110 119 208
motorbike 0.0045 96 43 183 128
motorbike 0.0033 57 76 148 206
motorbike 0.0032 -1 120 49 205
motorbike 0.0026 49 133 98 207
motorbike 0.0015 95 60 143 123
bus 0.0036 74 84 422 264
bus 0.0015 114 47 358 106
boat 0.0049 72 106 424 276
bottle 0.0097 459 103 483 139
bottle 0.0035 477 21 499 58
bottle 0.0034 475 42 498 73
bottle 0.0018 439 107 458 141
bottle 0.0017 431 47 463 79
bottle 0.0016 481 92 498 145
bottle 0.0016 457 50 493 75
bottle 0.0010 428 50 452 84
chair 0.0039 50 118 99 205
chair 0.0034 114 47 358 106
chair 0.0017 472 70 500 238
chair 0.0016 414 17 499 237
chair 0.0016 3 -1 47 19
chair 0.0014 41 -1 97 13
chair 0.0014 275 6 311 43
chair 0.0013 444 71 499 241
pottedplant 0.0017 428 59 450 88
pottedplant 0.0010 475 42 498 73
tvmonitor 0.0020 448 1 490 17
