person 0.0672 288 141 320 176
person 0.0336 263 143 293 178
person 0.0286 290 138 337 184
person 0.0214 245 146 279 179
person 0.0191 320 135 348 172
person 0.0172 227 147 257 178
person 0.0164 359 134 389 167
person 0.0134 312 128 354 184
person 0.0094 339 134 371 169
person 0.0063 322 124 352 161
person 0.0055 0 111 32 139
person 0.0055 333 129 379 178
person 0.0047 205 148 233 174
person 0.0046 257 139 303 187
person 0.0043 247 115 398 204
person 0.0038 379 134 402 167
person 0.0035 203 155 233 190
person 0.0032 143 100 491 311
person 0.0032 236 139 283 187
person 0.0025 299 127 337 155
person 0.0024 280 141 322 199
person 0.0023 188 158 214 192
person 0.0023 -1 84 33 150
person 0.0022 347 129 400 182
person 0.0018 0 318 67 335
person 0.0015 382 126 408 162
person 0.0013 217 138 263 188
person 0.0012 286 154 317 191
person 0.0010 289 120 343 171
car 0.3689 146 101 424 308
car 0.0392 408 95 495 226
car 0.0166 469 113 500 201
car 0.0164 244 83 475 267
car 0.0071 99 24 483 324
car 0.0052 417 100 483 170
car 0.0044 479 137 500 177
car 0.0036 306 114 421 212
car 0.0034 467 117 501 154
car 0.0027 311 161 428 256
car 0.0026 247 115 398 204
car 0.0022 -1 295 110 335
car 0.0021 476 150 499 238
car 0.0019 287 97 429 165
car 0.0019 -27 131 465 328
car 0.0015 0 318 67 335
car 0.0015 90 239 481 330
car 0.0014 88 163 278 325
car 0.0013 115 194 234 306
car 0.0012 481 149 500 204
car 0.0011 252 162 403 248
car 0.0010 200 60 451 208
car 0.0010 448 98 501 181
motorbike 0.0097 79 93 442 320
aeroplane 0.0073 79 93 442 320
bus 0.0111 146 101 424 308
bus 0.0015 469 113 500 201
boat 0.0010 79 93 442 320
chair 0.0026 0 117 31 145
chair 0.0016 14 112 82 135
chair 0.0010 0 3 128 180
tvmonitor 0.0030 418 -1 498 124
