person 0.8411 419 136 437 196
person 0.7853 472 137 495 209
person 0.3373 446 135 465 191
person 0.3358 458 140 477 203
person 0.0824 476 139 497 183
person 0.0441 387 125 435 189
person 0.0321 200 103 235 140
person 0.0213 483 123 499 165
person 0.0181 405 134 428 184
person 0.0172 449 131 484 200
person 0.0060 228 105 249 142
person 0.0057 111 105 135 142
person 0.0047 193 105 222 143
person 0.0040 475 173 496 208
person 0.0023 0 130 15 185
person 0.0022 246 103 269 141
person 0.0013 93 103 123 139
person 0.0011 484 195 500 241
person 0.0010 395 128 420 159
car 0.0028 460 140 478 186
car 0.0025 446 135 465 191
car 0.0021 6 84 87 261
car 0.0020 436 125 460 160
car 0.0020 476 139 497 183
car 0.0019 387 125 435 189
car 0.0010 406 120 497 200
motorbike 0.0010 476 139 497 183
bus 0.0214 387 125 435 189
bus 0.0097 3 45 97 263
bus 0.0041 0 89 20 262
bus 0.0022 443 109 498 170
bus 0.0016 383 108 502 184
bus 0.0014 448 106 494 134
bus 0.0013 2 32 118 95
bus 0.0012 368 118 458 196
train 0.9448 45 59 444 320
train 0.2223 3 45 97 263
train 0.0431 387 125 435 189
train 0.0227 383 108 502 184
train 0.0084 355 108 456 187
train 0.0070 9 38 180 258
train 0.0043 0 89 20 262
train 0.0033 0 58 61 377
train 0.0027 42 111 85 198
train 0.0026 382 81 503 149
train 0.0015 323 86 469 153
chair 0.0037 131 125 190 148
chair 0.0021 190 118 219 146
chair 0.0017 158 123 201 148
