person 0.0091 239 53 270 78
person 0.0043 227 52 261 78
car 0.0012 380 60 411 74
car 0.0011 483 109 500 138
car 0.0010 227 52 261 78
boat 0.0013 451 46 492 66
bird 0.0262 239 53 270 78
bird 0.0052 227 52 261 78
bird 0.0018 483 109 500 138
bird 0.0015 203 47 242 76
bird 0.0010 262 50 293 77
dog 0.0022 276 111 324 137
dog 0.0011 483 109 500 138
horse 0.0180 203 47 242 76
horse 0.0065 227 52 261 78
horse 0.0031 239 53 270 78
horse 0.0018 0 104 32 137
horse 0.0017 -1 89 34 156
horse 0.0016 0 92 26 120
sheep 0.9371 236 137 332 315
sheep 0.9351 72 128 226 302
sheep 0.9105 404 140 500 284
sheep 0.5843 1 109 104 245
sheep 0.2489 269 115 361 173
sheep 0.1662 235 133 275 158
sheep 0.1211 483 109 500 138
sheep 0.1098 417 128 484 150
sheep 0.1002 403 130 458 150
sheep 0.0893 450 130 486 152
sheep 0.0799 276 111 324 137
sheep 0.0597 325 114 358 154
sheep 0.0590 276 111 331 162
sheep 0.0539 401 130 499 180
sheep 0.0514 8 100 172 283
sheep 0.0501 277 118 315 154
sheep 0.0501 203 47 242 76
sheep 0.0467 473 147 499 281
sheep 0.0405 232 118 334 165
sheep 0.0393 429 114 471 133
sheep 0.0360 254 125 306 153
sheep 0.0337 239 53 270 78
sheep 0.0320 227 52 261 78
sheep 0.0277 307 112 361 161
sheep 0.0218 118 127 159 145
sheep 0.0206 230 65 262 82
sheep 0.0202 285 120 367 247
sheep 0.0197 472 74 499 242
sheep 0.0155 333 131 365 157
sheep 0.0154 453 138 488 165
sheep 0.0142 278 107 353 147
sheep 0.0129 454 130 500 274
sheep 0.0128 158 132 240 257
sheep 0.0127 0 92 67 217
sheep 0.0124 0 101 32 182
sheep 0.0115 446 111 494 135
sheep 0.0109 450 121 500 196
sheep 0.0091 0 94 45 152
sheep 0.0085 478 91 500 191
sheep 0.0083 400 117 498 161
sheep 0.0073 407 115 462 134
sheep 0.0069 446 112 501 165
sheep 0.0066 289 125 429 183
sheep 0.0066 0 104 32 137
sheep 0.0059 317 130 405 245
sheep 0.0058 294 118 337 155
sheep 0.0058 236 133 285 177
sheep 0.0058 277 139 320 168
sheep 0.0056 0 100 26 250
sheep 0.0051 226 140 327 166
sheep 0.0051 254 106 372 293
sheep 0.0050 277 126 331 182
sheep 0.0049 19 107 160 202
sheep 0.0047 401 129 434 149
sheep 0.0042 477 133 499 180
sheep 0.0040 221 128 300 257
sheep 0.0039 50 118 144 242
sheep 0.0036 -1 96 99 151
sheep 0.0036 322 128 491 179
sheep 0.0031 156 55 211 74
sheep 0.0030 91 125 165 147
sheep 0.0030 260 67 299 84
sheep 0.0028 427 105 504 211
sheep 0.0028 0 109 24 155
sheep 0.0027 411 139 487 166
sheep 0.0024 474 157 499 198
sheep 0.0024 78 125 195 187
sheep 0.0022 193 128 330 186
sheep 0.0021 444 100 502 145
sheep 0.0019 276 68 314 86
sheep 0.0018 398 116 434 134
sheep 0.0017 484 204 500 268
sheep 0.0017 479 231 499 270
sheep 0.0016 156 43 262 82
sheep 0.0013 262 50 293 77
sheep 0.0013 75 123 109 145
sheep 0.0011 169 50 232 74
sheep 0.0011 389 93 499 143
sheep 0.0010 480 166 500 226
cow 0.0061 483 109 500 138
cow 0.0047 -1 107 103 242
cow 0.0046 239 53 270 78
cow 0.0032 227 52 261 78
cow 0.0029 203 47 242 76
cow 0.0017 230 65 262 82
cow 0.0014 0 104 32 137
cow 0.0010 156 55 211 74
cow 0.0010 0 92 26 120
