person 0.8130 -27 21 404 478
person 0.1667 136 220 379 502
person 0.1613 300 41 376 290
person 0.0241 227 18 378 312
person 0.0232 9 265 227 481
person 0.0141 108 360 352 505
person 0.0104 0 286 76 464
person 0.0077 6 77 243 496
person 0.0054 13 0 146 22
person 0.0047 112 19 388 346
person 0.0043 4 189 136 475
person 0.0025 238 1 369 40
person 0.0025 5 241 117 352
person 0.0020 7 0 293 36
person 0.0016 106 2 347 41
person 0.0013 4 274 85 361
person 0.0013 -2 0 127 12
person 0.0012 130 413 339 494
person 0.0012 48 204 259 390
person 0.0010 -29 346 402 513
person 0.0010 82 306 280 496
cat 0.0012 108 222 357 503
bottle 0.0168 52 265 247 471
chair 0.0419 11 0 147 30
chair 0.0115 -29 62 405 510
chair 0.0103 178 2 349 41
chair 0.0085 252 484 334 499
chair 0.0062 50 0 152 19
chair 0.0057 66 2 310 40
chair 0.0034 -2 0 127 12
chair 0.0032 50 17 387 351
chair 0.0025 291 0 367 18
chair 0.0022 221 0 291 36
chair 0.0020 150 0 215 23
chair 0.0017 105 470 362 500
chair 0.0016 23 0 257 27
chair 0.0015 282 0 378 46
sofa 0.0264 -29 62 405 510
sofa 0.0049 127 220 375 496
sofa 0.0021 223 25 375 249
sofa 0.0018 0 207 308 508
sofa 0.0017 4 259 141 480
sofa 0.0013 7 0 293 36
sofa 0.0011 76 15 372 176
sofa 0.0010 11 0 147 30
diningtable 0.0035 40 471 321 500
diningtable 0.0032 -1 379 298 501
diningtable 0.0026 11 450 306 497
diningtable 0.0019 35 300 254 483
diningtable 0.0011 11 0 147 30
