person 0.0936 155 -3 502 327
person 0.0409 177 8 344 322
person 0.0105 186 0 204 25
person 0.0086 0 138 27 172
person 0.0040 468 181 484 215
person 0.0028 156 9 262 323
person 0.0024 187 15 223 104
person 0.0020 435 -12 501 342
person 0.0014 220 7 296 104
person 0.0013 334 9 476 323
person 0.0012 429 1 501 125
person 0.0010 83 44 168 152
person 0.0010 183 10 261 102
person 0.0010 468 64 500 129
bicycle 0.4119 34 32 173 297
bicycle 0.2853 62 104 197 313
bicycle 0.0750 13 7 104 244
bicycle 0.0329 87 162 176 321
bicycle 0.0314 44 120 125 271
bicycle 0.0310 40 90 96 252
bicycle 0.0283 95 122 190 223
bicycle 0.0176 73 69 139 241
bicycle 0.0153 67 129 148 298
bicycle 0.0144 69 139 104 252
bicycle 0.0123 83 44 168 152
bicycle 0.0104 12 9 174 184
bicycle 0.0071 6 19 87 167
bicycle 0.0070 42 185 85 245
bicycle 0.0068 83 138 124 293
bicycle 0.0065 99 24 226 319
bicycle 0.0047 43 107 85 205
bicycle 0.0044 113 140 202 265
bicycle 0.0032 19 72 113 335
bicycle 0.0026 48 52 125 227
bicycle 0.0022 110 145 202 207
bicycle 0.0020 76 146 98 204
bicycle 0.0015 50 134 76 191
bicycle 0.0013 0 138 27 172
bicycle 0.0013 28 4 329 332
bicycle 0.0012 130 162 192 227
bicycle 0.0011 39 39 133 156
car 0.0025 183 10 261 102
car 0.0023 108 6 231 87
car 0.0013 0 138 27 172
car 0.0012 184 1 206 29
car 0.0011 88 17 171 79
motorbike 0.0080 0 138 27 172
motorbike 0.0043 34 32 173 297
motorbike 0.0022 13 7 104 244
bird 0.0018 468 181 484 215
horse 0.0029 41 47 94 224
horse 0.0010 82 31 168 148
bottle 0.0013 82 31 168 148
bottle 0.0012 88 17 171 79
bottle 0.0010 468 181 484 215
chair 0.0073 94 153 186 317
chair 0.0035 179 81 374 325
chair 0.0031 155 -3 502 327
chair 0.0029 197 232 297 332
chair 0.0025 158 182 192 326
chair 0.0021 183 10 261 102
chair 0.0020 175 287 198 330
chair 0.0011 218 5 259 89
chair 0.0011 145 180 215 326
chair 0.0010 282 0 366 114
sofa 0.0017 155 -3 502 327
sofa 0.0017 282 0 366 114
pottedplant 0.0489 184 1 206 29
pottedplant 0.0064 0 138 27 172
pottedplant 0.0020 468 181 484 215
diningtable 0.0239 155 -3 502 327
diningtable 0.0099 179 81 374 325
diningtable 0.0015 201 9 287 102
