person 0.0427 293 185 343 216
person 0.0421 129 199 162 237
person 0.0174 289 198 347 221
person 0.0150 88 193 123 231
person 0.0140 107 194 138 231
person 0.0133 361 179 387 221
person 0.0122 299 171 363 220
person 0.0116 51 179 81 219
person 0.0110 283 180 316 215
person 0.0106 94 188 144 243
person 0.0085 148 195 170 241
person 0.0080 263 96 486 357
person 0.0065 408 177 433 218
person 0.0057 340 180 373 219
person 0.0048 376 179 407 218
person 0.0047 116 165 166 235
person 0.0043 70 180 100 218
person 0.0042 354 165 393 222
person 0.0041 369 166 418 220
person 0.0040 80 195 105 240
person 0.0040 480 170 499 340
person 0.0038 360 200 389 222
person 0.0038 61 171 112 231
person 0.0037 445 179 465 217
person 0.0037 329 165 381 223
person 0.0036 82 169 128 231
person 0.0035 127 216 162 244
person 0.0035 298 165 332 199
person 0.0034 0 217 10 290
person 0.0033 126 183 161 214
person 0.0033 275 172 331 223
person 0.0032 488 233 498 313
person 0.0030 126 46 162 79
person 0.0028 409 167 449 222
person 0.0027 143 182 178 247
person 0.0026 45 184 83 240
person 0.0025 335 200 379 223
person 0.0022 276 202 325 226
person 0.0020 294 157 347 208
person 0.0019 148 214 168 247
person 0.0018 395 169 435 222
person 0.0018 24 173 78 229
person 0.0015 27 179 68 211
person 0.0014 47 166 85 195
person 0.0012 408 164 433 199
person 0.0011 415 159 442 203
person 0.0010 433 146 465 215
person 0.0010 372 198 408 223
person 0.0010 287 162 311 203
person 0.0010 0 272 13 317
person 0.0010 362 159 387 204
person 0.0010 310 107 338 129
car 0.0041 483 205 498 343
car 0.0038 488 233 498 313
car 0.0038 0 217 10 290
car 0.0033 0 272 13 317
car 0.0029 289 198 347 221
car 0.0024 226 234 262 265
bus 0.7544 263 96 486 357
bus 0.6240 10 7 345 347
bus 0.0154 0 138 427 365
bus 0.0050 226 194 265 271
bus 0.0041 235 185 267 248
bus 0.0035 22 136 265 323
bus 0.0031 223 180 265 325
bus 0.0021 141 14 489 381
bus 0.0021 0 -12 48 312
bus 0.0013 0 217 10 290
train 0.1384 263 96 486 357
train 0.0059 65 1 510 374
chair 0.0504 289 198 347 221
chair 0.0039 408 177 433 218
chair 0.0030 88 193 123 231
chair 0.0026 107 194 138 231
chair 0.0022 100 220 142 244
chair 0.0020 293 185 343 216
chair 0.0014 127 216 162 244
chair 0.0013 90 219 127 247
pottedplant 0.0023 477 132 498 180
