person 0.9203 33 152 52 211
person 0.2521 0 147 20 201
person 0.2030 12 176 32 210
person 0.2010 112 115 137 159
person 0.1788 174 110 196 160
person 0.1391 298 110 324 142
person 0.1257 154 120 176 160
person 0.1007 186 120 211 162
person 0.0759 127 118 153 160
person 0.0712 224 121 245 160
person 0.0513 326 104 349 140
person 0.0498 177 106 216 165
person 0.0445 1 177 24 210
person 0.0300 209 125 239 159
person 0.0296 108 104 137 144
person 0.0268 152 103 177 145
person 0.0226 342 105 366 138
person 0.0182 11 148 45 210
person 0.0120 128 104 155 145
person 0.0120 152 137 175 165
person 0.0116 13 136 41 170
person 0.0105 0 121 29 195
person 0.0079 110 136 139 168
person 0.0067 186 101 213 146
person 0.0064 254 116 275 152
person 0.0057 252 102 277 145
person 0.0054 125 98 163 156
person 0.0052 194 112 244 164
person 0.0050 378 103 404 134
person 0.0046 295 114 315 149
person 0.0037 168 136 198 167
person 0.0036 361 101 384 136
person 0.0031 94 107 126 141
person 0.0029 93 118 128 153
person 0.0028 296 93 335 146
person 0.0025 227 99 249 147
person 0.0022 226 133 249 170
person 0.0021 125 138 154 166
person 0.0020 221 107 254 171
person 0.0018 201 137 241 166
person 0.0018 0 123 27 154
person 0.0017 87 107 136 162
person 0.0013 311 95 356 145
bicycle 0.0421 0 147 20 201
bicycle 0.0076 1 177 24 210
bicycle 0.0026 12 176 32 210
car 0.6485 54 131 85 152
car 0.2989 16 129 44 155
car 0.1468 0 123 27 154
car 0.0522 13 136 41 170
car 0.0463 1 139 22 187
car 0.0300 0 121 29 195
car 0.0170 482 96 499 153
car 0.0139 24 132 71 152
car 0.0075 66 122 93 154
car 0.0033 0 110 26 136
car 0.0021 93 118 128 153
car 0.0015 1 119 44 169
car 0.0013 31 143 54 172
car 0.0010 33 152 52 211
motorbike 0.0153 0 147 20 201
motorbike 0.0081 1 177 24 210
motorbike 0.0023 12 176 32 210
bus 0.9774 70 48 496 264
bus 0.3349 482 96 499 153
bus 0.0501 87 49 264 258
bus 0.0462 0 123 27 154
bus 0.0422 435 83 481 190
bus 0.0185 54 131 85 152
bus 0.0139 16 129 44 155
bus 0.0107 0 110 26 136
bus 0.0103 0 111 32 174
bus 0.0082 58 107 84 141
bus 0.0073 0 126 46 191
bus 0.0064 476 90 501 178
bus 0.0021 13 136 41 170
bus 0.0018 1 139 22 187
bus 0.0015 66 122 93 154
bus 0.0013 87 107 136 162
bus 0.0012 481 84 499 126
bus 0.0010 24 132 71 152
train 0.0238 482 96 499 153
boat 0.0069 482 96 499 153
dog 0.0046 12 176 32 210
dog 0.0012 1 177 24 210
horse 0.0034 0 147 20 201
chair 0.0101 1 177 24 210
chair 0.0063 12 176 32 210
chair 0.0022 0 147 20 201
chair 0.0017 186 120 211 162
