person 0.0120 65 -9 499 315
person 0.0052 478 -4 500 135
person 0.0023 483 28 499 169
person 0.0013 479 52 500 222
bicycle 0.0073 -7 64 370 377
bicycle 0.0018 60 21 514 351
bicycle 0.0016 303 111 501 345
car 0.0437 -30 5 438 299
motorbike 0.2789 60 21 514 351
motorbike 0.0327 -7 64 370 377
motorbike 0.0021 419 208 497 307
motorbike 0.0013 303 111 501 345
motorbike 0.0012 142 79 429 289
aeroplane 0.1623 -27 14 442 360
bus 0.0011 -27 14 442 360
train 0.0015 -27 14 442 360
boat 0.0047 -27 14 442 360
boat 0.0016 480 0 500 155
bottle 0.0062 478 -4 500 135
chair 0.0032 1 210 174 376
chair 0.0017 478 -4 500 135
chair 0.0011 483 28 499 169
chair 0.0010 335 3 405 90
tvmonitor 0.0092 478 -4 500 135
