person 0.2284 378 11 498 332
person 0.1889 217 87 430 334
person 0.0372 89 -11 492 344
person 0.0345 411 118 497 337
person 0.0152 369 0 502 119
person 0.0128 13 7 345 324
person 0.0023 54 127 444 334
person 0.0017 208 91 379 250
person 0.0012 289 3 362 110
person 0.0010 301 100 376 243
car 0.0054 374 0 498 179
car 0.0031 12 20 417 320
car 0.0013 378 11 498 332
motorbike 0.0065 378 11 498 332
motorbike 0.0014 53 15 447 323
cat 0.0019 133 249 233 330
dog 0.8493 106 142 237 327
dog 0.0642 110 146 221 246
dog 0.0080 128 214 236 324
dog 0.0052 24 78 407 341
dog 0.0051 128 176 227 286
dog 0.0026 143 210 213 263
dog 0.0016 74 60 275 285
sheep 0.0014 12 20 417 320
bottle 0.0123 369 0 502 119
chair 0.0224 411 118 497 337
chair 0.0098 369 0 502 119
chair 0.0090 323 221 424 326
chair 0.0021 370 -3 498 279
chair 0.0013 216 207 429 334
sofa 0.0098 89 -11 492 344
sofa 0.0039 372 0 499 119
sofa 0.0025 378 11 498 332
sofa 0.0013 21 126 408 341
sofa 0.0011 411 118 497 337
sofa 0.0010 323 221 424 326
pottedplant 0.0023 378 11 498 332
tvmonitor 0.0014 12 20 417 320
