person 0.8764 219 80 518 372
person 0.0416 390 111 427 203
person 0.0363 106 153 254 370
person 0.0139 395 112 416 158
person 0.0128 106 231 310 364
person 0.0107 62 58 440 386
person 0.0079 149 290 267 369
person 0.0057 117 167 223 301
person 0.0055 384 108 417 169
person 0.0022 192 90 369 352
person 0.0021 299 234 331 270
person 0.0019 285 200 311 236
person 0.0016 290 206 333 270
person 0.0015 165 168 328 355
person 0.0015 478 132 499 302
person 0.0012 432 62 500 387
person 0.0012 354 102 452 205
person 0.0011 124 263 244 359
car 0.3834 196 180 312 283
car 0.2830 34 -21 468 409
car 0.1459 165 168 328 355
car 0.1213 152 83 503 366
car 0.0577 106 153 254 370
car 0.0243 27 160 405 358
car 0.0086 192 90 369 352
car 0.0083 106 231 310 364
car 0.0074 54 11 529 222
car 0.0065 290 206 333 270
car 0.0052 285 200 311 236
car 0.0033 117 167 223 301
car 0.0024 292 222 330 258
car 0.0024 232 88 431 294
car 0.0022 0 66 185 386
car 0.0019 228 166 283 190
car 0.0018 250 193 339 276
car 0.0017 299 234 331 270
car 0.0014 -2 61 122 307
car 0.0013 -4 164 135 365
car 0.0012 288 216 320 252
car 0.0011 256 176 391 270
car 0.0010 -6 218 279 368
motorbike 0.0024 34 -21 468 409
aeroplane 0.0064 -3 -21 363 397
aeroplane 0.0014 127 -1 509 222
bus 0.0075 61 19 515 378
train 0.0036 22 -24 412 406
train 0.0010 117 167 223 301
boat 0.0085 22 -24 412 406
boat 0.0015 -2 29 128 269
bird 0.0036 117 167 223 301
cat 0.0397 117 167 223 301
dog 0.0035 117 167 223 301
bottle 0.5157 117 167 223 301
bottle 0.0081 115 213 177 295
bottle 0.0051 106 153 254 370
bottle 0.0024 129 206 196 274
bottle 0.0017 118 210 201 325
chair 0.0043 -1 244 113 373
chair 0.0012 196 180 312 283
sofa 0.0019 -1 244 113 373
