person 0.0086 472 59 500 86
person 0.0050 0 107 25 140
person 0.0023 467 39 500 99
person 0.0014 0 92 30 124
person 0.0012 473 68 500 99
person 0.0010 459 58 488 87
bicycle 0.0010 0 107 25 140
car 0.0047 472 59 500 86
car 0.0040 100 69 467 374
car 0.0014 0 92 30 124
car 0.0012 0 84 29 106
car 0.0010 46 63 81 83
motorbike 0.0022 0 107 25 140
motorbike 0.0014 63 73 452 372
aeroplane 0.0034 0 92 30 124
boat 0.0037 0 92 30 124
bird 0.0085 0 92 30 124
bird 0.0084 0 107 25 140
bird 0.0082 447 292 499 347
bird 0.0081 474 283 499 309
bird 0.0055 473 68 500 99
bird 0.0042 472 59 500 86
bird 0.0039 476 92 500 126
bird 0.0034 418 262 446 298
bird 0.0032 410 312 456 363
bird 0.0026 417 280 442 319
bird 0.0026 395 262 423 330
bird 0.0025 380 125 490 200
bird 0.0025 394 139 464 182
bird 0.0024 472 301 499 344
bird 0.0019 452 280 496 308
bird 0.0018 63 73 452 372
bird 0.0018 374 174 415 199
bird 0.0017 373 253 456 386
bird 0.0017 470 53 500 122
bird 0.0016 459 58 488 87
bird 0.0014 478 108 499 147
bird 0.0013 458 233 495 257
bird 0.0013 455 72 489 97
bird 0.0012 393 144 430 178
bird 0.0011 400 254 498 371
bird 0.0011 412 264 453 330
cat 0.8832 88 52 429 342
cat 0.0075 -7 149 433 391
dog 0.0308 88 52 429 342
dog 0.0014 -7 149 433 391
dog 0.0010 0 107 25 140
horse 0.0028 63 73 452 372
sheep 0.0334 63 73 452 372
sheep 0.0023 0 107 25 140
sheep 0.0010 20 183 323 373
cow 0.0029 0 107 25 140
cow 0.0015 100 69 467 374
chair 0.0054 17 27 425 368
chair 0.0019 0 107 25 140
chair 0.0010 0 370 62 387
sofa 0.0046 -7 149 433 391
sofa 0.0021 88 52 429 342
pottedplant 0.0023 396 82 500 150
pottedplant 0.0011 472 59 500 86
diningtable 0.0041 0 92 30 124
