person 0.0873 107 147 132 167
person 0.0379 47 212 76 257
person 0.0251 463 197 489 230
person 0.0151 69 143 98 166
person 0.0121 94 146 123 169
person 0.0078 30 207 61 236
person 0.0077 67 123 102 146
person 0.0064 473 202 498 228
person 0.0059 399 164 420 200
person 0.0040 461 178 484 220
person 0.0034 27 206 75 262
person 0.0019 483 169 500 222
person 0.0015 129 147 156 169
person 0.0013 24 207 43 237
person 0.0010 27 180 68 251
bicycle 0.0023 463 197 489 230
bicycle 0.0013 473 202 498 228
bicycle 0.0011 43 210 84 261
car 0.0012 473 202 498 228
car 0.0010 30 207 61 236
bus 0.0013 41 112 531 265
train 0.8287 4 118 493 262
train 0.0305 126 197 454 257
train 0.0291 453 143 497 219
train 0.0093 213 134 498 252
train 0.0059 158 205 342 259
train 0.0052 470 151 498 230
train 0.0039 157 149 436 206
train 0.0028 370 144 498 233
train 0.0027 483 150 500 210
train 0.0025 164 126 433 154
train 0.0025 451 141 499 167
train 0.0021 116 131 459 177
train 0.0015 433 134 503 230
train 0.0011 475 140 499 175
train 0.0010 137 100 497 224
