person 0.5575 402 154 503 254
person 0.1731 445 178 467 223
person 0.0322 479 165 500 223
person 0.0176 443 165 501 223
person 0.0118 484 162 500 198
person 0.0050 416 186 491 247
person 0.0046 429 165 472 223
person 0.0041 393 182 440 249
person 0.0035 427 123 501 238
person 0.0026 455 177 492 220
person 0.0025 402 156 456 238
person 0.0025 477 129 499 229
person 0.0015 373 148 464 251
person 0.0014 474 194 499 228
person 0.0010 58 43 363 240
bicycle 0.8973 54 65 363 266
bicycle 0.0239 52 40 234 301
bicycle 0.0077 71 0 502 272
bicycle 0.0016 414 174 500 250
bicycle 0.0016 195 67 449 269
bicycle 0.0016 474 194 499 228
car 0.1079 414 174 500 250
car 0.0030 416 216 493 249
car 0.0028 474 194 499 228
car 0.0022 121 236 520 328
car 0.0019 410 222 453 251
car 0.0013 443 165 501 223
car 0.0013 402 132 500 230
motorbike 0.0029 414 174 500 250
motorbike 0.0020 89 35 480 294
bus 0.0029 71 0 502 272
bus 0.0016 414 174 500 250
boat 0.0013 410 189 499 264
bird 0.0019 98 66 151 94
bird 0.0014 402 154 503 254
bird 0.0012 268 142 318 202
cat 0.0011 402 154 503 254
dog 0.0012 402 154 503 254
horse 0.0073 402 154 503 254
cow 0.0017 402 154 503 254
bottle 0.1001 191 149 220 191
bottle 0.0215 201 142 226 180
bottle 0.0058 195 141 237 202
bottle 0.0013 181 156 222 237
bottle 0.0011 162 136 199 215
bottle 0.0011 178 148 198 198
chair 0.0204 336 241 405 261
chair 0.0159 414 174 500 250
pottedplant 0.0775 400 138 502 256
pottedplant 0.0062 442 137 499 217
pottedplant 0.0013 402 156 456 238
diningtable 0.0050 121 236 520 328
