person 0.0084 294 478 334 498
person 0.0027 4 405 114 496
boat 0.0038 59 155 146 217
bird 0.0015 161 355 186 391
cat 0.0011 161 355 186 391
dog 0.0017 161 355 186 391
horse 0.0011 161 355 186 391
bottle 0.0766 161 355 186 391
bottle 0.0182 139 378 170 409
bottle 0.0033 1 358 28 390
bottle 0.0025 151 358 176 393
bottle 0.0020 30 353 56 387
bottle 0.0018 161 365 185 410
bottle 0.0013 136 366 183 412
bottle 0.0011 294 478 334 498
bottle 0.0010 17 294 37 330
chair 0.9736 137 282 249 353
chair 0.4130 -3 439 91 499
chair 0.0525 294 478 334 498
chair 0.0410 -1 255 33 331
chair 0.0392 13 399 168 478
chair 0.0223 4 405 114 496
chair 0.0173 20 458 326 498
chair 0.0161 66 265 262 399
chair 0.0135 19 290 67 350
chair 0.0121 1 279 39 356
chair 0.0104 212 461 339 499
chair 0.0099 17 294 37 330
chair 0.0087 3 256 25 305
chair 0.0083 -2 415 52 496
chair 0.0062 -2 444 17 502
chair 0.0056 25 293 52 336
chair 0.0054 255 479 338 499
chair 0.0053 -2 379 336 494
chair 0.0049 290 446 331 502
chair 0.0046 54 475 101 500
chair 0.0046 3 450 37 496
chair 0.0045 41 270 188 389
chair 0.0041 98 473 326 500
chair 0.0041 33 266 91 332
chair 0.0037 155 187 319 372
chair 0.0036 181 347 220 374
chair 0.0032 206 405 338 450
chair 0.0030 38 294 72 332
chair 0.0030 225 279 320 368
chair 0.0029 141 309 248 398
chair 0.0024 170 281 304 362
chair 0.0024 162 483 265 498
chair 0.0024 242 485 299 500
chair 0.0022 36 473 85 500
chair 0.0022 75 482 121 501
chair 0.0021 12 283 100 381
chair 0.0020 13 280 34 326
chair 0.0019 10 440 186 498
chair 0.0019 12 269 67 332
chair 0.0019 9 323 35 356
chair 0.0018 0 262 16 326
chair 0.0018 1 464 157 502
chair 0.0016 100 415 307 493
chair 0.0015 83 483 152 500
chair 0.0015 44 447 108 499
chair 0.0015 10 242 105 341
chair 0.0015 173 192 313 293
chair 0.0015 176 287 246 344
chair 0.0014 0 344 31 368
chair 0.0013 191 356 342 504
chair 0.0012 25 325 55 354
chair 0.0011 15 456 60 495
chair 0.0011 26 344 56 379
chair 0.0010 40 290 83 317
sofa 0.0026 294 478 334 498
pottedplant 0.4262 26 243 158 395
pottedplant 0.0575 155 187 319 372
pottedplant 0.0275 54 301 145 399
pottedplant 0.0183 54 224 146 332
pottedplant 0.0175 17 294 37 330
pottedplant 0.0160 19 290 67 350
pottedplant 0.0156 173 192 313 293
pottedplant 0.0132 66 265 262 399
pottedplant 0.0095 231 227 316 358
pottedplant 0.0091 1 279 39 356
pottedplant 0.0049 37 297 77 370
pottedplant 0.0049 9 323 35 356
pottedplant 0.0043 61 188 148 300
pottedplant 0.0043 25 325 55 354
pottedplant 0.0039 22 326 59 388
pottedplant 0.0037 12 283 100 381
pottedplant 0.0032 33 266 91 332
pottedplant 0.0031 38 294 72 332
pottedplant 0.0026 25 293 52 336
pottedplant 0.0026 -1 255 33 331
pottedplant 0.0024 114 256 241 347
pottedplant 0.0020 59 230 103 297
pottedplant 0.0017 69 230 130 298
pottedplant 0.0016 10 242 105 341
pottedplant 0.0016 26 344 56 379
pottedplant 0.0016 73 165 265 349
pottedplant 0.0015 146 201 244 313
pottedplant 0.0014 42 314 72 354
pottedplant 0.0014 -11 284 197 443
pottedplant 0.0013 142 127 331 313
pottedplant 0.0013 1 358 28 390
pottedplant 0.0011 -1 329 37 389
diningtable 0.7436 -28 329 365 491
diningtable 0.0102 294 478 334 498
diningtable 0.0078 100 415 307 493
diningtable 0.0074 172 345 328 406
diningtable 0.0056 20 458 326 498
diningtable 0.0047 124 319 280 403
diningtable 0.0042 0 404 103 500
diningtable 0.0041 13 399 168 478
diningtable 0.0038 200 381 341 445
diningtable 0.0033 -1 298 335 437
diningtable 0.0028 135 359 348 499
diningtable 0.0020 66 265 262 399
diningtable 0.0019 155 187 319 372
diningtable 0.0015 255 479 338 499
diningtable 0.0012 1 184 330 469
diningtable 0.0010 53 310 142 397
