person 0.0769 405 137 424 172
person 0.0746 204 102 244 170
person 0.0521 190 116 216 158
person 0.0470 369 136 390 172
person 0.0417 283 133 304 176
person 0.0378 179 105 223 166
person 0.0320 379 117 397 170
person 0.0284 325 134 344 174
person 0.0258 207 103 237 145
person 0.0245 197 120 244 196
person 0.0181 147 97 176 137
person 0.0163 117 97 169 146
person 0.0130 140 93 185 150
person 0.0124 425 140 445 175
person 0.0115 106 106 152 170
person 0.0113 154 119 179 160
person 0.0098 227 135 248 175
person 0.0098 126 117 160 153
person 0.0090 173 108 251 190
person 0.0072 213 139 241 176
person 0.0070 194 166 222 198
person 0.0056 109 101 142 145
person 0.0055 228 113 248 165
person 0.0053 181 120 226 191
person 0.0052 123 106 219 190
person 0.0050 202 175 240 209
person 0.0045 122 128 172 190
person 0.0044 170 115 198 158
person 0.0038 280 125 311 189
person 0.0036 162 91 207 157
person 0.0034 227 104 249 147
person 0.0034 270 135 296 174
person 0.0030 248 118 270 166
person 0.0030 144 88 172 124
person 0.0029 88 80 108 113
person 0.0027 344 139 365 177
person 0.0022 170 100 194 145
person 0.0021 196 177 222 207
person 0.0021 183 140 221 171
person 0.0020 128 89 165 121
person 0.0019 215 94 256 158
person 0.0019 121 140 164 171
person 0.0019 268 117 289 168
person 0.0016 84 77 100 116
person 0.0016 368 179 389 216
person 0.0015 165 140 199 169
person 0.0015 346 115 367 162
person 0.0014 210 150 260 207
person 0.0014 239 101 276 174
person 0.0014 305 114 324 168
person 0.0013 365 110 394 173
person 0.0013 105 140 149 172
person 0.0013 150 135 179 172
person 0.0013 201 104 291 183
person 0.0012 295 103 329 177
person 0.0012 310 134 330 179
person 0.0011 181 151 232 203
person 0.0011 259 103 299 175
person 0.0011 158 124 215 192
person 0.0010 397 114 429 172
person 0.0010 292 61 317 104
person 0.0010 419 120 440 167
person 0.0010 320 104 351 176
car 0.6705 480 176 499 224
car 0.0109 481 160 499 199
bus 0.8478 69 20 503 338
bus 0.0036 480 176 499 224
bus 0.0015 481 160 499 199
bus 0.0011 246 54 471 296
train 0.0012 155 14 468 310
chair 0.0012 239 166 274 196
chair 0.0010 196 177 222 207
