person 0.8029 191 54 407 262
person 0.0194 133 164 218 248
person 0.0083 214 19 505 306
person 0.0060 20 37 408 291
person 0.0032 113 66 322 257
person 0.0017 102 106 480 316
person 0.0013 397 233 499 332
person 0.0012 224 54 333 189
person 0.0011 390 227 494 283
person 0.0011 55 163 235 253
bicycle 0.0018 75 206 479 267
bicycle 0.0013 397 233 499 332
motorbike 0.0047 293 167 513 323
motorbike 0.0016 397 233 499 332
motorbike 0.0014 102 106 480 316
motorbike 0.0011 118 173 363 252
aeroplane 0.0010 395 234 501 334
boat 0.3767 -12 173 437 328
boat 0.2637 64 225 505 329
boat 0.0837 102 106 480 316
boat 0.0231 75 206 479 267
boat 0.0154 125 170 374 252
boat 0.0111 89 241 472 297
boat 0.0087 20 37 408 291
boat 0.0062 202 56 434 273
boat 0.0048 64 230 462 276
boat 0.0034 397 233 499 332
boat 0.0015 113 66 322 257
boat 0.0010 247 124 481 289
dog 0.0087 133 164 218 248
cow 0.0012 133 164 218 248
chair 0.0051 136 163 225 251
chair 0.0031 210 79 243 146
chair 0.0018 -1 249 128 308
