person 0.0036 79 144 324 501
person 0.0028 201 138 333 501
person 0.0014 225 0 281 23
person 0.0011 -5 485 23 500
bird 0.0529 68 97 332 485
bird 0.0042 193 1 293 117
bird 0.0034 177 8 210 119
bird 0.0028 203 0 259 53
bird 0.0026 202 40 253 95
bird 0.0021 217 48 249 86
bird 0.0014 164 0 255 118
bird 0.0011 222 244 244 281
bird 0.0010 201 138 333 501
cat 0.2169 36 74 306 433
cat 0.0688 63 93 280 261
cat 0.0011 70 162 268 492
cat 0.0011 158 93 332 424
cat 0.0011 61 87 177 234
dog 0.0858 79 144 324 501
horse 0.0030 79 144 324 501
sheep 0.0496 79 144 324 501
sheep 0.0030 158 93 332 424
sheep 0.0022 24 21 318 413
cow 0.0204 79 144 324 501
cow 0.0021 204 108 333 464
chair 0.0022 56 77 334 436
sofa 0.0078 25 95 314 483
pottedplant 0.0013 241 1 332 112
