person 0.3079 313 128 365 187
person 0.0857 258 125 300 195
person 0.0760 237 140 282 208
person 0.0637 335 111 411 200
person 0.0515 263 119 292 160
person 0.0484 339 139 373 183
person 0.0322 272 122 322 193
person 0.0260 152 125 176 162
person 0.0248 375 105 419 180
person 0.0233 321 122 355 158
person 0.0231 385 155 406 195
person 0.0199 292 125 340 190
person 0.0193 241 151 268 199
person 0.0182 216 144 268 207
person 0.0174 327 115 377 174
person 0.0135 131 139 152 178
person 0.0125 352 122 400 193
person 0.0125 326 138 378 205
person 0.0124 337 122 371 157
person 0.0113 261 135 294 179
person 0.0103 370 99 434 219
person 0.0096 383 136 407 183
person 0.0095 253 114 340 200
person 0.0090 228 155 258 196
person 0.0086 168 122 195 163
person 0.0082 259 156 290 198
person 0.0081 222 141 293 234
person 0.0075 300 156 330 194
person 0.0067 402 137 426 184
person 0.0064 130 122 157 163
person 0.0061 280 96 381 205
person 0.0058 210 155 235 199
person 0.0058 187 136 209 184
person 0.0057 385 118 432 191
person 0.0047 284 158 318 196
person 0.0043 278 122 312 159
person 0.0036 202 143 239 206
person 0.0035 319 156 357 192
person 0.0034 298 139 329 183
person 0.0033 117 139 137 181
person 0.0032 239 107 284 182
person 0.0029 252 120 277 162
person 0.0029 166 138 195 169
person 0.0027 362 134 389 182
person 0.0024 395 160 429 193
person 0.0024 187 117 208 164
person 0.0023 113 122 136 165
person 0.0023 184 123 214 195
person 0.0023 241 179 271 208
person 0.0021 296 121 328 157
person 0.0021 364 155 388 193
person 0.0020 331 95 376 154
person 0.0020 235 130 317 221
person 0.0018 381 113 411 160
person 0.0017 281 134 313 180
person 0.0017 313 183 363 207
person 0.0015 268 140 371 208
person 0.0015 189 154 209 195
person 0.0014 379 106 414 141
person 0.0014 97 130 120 160
person 0.0013 343 102 373 140
person 0.0010 292 184 341 208
car 0.0503 385 197 448 261
car 0.0015 375 104 443 255
car 0.0011 390 186 442 208
bus 0.9687 60 50 387 312
bus 0.1337 377 98 443 259
bus 0.0184 387 191 447 256
bus 0.0021 363 108 435 205
bus 0.0020 325 126 411 237
bus 0.0018 280 140 384 220
bus 0.0018 353 55 458 260
bus 0.0016 385 118 432 191
bus 0.0012 205 79 430 276
bus 0.0011 372 104 414 246
boat 0.0030 377 98 443 259
pottedplant 0.0014 390 26 502 272
pottedplant 0.0012 438 106 501 251
