person 0.8200 26 43 309 400
person 0.0077 148 60 330 366
person 0.0053 58 154 218 419
person 0.0025 2 144 336 499
person 0.0018 30 83 137 416
boat 0.0013 4 225 328 513
bottle 0.0048 39 74 133 174
chair 0.0545 -1 98 115 409
chair 0.0031 17 98 330 460
chair 0.0020 38 153 143 418
chair 0.0015 0 289 324 519
sofa 0.0163 -1 98 115 409
sofa 0.0111 17 98 330 460
sofa 0.0045 210 190 332 455
diningtable 0.0046 -6 369 327 500
diningtable 0.0033 -1 98 115 409
diningtable 0.0023 4 225 328 513
diningtable 0.0015 210 190 332 455
