person 0.2761 316 203 333 240
person 0.2198 1 207 16 264
person 0.1773 47 182 62 251
person 0.0112 42 213 59 256
person 0.0092 421 220 450 248
person 0.0079 50 186 70 245
person 0.0042 453 221 481 248
person 0.0037 13 218 39 257
person 0.0030 0 119 17 163
person 0.0024 173 199 195 236
person 0.0023 53 222 77 252
bicycle 0.0094 280 227 300 258
bicycle 0.0024 182 228 206 255
bicycle 0.0024 42 213 59 256
bicycle 0.0023 188 202 214 233
car 0.2730 423 221 472 247
car 0.0183 482 200 499 239
car 0.0170 453 221 481 248
car 0.0074 1 190 15 249
car 0.0044 432 205 463 233
car 0.0020 398 221 435 247
car 0.0018 456 207 492 235
car 0.0017 421 206 446 234
car 0.0014 275 226 299 257
motorbike 0.0010 1 207 16 264
bus 0.0190 482 200 499 239
bus 0.0090 423 221 472 247
bus 0.0068 1 190 15 249
bus 0.0057 432 205 463 233
bus 0.0019 374 200 409 226
bus 0.0018 421 206 446 234
bus 0.0015 400 203 434 228
bus 0.0011 453 221 481 248
bus 0.0011 456 207 492 235
train 0.3271 102 190 148 248
train 0.2296 83 184 181 258
train 0.0513 109 195 144 232
train 0.0133 91 165 200 239
train 0.0123 106 200 215 261
train 0.0101 130 199 163 238
train 0.0094 139 196 190 245
train 0.0089 482 200 499 239
train 0.0068 297 197 430 248
train 0.0056 46 183 72 253
train 0.0052 423 221 472 247
train 0.0048 108 214 146 250
train 0.0045 355 205 397 227
train 0.0034 374 200 409 226
train 0.0030 -6 125 205 268
train 0.0029 155 205 206 256
train 0.0025 46 170 216 375
train 0.0024 74 196 99 239
train 0.0020 262 190 388 253
train 0.0017 317 213 469 254
train 0.0017 87 113 257 275
train 0.0016 58 197 159 268
train 0.0016 43 159 169 247
train 0.0015 393 204 503 250
train 0.0014 213 180 359 260
train 0.0010 2 185 110 258
train 0.0010 120 177 239 256
train 0.0010 432 205 463 233
