bicycle 0.0030 -2 -2 52 51
bicycle 0.0015 -1 -3 116 55
cat 0.2152 -3 195 134 373
cat 0.0032 -13 201 191 436
bottle 0.0027 -7 194 163 372
chair 0.0364 -7 194 163 372
chair 0.0097 97 315 328 502
chair 0.0031 39 335 206 390
chair 0.0023 -10 237 191 476
chair 0.0012 106 319 211 387
chair 0.0012 73 206 164 349
chair 0.0010 -34 120 226 446
sofa 0.0124 -13 201 191 436
sofa 0.0011 139 225 333 502
pottedplant 0.0489 -32 26 289 395
pottedplant 0.0088 -2 55 177 370
pottedplant 0.0014 -13 201 191 436
pottedplant 0.0011 26 84 303 255
diningtable 0.0076 -13 201 191 436
diningtable 0.0056 -32 53 291 448
diningtable 0.0041 46 318 291 497
diningtable 0.0026 -4 224 338 502
diningtable 0.0016 8 283 235 447
diningtable 0.0015 43 307 204 370
diningtable 0.0014 39 335 206 390
tvmonitor 0.0014 139 225 333 502
