person 0.0131 419 255 444 283
person 0.0115 -1 253 31 283
person 0.0068 417 245 448 271
person 0.0042 380 257 423 285
person 0.0037 196 255 244 275
person 0.0033 10 248 104 294
person 0.0027 187 256 225 275
person 0.0021 301 251 358 282
person 0.0020 229 254 298 279
person 0.0019 278 246 316 271
person 0.0018 -1 248 49 272
person 0.0012 31 199 466 398
person 0.0011 132 247 444 370
bicycle 0.0022 419 255 444 283
car 0.9694 38 253 182 299
car 0.8247 229 254 298 279
car 0.4989 477 248 501 272
car 0.4987 196 255 244 275
car 0.4342 -1 253 31 283
car 0.4098 301 251 358 282
car 0.4012 10 251 87 294
car 0.3313 209 248 273 274
car 0.3151 186 251 222 272
car 0.2268 278 246 316 271
car 0.2261 351 257 392 284
car 0.0970 380 257 423 285
car 0.0938 434 256 473 281
car 0.0779 -1 251 53 290
car 0.0725 -1 248 49 272
car 0.0634 431 244 472 269
car 0.0379 419 255 444 283
car 0.0364 253 250 307 275
car 0.0331 19 246 79 269
car 0.0295 350 246 396 273
car 0.0179 41 248 95 269
car 0.0178 147 246 186 264
car 0.0170 41 253 92 285
car 0.0170 417 245 448 271
car 0.0155 158 246 207 264
car 0.0134 336 244 381 270
car 0.0083 340 254 381 282
car 0.0081 340 240 456 284
car 0.0074 60 248 107 267
car 0.0062 273 252 321 278
car 0.0046 200 245 311 278
car 0.0044 184 244 260 277
car 0.0042 453 246 477 268
car 0.0028 368 240 423 270
car 0.0024 356 250 425 287
car 0.0021 392 234 424 264
car 0.0015 -3 234 38 285
car 0.0013 274 239 389 282
car 0.0012 345 238 407 281
car 0.0011 350 229 396 251
car 0.0010 122 247 169 263
car 0.0010 218 254 335 283
motorbike 0.0028 -1 253 31 283
motorbike 0.0028 419 255 444 283
motorbike 0.0015 187 256 225 275
motorbike 0.0013 196 255 244 275
motorbike 0.0012 386 258 423 284
motorbike 0.0012 229 254 298 279
aeroplane 0.0044 278 246 316 271
aeroplane 0.0027 285 242 357 281
aeroplane 0.0024 306 249 355 277
bus 0.2537 431 244 472 269
bus 0.0612 340 240 456 284
bus 0.0332 357 234 423 281
bus 0.0261 386 258 423 284
bus 0.0199 417 245 448 271
bus 0.0168 421 235 472 278
bus 0.0135 278 246 316 271
bus 0.0117 392 234 424 264
bus 0.0102 350 246 396 273
bus 0.0098 351 257 392 284
bus 0.0055 434 256 473 281
bus 0.0048 477 248 501 272
bus 0.0041 430 231 469 252
bus 0.0030 301 251 358 282
bus 0.0028 336 244 381 270
bus 0.0026 419 255 444 283
bus 0.0021 350 229 396 251
bus 0.0021 209 248 273 274
bus 0.0018 383 232 437 282
bus 0.0010 200 245 311 278
boat 0.0014 477 248 501 272
