person 0.0537 437 101 500 208
person 0.0138 437 67 499 385
person 0.0037 435 3 501 215
person 0.0012 392 62 505 310
car 0.0223 437 101 500 208
motorbike 0.0048 437 101 500 208
boat 0.0020 437 101 500 208
dog 0.0358 210 102 420 372
dog 0.0060 436 110 499 209
horse 0.0033 437 101 500 208
sheep 0.9686 210 102 420 372
sheep 0.0077 186 89 330 380
sheep 0.0041 183 92 317 153
sheep 0.0014 361 181 426 362
sheep 0.0013 437 101 500 208
sheep 0.0012 271 112 315 137
sheep 0.0010 336 153 449 367
cow 0.0065 441 113 499 205
cow 0.0021 437 67 499 385
chair 0.0019 437 101 500 208
sofa 0.0016 437 101 500 208
