person 0.0592 113 156 144 193
person 0.0044 327 180 406 258
person 0.0033 338 56 490 255
person 0.0016 380 178 419 253
bird 0.0023 113 156 144 193
bird 0.0011 330 182 387 260
cat 0.0015 113 156 144 193
dog 0.2320 113 156 144 193
dog 0.0205 327 180 406 258
dog 0.0146 338 56 490 255
dog 0.0018 337 171 454 262
horse 0.2689 113 156 144 193
horse 0.1301 332 76 491 271
horse 0.0167 327 180 406 258
horse 0.0160 337 171 454 262
horse 0.0021 388 177 429 255
sheep 0.0113 113 156 144 193
cow 0.9298 338 56 490 255
cow 0.3157 113 156 144 193
cow 0.0135 327 180 406 258
cow 0.0039 343 143 457 249
