person 0.0045 199 138 269 190
person 0.0041 139 134 290 460
person 0.0032 156 118 285 180
person 0.0017 230 95 308 183
person 0.0013 216 148 251 183
person 0.0011 228 100 284 154
bicycle 0.0138 127 126 255 194
bicycle 0.0046 162 139 234 186
bicycle 0.0037 156 118 285 180
bicycle 0.0020 199 138 269 190
bicycle 0.0014 144 158 200 201
bicycle 0.0012 230 95 308 183
car 0.0039 155 164 198 192
car 0.0019 301 89 376 204
car 0.0012 193 154 235 184
motorbike 0.7075 118 194 276 461
motorbike 0.0383 127 126 255 194
motorbike 0.0378 144 110 297 400
motorbike 0.0136 29 84 347 425
motorbike 0.0041 176 183 325 457
motorbike 0.0022 186 141 249 188
motorbike 0.0019 144 158 200 201
motorbike 0.0016 186 130 279 195
motorbike 0.0014 156 118 285 180
motorbike 0.0013 84 107 299 242
bird 0.0023 123 137 144 159
dog 0.0014 123 137 144 159
dog 0.0010 140 197 235 301
sheep 0.4625 123 137 144 159
sheep 0.0482 119 149 167 178
sheep 0.0471 135 164 187 190
sheep 0.0162 137 153 172 182
sheep 0.0148 114 137 172 184
sheep 0.0104 155 164 198 192
sheep 0.0097 132 159 196 203
sheep 0.0057 81 136 225 201
sheep 0.0049 127 163 164 189
sheep 0.0043 158 148 197 176
sheep 0.0016 146 139 206 187
sheep 0.0015 5 146 204 217
sheep 0.0013 136 135 184 161
sheep 0.0012 127 126 255 194
cow 0.0017 135 164 187 190
cow 0.0011 155 164 198 192
bottle 0.0012 260 270 284 316
pottedplant 0.0020 259 97 282 124
pottedplant 0.0017 263 72 314 128
tvmonitor 0.0067 301 89 376 204
