person 0.9042 31 84 63 180
person 0.0411 34 90 63 117
person 0.0328 10 119 35 168
person 0.0304 0 112 19 195
person 0.0095 61 116 79 165
person 0.0085 4 117 39 187
person 0.0081 17 88 95 190
person 0.0078 40 101 83 176
person 0.0034 119 82 139 121
person 0.0027 35 110 54 173
person 0.0026 132 87 158 122
person 0.0025 36 136 55 181
person 0.0024 2 72 40 174
person 0.0024 0 57 25 185
person 0.0018 33 97 64 130
person 0.0016 51 138 85 177
person 0.0016 61 110 110 170
person 0.0016 75 117 102 153
person 0.0015 46 127 98 182
person 0.0014 474 219 500 255
person 0.0014 470 173 500 256
person 0.0012 152 85 179 121
person 0.0010 0 148 13 197
bicycle 0.0204 12 127 32 175
bicycle 0.0080 75 9 495 331
bicycle 0.0075 4 117 39 187
bicycle 0.0037 36 136 55 181
bicycle 0.0026 73 93 185 183
bicycle 0.0026 51 138 85 177
bicycle 0.0018 46 127 98 182
bicycle 0.0016 61 116 79 165
bicycle 0.0012 32 109 65 192
bicycle 0.0010 40 161 62 183
car 0.0017 53 91 151 184
car 0.0010 1 118 20 168
motorbike 0.7614 75 9 495 331
motorbike 0.0893 30 66 262 286
motorbike 0.0722 56 105 158 176
motorbike 0.0546 91 112 150 168
motorbike 0.0237 75 105 191 208
motorbike 0.0110 61 110 110 170
motorbike 0.0056 115 89 210 192
motorbike 0.0051 75 117 102 153
motorbike 0.0043 85 117 122 157
motorbike 0.0032 76 119 136 184
motorbike 0.0026 120 122 172 187
motorbike 0.0024 105 132 136 174
motorbike 0.0021 46 127 98 182
motorbike 0.0020 100 109 147 135
motorbike 0.0017 65 141 101 176
motorbike 0.0015 135 122 187 196
motorbike 0.0015 89 107 123 135
motorbike 0.0015 17 49 186 208
motorbike 0.0013 303 215 412 281
motorbike 0.0010 71 81 175 164
motorbike 0.0010 78 99 134 153
bottle 0.0046 183 140 221 214
bottle 0.0023 246 135 275 173
bottle 0.0022 198 138 240 217
bottle 0.0021 188 155 212 205
bottle 0.0012 157 125 209 195
bottle 0.0010 263 132 292 170
