person 0.0015 2 -16 135 299
car 0.0073 231 226 377 512
bird 0.0195 62 126 147 278
bird 0.0181 14 61 147 365
bird 0.0106 118 205 339 382
bird 0.0056 42 154 126 273
bird 0.0051 265 53 292 119
bird 0.0021 35 195 132 314
bird 0.0017 144 273 324 365
bird 0.0016 147 198 234 293
bird 0.0010 162 214 290 291
bottle 0.0026 265 53 292 119
bottle 0.0012 301 425 336 500
chair 0.1371 26 322 221 496
chair 0.0814 231 226 377 512
chair 0.0142 121 428 247 502
chair 0.0112 196 420 246 497
chair 0.0027 39 366 318 502
chair 0.0017 151 415 283 498
chair 0.0016 204 486 261 500
chair 0.0015 245 238 376 288
chair 0.0013 155 208 368 441
chair 0.0012 49 441 234 499
sofa 0.0265 231 226 377 512
sofa 0.0079 26 322 221 496
sofa 0.0037 155 208 368 441
sofa 0.0014 -9 282 374 523
sofa 0.0011 22 22 350 409
pottedplant 0.2975 17 92 341 486
pottedplant 0.0453 118 205 339 382
pottedplant 0.0093 15 233 227 500
pottedplant 0.0085 45 109 165 330
pottedplant 0.0080 43 133 254 367
pottedplant 0.0077 -9 -2 246 433
pottedplant 0.0063 166 237 364 501
pottedplant 0.0017 -9 282 374 523
pottedplant 0.0016 7 11 140 342
pottedplant 0.0011 186 275 330 363
pottedplant 0.0010 120 60 322 367
diningtable 0.0119 34 360 256 498
diningtable 0.0038 -9 282 374 523
diningtable 0.0017 44 437 257 501
diningtable 0.0016 118 416 247 497
tvmonitor 0.0022 305 418 343 499
tvmonitor 0.0011 231 226 377 512
tvmonitor 0.0010 251 409 365 497
