person 0.0665 2 211 27 244
person 0.0595 246 116 276 151
person 0.0520 258 115 288 150
person 0.0275 320 119 357 148
person 0.0194 280 121 315 149
person 0.0154 478 193 499 229
person 0.0144 325 109 355 135
person 0.0099 329 119 380 148
person 0.0096 261 109 286 138
person 0.0083 249 110 275 139
person 0.0068 444 199 471 226
person 0.0059 282 107 314 134
person 0.0045 336 109 363 137
person 0.0043 358 124 388 149
person 0.0034 1 206 49 249
person 0.0033 475 165 499 231
person 0.0020 444 196 493 226
person 0.0020 231 114 255 152
person 0.0017 302 124 339 150
person 0.0016 301 104 340 130
person 0.0014 33 206 57 234
person 0.0011 481 160 500 203
bicycle 0.0015 9 210 35 244
car 0.9610 69 193 138 237
car 0.5894 182 94 424 264
car 0.3391 478 193 499 229
car 0.0674 2 211 27 244
car 0.0458 444 196 493 226
car 0.0382 444 199 471 226
car 0.0375 7 206 49 237
car 0.0119 475 165 499 231
car 0.0116 33 206 57 234
car 0.0055 80 192 132 212
car 0.0037 229 179 420 249
car 0.0037 68 198 102 236
car 0.0025 58 201 86 233
car 0.0023 144 202 174 225
car 0.0019 7 182 107 239
car 0.0017 131 200 156 230
car 0.0016 179 198 200 230
car 0.0014 192 184 208 242
car 0.0013 0 183 32 245
car 0.0012 79 215 134 235
car 0.0011 0 168 19 219
car 0.0010 481 160 500 203
car 0.0010 427 188 444 225
car 0.0010 103 197 143 234
motorbike 0.0013 2 211 27 244
motorbike 0.0011 478 193 499 229
aeroplane 0.0013 2 211 27 244
bus 0.0575 197 95 438 262
bus 0.0090 478 193 499 229
bus 0.0020 401 106 497 220
bus 0.0011 444 196 493 226
train 0.0038 387 101 494 160
boat 0.0013 478 193 499 229
boat 0.0011 2 211 27 244
bird 0.0045 2 211 27 244
dog 0.0015 2 211 27 244
chair 0.0018 2 211 27 244
