person 0.0516 322 28 348 56
person 0.0276 189 28 213 54
person 0.0164 307 26 330 57
person 0.0143 169 27 195 55
person 0.0100 206 27 233 57
person 0.0055 318 35 355 62
person 0.0037 379 40 400 72
person 0.0037 131 22 155 51
person 0.0023 157 23 181 54
person 0.0017 375 29 405 115
person 0.0013 337 27 366 56
person 0.0012 313 22 358 82
person 0.0011 0 50 15 102
car 0.0040 256 44 299 118
car 0.0010 429 -4 474 9
car 0.0010 282 -8 506 134
bus 0.0218 286 0 500 165
train 0.6044 5 -1 270 172
train 0.4809 257 53 301 124
train 0.2348 247 -3 496 167
train 0.0166 250 22 331 147
train 0.0133 -31 -24 434 205
train 0.0121 140 -7 510 240
train 0.0084 258 69 287 120
train 0.0065 213 59 258 122
train 0.0045 262 55 293 99
train 0.0039 270 24 379 132
train 0.0038 214 43 304 144
train 0.0036 276 36 316 119
train 0.0015 282 71 304 119
