person 0.0034 52 0 526 377
person 0.0011 3 314 168 370
car 0.0038 52 0 526 377
car 0.0012 0 148 65 282
motorbike 0.0016 52 0 526 377
bird 0.0033 250 43 493 260
bird 0.0017 14 46 266 268
cat 0.3021 52 0 526 377
cat 0.0430 41 45 297 273
cat 0.0214 250 43 493 260
cat 0.0048 155 247 490 373
cat 0.0033 -44 132 469 393
cat 0.0015 2 42 192 268
dog 0.0073 250 43 493 260
dog 0.0016 52 0 526 377
horse 0.0026 52 0 526 377
sheep 0.0020 250 43 493 260
sheep 0.0016 59 70 521 376
chair 0.0231 3 -5 112 142
chair 0.0198 -2 -4 190 220
chair 0.0134 22 0 480 377
chair 0.0095 0 77 46 166
chair 0.0063 3 68 103 163
chair 0.0033 0 52 120 265
chair 0.0031 1 76 59 232
chair 0.0015 0 142 63 258
chair 0.0010 0 19 27 145
sofa 0.0960 22 0 480 377
sofa 0.0085 1 -2 174 143
sofa 0.0021 1 130 60 263
sofa 0.0020 19 23 255 212
sofa 0.0013 250 43 493 260
pottedplant 0.0013 -9 -16 437 388
diningtable 0.0024 12 203 488 392
diningtable 0.0018 -22 65 449 377
diningtable 0.0010 3 -5 112 142
tvmonitor 0.0036 52 0 526 377
tvmonitor 0.0015 1 -2 174 143
