person 0.0116 480 193 499 235
person 0.0111 456 116 497 198
person 0.0042 449 202 489 234
person 0.0019 439 186 495 240
person 0.0016 0 148 18 205
person 0.0015 472 117 499 156
person 0.0015 446 148 496 252
person 0.0014 -1 118 69 230
person 0.0013 435 204 469 237
person 0.0011 477 156 499 279
person 0.0011 0 135 21 182
person 0.0011 405 116 493 245
bicycle 0.0013 -6 105 153 296
car 0.9002 317 112 492 320
car 0.6837 2 119 159 308
car 0.0110 0 121 70 230
car 0.0026 405 116 493 245
car 0.0014 3 169 125 288
motorbike 0.0079 2 119 159 308
bus 0.0246 317 112 492 320
bus 0.0140 -6 105 153 296
bus 0.0012 0 121 70 230
train 0.0039 324 86 491 318
train 0.0032 2 119 159 308
boat 0.0608 2 119 159 308
boat 0.0037 324 86 491 318
cow 0.0010 -1 106 164 297
