person 0.0766 7 108 412 470
person 0.0086 48 183 271 405
person 0.0081 396 -6 434 99
person 0.0045 479 -2 500 140
person 0.0041 397 -18 499 283
person 0.0035 16 312 243 502
person 0.0034 401 0 493 106
person 0.0022 476 0 500 26
person 0.0020 408 0 460 27
person 0.0016 400 0 432 30
person 0.0014 51 18 525 418
person 0.0011 480 0 500 49
person 0.0011 397 0 425 49
person 0.0010 443 -1 503 20
bicycle 0.0035 11 150 408 493
bicycle 0.0012 178 176 498 467
car 0.0460 401 0 493 106
car 0.0173 24 103 477 476
car 0.0147 398 -1 467 65
car 0.0109 393 0 435 62
car 0.0045 476 0 500 26
car 0.0035 480 0 500 49
car 0.0024 0 -2 23 31
car 0.0023 3 0 61 22
car 0.0022 178 176 498 467
car 0.0020 408 0 460 27
motorbike 0.0027 11 150 408 493
bus 0.0040 394 -3 496 68
bus 0.0034 24 103 477 476
bus 0.0010 342 0 477 52
train 0.0144 24 103 477 476
train 0.0016 401 0 493 106
train 0.0010 178 176 498 467
boat 0.0015 394 -3 496 68
boat 0.0012 101 0 386 27
bird 0.0194 244 213 281 234
bird 0.0080 238 168 278 230
bird 0.0039 240 217 275 253
bird 0.0037 228 212 287 263
bird 0.0020 189 168 288 246
bird 0.0020 251 169 274 206
bird 0.0011 256 220 296 252
cat 0.0577 32 216 168 423
cat 0.0123 19 157 327 488
cat 0.0078 48 183 271 405
dog 0.0709 19 157 327 488
dog 0.0273 30 202 232 431
horse 0.0024 19 157 327 488
bottle 0.0017 476 0 500 26
chair 0.0709 212 206 501 440
chair 0.0098 227 298 495 490
chair 0.0069 401 0 493 106
chair 0.0032 479 -2 500 140
chair 0.0019 57 112 519 466
chair 0.0017 398 -1 467 65
chair 0.0016 426 0 469 26
chair 0.0013 454 3 500 128
chair 0.0010 209 7 503 425
sofa 0.0089 212 206 501 440
sofa 0.0022 11 150 408 493
diningtable 0.0036 16 312 243 502
diningtable 0.0032 394 -3 496 68
diningtable 0.0029 -4 197 350 516
tvmonitor 0.0066 426 0 469 26
tvmonitor 0.0022 18 -1 406 35
tvmonitor 0.0016 401 0 493 106
tvmonitor 0.0011 -7 -2 207 32
