person 0.0245 304 172 496 329
person 0.0192 57 -10 445 336
person 0.0067 39 149 298 331
person 0.0013 480 74 500 275
person 0.0012 49 240 291 329
bicycle 0.0031 24 -2 408 331
car 0.0060 24 -2 408 331
motorbike 0.0043 24 -2 408 331
bird 0.1007 155 -7 492 332
bird 0.0021 307 14 493 302
bird 0.0015 26 10 336 315
cat 0.0895 55 -11 522 332
cat 0.0268 19 138 254 328
cat 0.0021 107 8 315 250
cat 0.0017 10 217 325 330
dog 0.4423 24 -2 408 331
dog 0.0074 107 8 315 250
dog 0.0052 146 8 494 258
dog 0.0013 15 211 254 334
dog 0.0011 201 285 297 334
horse 0.0252 24 -2 408 331
horse 0.0026 227 -3 488 326
horse 0.0025 316 8 493 248
sheep 0.0146 57 -10 445 336
sheep 0.0088 264 169 484 334
sheep 0.0042 284 243 380 322
sheep 0.0032 254 198 331 305
sheep 0.0030 227 -3 488 326
sheep 0.0017 19 138 254 328
sheep 0.0013 201 285 297 334
sheep 0.0013 32 2 76 38
sheep 0.0013 316 8 493 248
cow 0.0347 55 -11 522 332
cow 0.0058 39 149 298 331
cow 0.0017 215 8 499 262
cow 0.0011 -14 -2 300 325
chair 0.0185 55 -11 522 332
chair 0.0027 304 172 496 329
chair 0.0025 403 195 503 279
chair 0.0023 0 253 51 332
chair 0.0019 -14 -2 300 325
chair 0.0019 307 14 493 302
chair 0.0017 18 97 246 304
chair 0.0012 0 290 25 330
sofa 0.0118 55 -11 522 332
sofa 0.0021 230 8 504 250
pottedplant 0.0016 155 -7 492 332
