person 0.0026 161 90 199 118
person 0.0025 398 82 430 114
person 0.0018 336 103 378 123
person 0.0017 388 73 440 96
person 0.0014 410 82 453 114
person 0.0013 399 78 468 127
person 0.0011 456 82 489 122
person 0.0010 405 165 455 180
car 0.0298 61 53 517 249
car 0.0165 15 59 307 250
car 0.0053 405 165 455 180
car 0.0034 392 147 491 227
car 0.0029 461 69 489 91
car 0.0027 393 77 495 137
car 0.0027 145 58 339 242
car 0.0020 343 72 486 128
car 0.0019 434 163 478 180
car 0.0018 453 162 478 182
car 0.0015 388 73 440 96
car 0.0012 231 79 489 267
car 0.0012 382 76 442 123
aeroplane 0.0013 145 52 488 257
aeroplane 0.0010 -15 60 310 255
bus 0.0043 -15 60 310 255
bus 0.0041 61 53 517 249
bus 0.0014 393 77 495 137
train 0.6830 -15 60 310 255
train 0.2246 183 61 489 258
train 0.0185 26 -2 473 239
train 0.0074 145 58 339 242
train 0.0030 393 77 495 137
train 0.0020 390 102 498 193
chair 0.0129 461 69 489 91
chair 0.0047 456 82 489 122
chair 0.0046 428 74 466 94
chair 0.0041 398 82 430 114
chair 0.0039 417 80 490 127
chair 0.0018 388 73 440 96
chair 0.0015 410 82 453 114
chair 0.0012 428 84 475 115
chair 0.0011 382 76 442 123
pottedplant 0.0077 461 69 489 91
pottedplant 0.0027 413 256 435 281
pottedplant 0.0013 459 57 491 81
diningtable 0.0025 417 80 490 127
diningtable 0.0024 388 73 440 96
diningtable 0.0019 428 74 466 94
diningtable 0.0019 428 84 475 115
diningtable 0.0013 410 82 453 114
diningtable 0.0012 461 69 489 91
