person 0.4065 50 17 370 383
person 0.0040 231 28 354 255
person 0.0038 3 153 95 234
person 0.0029 130 2 190 55
person 0.0024 25 157 55 191
person 0.0019 32 0 74 83
person 0.0018 473 122 496 154
person 0.0017 98 3 239 66
person 0.0012 60 142 85 181
person 0.0011 8 153 58 197
person 0.0010 217 -11 453 165
bottle 0.0202 466 121 488 155
bottle 0.0051 238 164 257 203
bottle 0.0048 15 157 52 191
bottle 0.0033 473 122 496 154
bottle 0.0018 60 142 85 181
bottle 0.0017 0 209 51 272
bottle 0.0012 0 223 17 277
bottle 0.0010 74 137 99 177
chair 0.0756 284 261 350 369
chair 0.0632 225 -1 498 150
chair 0.0600 48 4 143 71
chair 0.0310 212 -32 516 259
chair 0.0227 59 52 353 373
chair 0.0206 32 0 74 83
chair 0.0122 7 -1 112 80
chair 0.0098 45 220 313 372
chair 0.0092 231 28 354 255
chair 0.0071 322 277 355 350
chair 0.0071 0 223 63 373
chair 0.0062 -2 169 96 371
chair 0.0061 358 21 506 268
chair 0.0053 0 218 48 277
chair 0.0036 225 -4 510 76
chair 0.0026 195 235 378 371
chair 0.0022 132 13 299 222
chair 0.0021 0 0 55 81
chair 0.0019 5 6 114 212
chair 0.0019 438 122 499 263
chair 0.0017 0 188 19 360
chair 0.0017 345 44 479 161
chair 0.0016 3 153 95 234
chair 0.0016 73 12 130 44
chair 0.0016 281 280 322 375
chair 0.0016 469 153 500 316
chair 0.0015 386 135 495 250
chair 0.0015 64 3 202 65
chair 0.0014 -3 7 66 129
chair 0.0014 451 178 500 251
chair 0.0013 372 97 500 358
chair 0.0012 258 214 344 376
chair 0.0012 55 -26 442 265
chair 0.0012 15 157 52 191
chair 0.0011 130 2 190 55
chair 0.0011 216 -13 374 181
chair 0.0011 432 -4 504 299
chair 0.0010 0 206 23 297
sofa 0.0053 59 52 353 373
sofa 0.0033 45 220 313 372
sofa 0.0031 225 -4 510 76
sofa 0.0012 225 -1 498 150
sofa 0.0012 -2 169 96 371
diningtable 0.0131 0 223 63 373
diningtable 0.0070 -2 169 96 371
diningtable 0.0060 372 97 500 358
diningtable 0.0040 227 4 503 217
diningtable 0.0013 48 4 143 71
diningtable 0.0013 469 153 500 316
diningtable 0.0011 225 -4 510 76
tvmonitor 0.0058 242 24 300 94
tvmonitor 0.0016 233 13 319 108
