person 0.6545 374 0 412 53
person 0.1163 128 90 157 116
person 0.0428 426 20 470 49
person 0.0324 409 16 462 43
person 0.0118 218 63 253 94
person 0.0093 112 82 150 113
person 0.0076 450 14 500 44
person 0.0068 368 33 414 56
person 0.0063 396 9 424 44
person 0.0053 278 330 308 373
person 0.0033 356 1 399 37
person 0.0032 304 10 428 54
person 0.0031 349 0 371 26
person 0.0028 488 46 500 109
person 0.0024 379 0 441 48
person 0.0017 474 34 501 199
person 0.0015 479 31 500 131
person 0.0014 355 0 384 24
person 0.0014 131 100 159 122
person 0.0011 160 58 209 113
person 0.0011 197 56 246 105
person 0.0011 163 68 195 103
bicycle 0.0015 347 36 378 55
car 0.8594 391 8 502 59
car 0.6570 33 51 468 257
car 0.6401 59 10 114 33
car 0.6154 251 20 496 137
car 0.2695 286 10 320 26
car 0.2020 296 9 340 25
car 0.1758 384 24 500 115
car 0.0872 344 32 402 56
car 0.0514 463 14 503 42
car 0.0394 313 8 353 24
car 0.0203 347 36 378 55
car 0.0195 417 15 480 44
car 0.0183 56 10 91 31
car 0.0162 368 33 414 56
car 0.0158 292 43 348 57
car 0.0156 304 10 428 54
car 0.0147 166 8 201 35
car 0.0136 148 9 177 36
car 0.0107 258 39 418 104
car 0.0107 253 9 305 26
car 0.0082 366 10 416 62
car 0.0069 446 14 501 70
car 0.0058 239 9 284 27
car 0.0047 378 -1 410 44
car 0.0036 54 -44 522 211
car 0.0035 313 41 512 119
car 0.0034 264 16 401 58
car 0.0030 330 15 460 68
car 0.0029 247 64 463 131
car 0.0025 164 40 490 177
car 0.0024 399 25 433 47
car 0.0024 468 11 499 108
car 0.0021 336 4 376 28
car 0.0021 260 50 296 73
car 0.0020 479 31 500 131
car 0.0020 409 23 455 46
car 0.0019 443 34 499 130
car 0.0018 223 8 257 28
car 0.0016 209 85 463 150
car 0.0016 46 5 151 40
car 0.0016 107 10 145 33
car 0.0016 483 44 501 88
car 0.0015 184 5 209 35
car 0.0014 396 9 424 44
car 0.0012 207 10 242 30
car 0.0011 488 46 500 109
car 0.0011 61 42 288 118
car 0.0010 356 1 399 37
motorbike 0.0021 209 85 463 150
motorbike 0.0015 251 20 496 137
motorbike 0.0014 384 24 500 115
bus 0.0017 296 9 340 25
bus 0.0014 148 9 177 36
bus 0.0013 286 10 320 26
bird 0.0012 278 330 308 373
dog 0.0141 128 90 157 116
dog 0.0019 131 100 159 122
chair 0.0043 344 32 402 56
chair 0.0011 278 330 308 373
