person 0.8350 151 199 274 375
person 0.8228 261 204 490 376
person 0.0247 283 212 445 307
person 0.0241 158 194 419 355
person 0.0191 165 193 252 273
person 0.0046 71 157 505 373
person 0.0030 65 214 299 368
person 0.0010 127 157 378 306
car 0.0021 -4 195 427 393
aeroplane 0.9935 161 44 339 124
aeroplane 0.0052 207 71 271 92
aeroplane 0.0050 237 45 349 115
aeroplane 0.0026 144 63 311 112
aeroplane 0.0019 178 75 226 96
boat 0.0088 -4 195 427 393
boat 0.0040 151 199 274 375
dog 0.0037 165 193 252 273
chair 0.0524 262 321 321 374
chair 0.0203 261 204 490 376
chair 0.0187 247 303 338 371
chair 0.0132 267 302 474 374
chair 0.0096 446 274 500 355
chair 0.0062 157 240 267 369
chair 0.0020 263 337 301 374
chair 0.0017 152 311 351 370
chair 0.0015 261 314 307 339
chair 0.0014 145 208 340 372
chair 0.0013 330 352 370 374
chair 0.0013 484 303 499 361
chair 0.0011 263 283 323 345
chair 0.0010 325 325 380 374
sofa 0.0068 261 204 490 376
sofa 0.0019 267 302 474 374
sofa 0.0015 -14 165 437 370
diningtable 0.0014 446 274 500 355
tvmonitor 0.0011 -4 195 427 393
