person 0.0306 -21 47 448 326
person 0.0065 46 159 278 295
person 0.0016 153 151 251 245
person 0.0011 226 54 493 268
bicycle 0.0023 -1 124 35 191
car 0.0015 7 78 497 361
car 0.0013 47 228 533 365
cat 0.5449 220 55 493 298
cat 0.0506 40 37 549 333
cat 0.0142 46 159 278 295
cat 0.0024 5 75 259 239
cat 0.0023 483 127 500 225
dog 0.4853 16 165 250 291
dog 0.0211 -21 47 448 326
dog 0.0049 46 97 278 283
dog 0.0019 18 185 330 336
dog 0.0012 220 55 493 298
bottle 0.0022 68 125 142 180
chair 0.0143 40 37 549 333
chair 0.0074 298 54 436 90
chair 0.0017 5 75 259 239
chair 0.0016 226 54 493 268
chair 0.0010 268 56 468 141
sofa 0.1013 -21 47 448 326
sofa 0.0025 213 39 498 325
sofa 0.0025 8 94 253 282
tvmonitor 0.0016 5 75 259 239
