person 0.5520 2 101 115 202
person 0.4872 13 89 411 363
person 0.1646 -1 91 116 371
person 0.0464 58 114 115 169
person 0.0236 136 128 502 375
person 0.0228 -6 169 181 364
person 0.0211 20 103 246 277
person 0.0091 1 56 178 249
person 0.0088 49 0 516 313
person 0.0086 374 157 499 367
person 0.0079 55 161 287 361
person 0.0067 475 292 500 373
person 0.0054 478 232 499 387
person 0.0048 0 33 24 208
person 0.0044 -1 140 70 374
person 0.0032 -4 0 116 214
person 0.0027 115 111 145 136
person 0.0026 400 225 499 355
person 0.0025 31 112 146 234
person 0.0022 68 92 188 197
person 0.0020 0 26 57 184
person 0.0017 -2 15 67 281
person 0.0016 48 107 158 176
person 0.0016 56 92 430 215
person 0.0016 0 92 26 262
person 0.0016 48 59 303 248
person 0.0016 0 17 18 143
person 0.0014 67 103 111 131
person 0.0013 64 127 202 251
person 0.0012 129 194 237 322
person 0.0011 -8 71 107 175
car 0.0031 475 327 499 373
cat 0.0017 13 89 411 363
cat 0.0014 202 102 437 220
cat 0.0012 -1 91 116 371
dog 0.0217 42 10 450 309
dog 0.0073 139 89 495 381
dog 0.0055 202 102 437 220
dog 0.0043 -1 91 116 371
dog 0.0026 52 104 294 275
dog 0.0025 18 90 346 361
dog 0.0021 325 85 500 381
dog 0.0012 251 146 410 223
bottle 0.0015 136 6 219 103
chair 0.0363 0 -3 67 139
chair 0.0115 0 17 18 143
chair 0.0103 384 228 495 365
chair 0.0044 81 95 488 374
chair 0.0043 475 327 499 373
chair 0.0025 0 33 24 208
chair 0.0019 478 232 499 387
chair 0.0017 380 295 492 374
chair 0.0010 0 67 17 134
chair 0.0010 483 305 499 366
sofa 0.3198 81 95 488 374
sofa 0.0048 -1 91 116 371
sofa 0.0036 17 10 413 311
sofa 0.0035 374 157 499 367
sofa 0.0028 2 140 358 359
sofa 0.0010 202 102 437 220
