person 0.0165 3 0 119 79
person 0.0021 0 -1 53 51
person 0.0019 121 3 371 213
person 0.0017 99 75 394 372
person 0.0016 0 4 26 50
bird 0.2944 121 74 320 375
bird 0.0020 3 5 117 80
bird 0.0020 296 251 505 372
bird 0.0016 0 4 26 50
bird 0.0010 398 253 503 371
cat 0.0042 296 251 505 372
cat 0.0020 3 0 119 79
dog 0.0471 296 251 505 372
dog 0.0132 99 75 394 372
dog 0.0072 3 5 117 80
horse 0.0577 296 251 505 372
horse 0.0149 3 0 119 79
horse 0.0015 121 74 320 375
sheep 0.3935 3 0 119 79
sheep 0.3450 99 75 394 372
sheep 0.0341 123 58 365 259
sheep 0.0249 296 251 505 372
sheep 0.0048 67 6 111 79
sheep 0.0043 114 -2 299 142
sheep 0.0038 37 -2 229 75
sheep 0.0023 0 -1 53 51
sheep 0.0012 398 253 503 371
sheep 0.0010 475 250 499 377
sheep 0.0010 28 -15 330 326
cow 0.0451 112 31 388 351
cow 0.0410 296 251 505 372
cow 0.0342 3 0 119 79
cow 0.0058 398 253 503 371
cow 0.0010 0 20 28 53
chair 0.0047 3 5 117 80
