person 0.0884 373 188 393 237
person 0.0797 108 265 128 294
person 0.0165 378 183 395 222
person 0.0036 310 191 329 229
person 0.0029 223 214 253 253
person 0.0022 312 178 331 219
person 0.0021 376 217 400 255
person 0.0019 180 236 223 261
person 0.0016 366 219 396 248
person 0.0015 164 205 177 233
person 0.0015 211 215 237 257
person 0.0011 48 261 91 292
person 0.0010 203 236 236 261
person 0.0010 125 263 154 287
bicycle 0.0144 376 217 400 255
bicycle 0.0024 366 219 396 248
car 0.0139 48 261 91 292
car 0.0034 45 240 85 257
car 0.0025 1 259 57 325
car 0.0025 44 252 121 292
car 0.0022 159 239 207 260
car 0.0020 31 257 72 287
car 0.0014 218 238 263 261
car 0.0011 26 243 80 262
motorbike 0.0026 366 219 396 248
motorbike 0.0011 373 188 393 237
aeroplane 0.2422 32 108 470 290
aeroplane 0.0448 230 72 490 265
aeroplane 0.0255 404 11 493 263
aeroplane 0.0110 89 12 495 264
aeroplane 0.0107 -3 233 423 324
aeroplane 0.0076 344 89 376 159
aeroplane 0.0052 403 75 494 183
aeroplane 0.0051 476 107 500 134
aeroplane 0.0045 36 242 154 293
aeroplane 0.0035 0 -12 26 247
aeroplane 0.0032 2 187 423 288
aeroplane 0.0019 347 100 371 143
aeroplane 0.0019 94 66 405 203
aeroplane 0.0017 -1 0 45 153
aeroplane 0.0016 475 122 500 147
aeroplane 0.0013 1 245 102 303
aeroplane 0.0010 348 118 371 156
bus 0.0041 44 252 121 292
bus 0.0022 48 261 91 292
bus 0.0020 0 242 97 300
bus 0.0012 26 245 154 293
bus 0.0011 31 257 72 287
train 0.0046 395 10 496 308
train 0.0046 193 117 520 285
train 0.0014 398 137 498 276
chair 0.0010 376 217 400 255
