person 0.0305 271 241 367 305
person 0.0075 192 249 239 306
person 0.0066 272 242 320 300
person 0.0064 95 327 144 373
person 0.0064 155 250 211 301
person 0.0043 305 244 355 304
person 0.0035 117 232 385 307
person 0.0033 96 329 407 372
person 0.0030 288 353 380 373
person 0.0030 112 339 304 372
person 0.0030 163 274 194 305
person 0.0026 0 298 59 372
person 0.0020 269 344 403 372
person 0.0019 203 139 442 311
person 0.0018 88 87 484 353
person 0.0015 71 189 429 323
person 0.0015 78 325 200 371
person 0.0015 369 133 496 315
person 0.0014 71 288 445 380
person 0.0012 52 204 510 388
person 0.0012 42 234 132 358
person 0.0011 115 244 249 309
person 0.0010 172 267 236 311
car 0.0044 74 75 426 366
motorbike 0.0020 74 75 426 366
train 0.0012 40 228 322 371
boat 0.0019 -1 264 58 320
bird 0.0013 271 236 390 307
cat 0.7773 186 131 288 198
cat 0.0570 118 176 375 248
cat 0.0535 118 141 389 295
cat 0.0378 189 140 373 232
cat 0.0100 92 195 324 238
cat 0.0080 232 136 292 191
cat 0.0072 102 131 319 242
cat 0.0034 218 182 262 199
cat 0.0031 60 159 302 214
cat 0.0028 179 192 410 233
cat 0.0016 0 298 59 372
cat 0.0014 267 205 390 239
cat 0.0010 206 95 431 282
cat 0.0010 22 80 407 369
chair 0.0103 74 75 426 366
chair 0.0057 191 273 236 305
chair 0.0048 91 221 120 238
chair 0.0041 87 188 163 235
chair 0.0036 -1 264 58 320
chair 0.0035 119 270 163 305
chair 0.0028 0 298 59 372
chair 0.0021 89 211 127 234
chair 0.0019 35 272 59 314
chair 0.0019 0 270 20 312
chair 0.0017 57 223 114 244
chair 0.0017 11 271 51 313
chair 0.0016 163 274 194 305
sofa 0.0038 0 298 59 372
sofa 0.0023 74 75 426 366
sofa 0.0011 0 252 102 374
pottedplant 0.0013 -1 250 63 367
diningtable 0.0047 -1 264 58 320
diningtable 0.0012 -1 250 63 367
