person 0.0134 180 102 196 141
person 0.0014 221 0 284 13
person 0.0012 252 0 293 12
person 0.0011 253 0 335 12
car 0.0036 252 0 293 12
car 0.0033 221 0 284 13
car 0.0018 253 0 335 12
car 0.0014 133 193 337 395
car 0.0014 -4 215 343 497
aeroplane 0.0787 133 193 337 395
aeroplane 0.0075 -16 101 357 470
aeroplane 0.0072 245 22 333 225
aeroplane 0.0029 163 68 330 354
bus 0.0030 245 22 333 225
bus 0.0011 133 193 337 395
train 0.0036 -9 35 345 391
train 0.0021 142 136 336 370
train 0.0011 245 22 333 225
boat 0.0574 142 136 336 370
boat 0.0211 -6 158 346 480
boat 0.0077 252 128 331 205
boat 0.0077 112 241 328 406
boat 0.0059 195 206 318 281
boat 0.0030 245 22 333 225
boat 0.0028 206 98 333 332
boat 0.0023 221 168 334 256
bird 0.0023 91 398 119 415
chair 0.0190 133 193 337 395
chair 0.0108 195 206 318 281
chair 0.0051 278 133 317 155
chair 0.0049 254 137 326 196
chair 0.0032 278 147 312 180
chair 0.0028 274 15 334 153
chair 0.0022 106 159 133 179
chair 0.0020 254 48 332 208
chair 0.0017 125 274 283 368
chair 0.0013 169 239 302 317
tvmonitor 0.0021 -6 158 346 480
tvmonitor 0.0013 213 0 260 12
