person 0.3936 14 65 407 510
person 0.0945 212 303 420 504
person 0.0376 213 88 377 311
person 0.0256 3 364 62 499
person 0.0141 4 354 178 505
person 0.0084 0 152 139 491
person 0.0073 203 48 421 457
person 0.0070 6 78 194 408
person 0.0065 325 333 417 494
person 0.0013 342 328 419 376
person 0.0013 1 343 101 489
bird 0.1882 213 88 377 311
bird 0.0072 81 42 405 467
cat 0.0014 6 78 194 408
horse 0.0059 209 90 375 286
chair 0.0101 342 328 419 376
chair 0.0049 304 300 417 358
chair 0.0040 4 354 178 505
chair 0.0034 345 329 408 352
chair 0.0034 14 65 407 510
chair 0.0033 0 300 51 373
chair 0.0033 0 254 41 342
chair 0.0017 -2 265 61 386
chair 0.0015 331 314 418 400
chair 0.0011 0 267 27 300
sofa 0.0054 4 354 178 505
sofa 0.0047 5 129 412 507
pottedplant 0.0045 347 331 423 380
pottedplant 0.0027 323 145 415 296
pottedplant 0.0015 304 300 417 358
diningtable 0.0022 304 300 417 358
