person 0.3104 202 67 455 306
person 0.1550 144 21 295 213
person 0.0970 378 82 501 302
person 0.0772 76 74 501 368
person 0.0395 267 65 370 158
person 0.0122 452 2 496 89
person 0.0110 414 151 498 316
person 0.0098 419 145 451 167
person 0.0096 -5 141 274 378
person 0.0095 146 44 342 314
person 0.0076 305 97 501 350
person 0.0068 162 27 402 198
person 0.0063 235 16 296 82
person 0.0053 11 0 350 307
person 0.0049 96 148 127 172
person 0.0029 279 76 320 159
person 0.0029 236 84 355 197
person 0.0029 446 4 470 43
person 0.0025 230 28 500 183
person 0.0025 437 196 497 312
person 0.0020 100 310 245 372
person 0.0019 475 45 499 87
person 0.0019 442 178 500 248
person 0.0019 427 1 475 86
person 0.0018 379 101 496 194
person 0.0016 389 123 499 236
person 0.0016 98 -17 480 251
person 0.0015 211 14 305 106
person 0.0015 472 20 499 102
person 0.0015 479 19 500 69
person 0.0013 435 -8 500 313
person 0.0011 475 206 499 338
person 0.0010 430 134 501 263
bicycle 0.0057 452 2 496 89
bicycle 0.0014 407 8 495 136
bicycle 0.0013 66 165 511 364
car 0.0105 -16 86 439 369
car 0.0030 473 37 499 123
car 0.0028 476 56 499 99
car 0.0028 97 142 151 164
car 0.0019 440 2 499 135
car 0.0014 378 82 501 302
car 0.0013 21 130 161 174
car 0.0012 377 12 498 208
car 0.0010 90 139 155 156
motorbike 0.0141 374 3 500 298
motorbike 0.0103 452 2 496 89
motorbike 0.0099 76 74 501 368
motorbike 0.0087 440 2 499 135
motorbike 0.0065 393 302 502 371
motorbike 0.0053 382 77 496 159
motorbike 0.0048 377 270 502 343
motorbike 0.0030 379 101 496 194
motorbike 0.0025 466 64 500 171
motorbike 0.0024 472 20 499 102
motorbike 0.0023 168 188 480 343
motorbike 0.0014 435 -8 500 313
motorbike 0.0013 417 -1 493 94
motorbike 0.0013 -11 164 431 362
motorbike 0.0012 305 263 434 327
motorbike 0.0012 405 222 500 309
motorbike 0.0011 301 236 500 371
motorbike 0.0010 453 97 500 181
motorbike 0.0010 305 97 501 350
aeroplane 0.0050 -16 86 439 369
train 0.0035 -16 86 439 369
boat 0.0250 -16 86 439 369
boat 0.0028 133 163 509 371
boat 0.0018 378 82 501 302
boat 0.0010 202 67 455 306
dog 0.0012 207 96 450 350
bottle 0.0011 243 157 279 190
chair 0.0134 378 82 501 302
chair 0.0082 379 97 492 214
chair 0.0036 76 74 501 368
chair 0.0024 -5 141 274 378
chair 0.0023 435 164 502 302
chair 0.0017 476 56 499 99
chair 0.0016 305 97 501 350
chair 0.0013 419 145 451 167
chair 0.0012 471 119 500 228
chair 0.0012 438 174 500 228
chair 0.0011 168 188 480 343
chair 0.0010 472 20 499 102
sofa 0.0019 76 74 501 368
sofa 0.0014 366 113 504 321
diningtable 0.0035 76 74 501 368
diningtable 0.0012 -11 164 431 362
tvmonitor 0.0026 17 24 412 364
tvmonitor 0.0021 379 101 496 194
