person 0.0021 381 52 404 77
person 0.0020 0 30 11 93
person 0.0014 483 36 499 89
person 0.0014 482 57 499 106
person 0.0013 345 52 369 77
person 0.0012 0 27 14 57
bicycle 0.9077 153 75 416 285
bicycle 0.0709 126 48 286 259
bicycle 0.0141 274 88 426 281
bicycle 0.0101 300 131 401 224
bicycle 0.0090 291 83 413 189
bicycle 0.0076 249 77 399 149
bicycle 0.0074 300 71 503 226
bicycle 0.0053 254 47 474 192
bicycle 0.0051 213 71 345 129
bicycle 0.0029 364 128 393 157
bicycle 0.0026 169 66 261 217
bicycle 0.0025 176 27 407 217
bicycle 0.0024 121 137 241 251
bicycle 0.0024 281 80 471 158
bicycle 0.0023 303 83 363 149
bicycle 0.0018 189 59 290 137
bicycle 0.0018 285 88 347 144
bicycle 0.0018 199 66 361 104
bicycle 0.0016 222 73 289 124
bicycle 0.0015 334 126 371 149
bicycle 0.0014 222 89 358 212
bicycle 0.0014 204 107 299 242
bicycle 0.0011 333 86 479 190
bicycle 0.0011 61 -6 443 249
bicycle 0.0011 38 10 242 285
car 0.0440 432 67 470 92
car 0.0338 433 51 472 82
car 0.0222 418 50 444 79
car 0.0217 451 50 485 81
car 0.0114 448 63 491 94
car 0.0099 418 64 449 92
car 0.0055 381 52 404 77
car 0.0050 422 40 480 88
car 0.0049 444 38 498 90
car 0.0046 482 57 499 106
car 0.0025 420 57 484 100
car 0.0025 483 36 499 89
car 0.0020 399 45 428 81
car 0.0017 331 43 483 108
car 0.0013 402 49 501 114
car 0.0013 479 37 500 126
car 0.0011 378 30 486 91
car 0.0010 300 50 334 76
car 0.0010 389 71 436 93
bird 0.0018 381 52 404 77
bottle 0.0361 265 134 291 223
bottle 0.0284 260 163 275 229
bottle 0.0185 270 145 287 212
bottle 0.0127 252 147 278 239
bottle 0.0062 280 152 312 237
bottle 0.0054 234 139 257 174
bottle 0.0049 281 158 303 201
bottle 0.0043 284 171 309 215
bottle 0.0028 269 142 288 183
bottle 0.0020 245 138 272 177
bottle 0.0019 269 191 288 245
bottle 0.0017 295 125 337 145
bottle 0.0016 288 125 316 151
bottle 0.0012 299 178 332 213
bottle 0.0012 303 165 333 197
bottle 0.0010 364 137 395 166
chair 0.0024 381 52 404 77
diningtable 0.0027 327 80 498 155
diningtable 0.0011 367 88 462 112
