person 0.1019 73 82 269 341
person 0.0874 39 22 378 385
person 0.0635 165 2 341 321
person 0.0116 325 102 496 254
person 0.0087 141 7 505 397
person 0.0069 33 98 148 324
person 0.0050 2 116 104 439
person 0.0045 334 141 497 319
person 0.0033 -6 98 295 457
person 0.0031 0 218 134 487
person 0.0026 210 16 433 233
person 0.0014 41 89 220 262
person 0.0010 413 125 497 233
car 0.0010 92 7 483 397
motorbike 0.0011 52 58 434 429
train 0.0051 334 141 497 319
bird 0.0020 8 226 83 322
cat 0.0023 41 89 220 262
cat 0.0019 93 99 200 237
dog 0.0011 41 89 220 262
dog 0.0010 110 103 206 240
bottle 0.0142 220 322 238 353
bottle 0.0084 334 141 497 319
bottle 0.0032 413 125 497 233
bottle 0.0029 336 147 473 241
bottle 0.0016 300 199 326 234
chair 0.0509 4 122 100 353
chair 0.0283 3 252 94 399
chair 0.0236 345 139 506 322
chair 0.0234 0 218 134 487
chair 0.0080 60 106 281 366
chair 0.0071 24 116 153 343
chair 0.0069 413 125 497 233
chair 0.0044 0 101 68 453
chair 0.0043 5 318 108 405
chair 0.0041 141 450 254 487
chair 0.0034 300 199 326 234
chair 0.0032 363 227 500 317
chair 0.0031 39 22 378 385
chair 0.0030 11 247 85 298
chair 0.0018 298 200 340 271
chair 0.0017 1 127 66 277
chair 0.0016 338 124 481 233
chair 0.0013 19 110 115 234
chair 0.0013 444 251 500 327
chair 0.0010 440 247 501 397
sofa 0.2328 334 141 497 319
sofa 0.0503 60 106 281 366
sofa 0.0337 30 58 383 423
sofa 0.0189 33 98 148 324
sofa 0.0147 4 122 100 353
sofa 0.0115 28 239 319 382
sofa 0.0105 363 227 500 317
sofa 0.0103 5 258 164 463
sofa 0.0096 15 228 407 487
sofa 0.0041 3 252 94 399
sofa 0.0039 41 89 220 262
sofa 0.0029 93 99 200 237
sofa 0.0025 99 316 399 477
sofa 0.0023 429 128 497 231
sofa 0.0020 372 194 491 279
sofa 0.0016 336 147 473 241
sofa 0.0013 130 203 364 364
sofa 0.0013 5 318 108 405
sofa 0.0012 -9 58 225 417
sofa 0.0010 441 237 498 310
sofa 0.0010 67 272 363 434
pottedplant 0.4334 33 98 148 324
pottedplant 0.0320 41 104 132 239
pottedplant 0.0158 9 196 164 443
pottedplant 0.0128 41 89 220 262
pottedplant 0.0114 2 116 104 439
pottedplant 0.0083 30 96 251 371
pottedplant 0.0070 165 2 341 321
pottedplant 0.0038 129 41 237 144
pottedplant 0.0035 47 227 140 331
pottedplant 0.0033 47 321 150 425
pottedplant 0.0033 93 99 200 237
pottedplant 0.0032 334 141 497 319
pottedplant 0.0019 122 20 291 234
pottedplant 0.0015 92 -3 407 352
pottedplant 0.0014 7 306 160 482
pottedplant 0.0014 221 319 246 349
pottedplant 0.0011 4 127 98 280
diningtable 0.0344 246 304 490 478
diningtable 0.0244 75 290 503 499
diningtable 0.0130 180 328 407 465
diningtable 0.0112 205 301 357 363
diningtable 0.0106 363 227 500 317
diningtable 0.0046 3 232 354 480
diningtable 0.0023 112 287 389 425
diningtable 0.0020 222 333 374 404
diningtable 0.0015 20 308 246 476
diningtable 0.0011 165 315 353 398
diningtable 0.0010 82 365 426 483
tvmonitor 0.0027 222 333 374 404
tvmonitor 0.0027 430 125 498 231
tvmonitor 0.0016 363 227 500 317
tvmonitor 0.0010 334 141 497 319
