person 0.5510 242 147 475 335
person 0.4356 13 -1 84 115
person 0.1712 6 0 90 266
person 0.0702 226 79 250 119
person 0.0396 6 26 184 250
person 0.0188 0 86 22 115
person 0.0089 396 85 430 153
person 0.0057 202 85 236 119
person 0.0049 0 -8 26 133
person 0.0047 97 17 124 46
person 0.0045 351 239 467 316
person 0.0045 398 116 424 155
person 0.0042 -9 -30 290 300
person 0.0040 0 70 22 176
person 0.0037 370 263 500 330
person 0.0033 21 23 109 131
person 0.0031 286 217 499 336
person 0.0029 191 79 220 99
person 0.0028 94 68 192 136
person 0.0028 222 76 251 101
person 0.0028 44 -2 83 94
person 0.0027 442 268 499 329
person 0.0026 0 63 21 108
person 0.0025 22 -1 73 47
person 0.0021 240 86 278 114
person 0.0020 38 -3 140 113
person 0.0019 -1 7 70 153
person 0.0019 43 37 160 135
person 0.0018 105 11 132 46
person 0.0018 481 78 500 125
person 0.0017 85 87 131 154
person 0.0017 0 94 24 263
person 0.0014 478 80 499 159
person 0.0014 133 236 159 275
person 0.0014 160 86 201 111
person 0.0013 402 84 425 126
person 0.0012 481 65 499 96
person 0.0012 3 -8 186 134
person 0.0012 7 44 78 198
person 0.0012 46 44 87 112
person 0.0011 1 -2 48 120
person 0.0010 290 278 504 337
person 0.0010 406 84 449 156
bicycle 0.0052 3 135 425 344
bicycle 0.0042 47 60 208 282
bicycle 0.0014 206 138 469 338
bicycle 0.0013 -1 5 285 327
bicycle 0.0012 117 147 320 339
bicycle 0.0010 440 277 499 336
car 0.3283 126 96 200 139
car 0.0860 152 105 202 138
car 0.0693 123 94 158 116
car 0.0551 184 83 227 108
car 0.0450 88 85 192 165
car 0.0395 111 101 172 132
car 0.0375 160 86 201 111
car 0.0268 202 85 236 119
car 0.0253 102 107 151 133
car 0.0241 191 79 220 99
car 0.0165 96 95 156 145
car 0.0163 153 82 209 132
car 0.0115 138 88 190 117
car 0.0087 226 79 250 119
car 0.0082 480 95 499 141
car 0.0074 196 102 237 125
car 0.0071 248 76 301 93
car 0.0065 110 123 150 155
car 0.0060 159 80 209 99
car 0.0057 481 78 500 125
car 0.0056 173 78 233 121
car 0.0051 481 65 499 96
car 0.0046 110 111 167 163
car 0.0041 201 78 240 99
car 0.0036 186 104 220 133
car 0.0035 407 82 503 158
car 0.0033 240 86 278 114
car 0.0032 71 74 150 210
car 0.0031 440 89 499 151
car 0.0030 0 86 22 115
car 0.0027 128 76 233 136
car 0.0024 451 107 494 135
car 0.0023 142 94 256 143
car 0.0021 6 26 184 250
car 0.0021 216 75 430 126
car 0.0020 103 89 183 227
car 0.0018 222 76 251 101
car 0.0017 94 68 192 136
car 0.0016 451 87 492 117
car 0.0016 483 114 500 160
car 0.0014 206 138 469 338
car 0.0011 85 87 131 154
car 0.0011 154 79 274 123
motorbike 0.5196 206 138 469 338
motorbike 0.0052 248 264 492 335
motorbike 0.0035 6 74 416 346
motorbike 0.0020 257 269 397 330
motorbike 0.0016 180 140 336 338
motorbike 0.0015 440 277 499 336
boat 0.0061 88 85 192 165
boat 0.0033 116 94 206 147
boat 0.0028 6 26 184 250
boat 0.0013 82 83 166 233
bird 0.0178 9 58 182 275
bird 0.0146 440 277 499 336
bird 0.0087 82 83 166 233
bird 0.0068 6 0 90 266
bird 0.0039 472 303 500 334
bird 0.0015 224 135 306 211
bird 0.0015 46 90 129 264
bird 0.0013 83 95 130 184
bird 0.0012 99 113 152 203
bird 0.0011 5 137 86 267
bird 0.0011 453 312 497 337
bird 0.0010 384 279 498 335
bird 0.0010 229 277 513 339
bird 0.0010 69 71 113 245
dog 0.0016 442 268 499 329
dog 0.0014 52 250 212 317
horse 0.0018 206 138 469 338
sheep 0.0021 442 268 499 329
bottle 0.0011 6 0 90 266
chair 0.0268 9 58 182 275
chair 0.0140 4 41 91 279
chair 0.0022 51 135 142 265
chair 0.0012 4 131 80 260
chair 0.0011 17 166 76 230
chair 0.0011 0 186 106 293
chair 0.0010 50 204 151 288
chair 0.0010 0 86 22 115
chair 0.0010 55 69 82 103
chair 0.0010 17 121 78 199
