person 0.1517 -45 18 421 484
person 0.0028 0 29 247 468
person 0.0020 48 -1 262 61
person 0.0013 257 0 369 43
car 0.0018 -41 11 419 417
bird 0.0015 -40 48 414 524
cat 0.5618 -40 48 414 524
cat 0.0020 123 31 379 463
dog 0.6063 -41 11 419 417
dog 0.0010 123 31 379 463
horse 0.0025 -40 48 414 524
cow 0.0126 -41 11 419 417
chair 0.0048 -40 48 414 524
chair 0.0040 257 0 373 51
chair 0.0010 332 0 372 26
sofa 0.0257 -41 11 419 417
sofa 0.0011 104 0 258 57
diningtable 0.0011 257 0 373 51
tvmonitor 0.0028 -40 48 414 524
