person 0.9837 121 96 195 342
person 0.9756 184 102 251 341
person 0.8694 249 122 341 341
person 0.4603 238 103 274 173
person 0.2596 208 121 265 339
person 0.2584 302 93 337 335
person 0.1687 289 102 336 184
person 0.0808 175 94 217 339
person 0.0781 240 82 275 272
person 0.0218 289 102 316 141
person 0.0120 208 97 233 137
person 0.0102 307 104 331 138
person 0.0097 225 102 250 136
person 0.0076 238 131 273 339
person 0.0076 265 127 319 191
person 0.0055 217 124 238 154
person 0.0053 243 102 272 142
person 0.0048 271 127 295 151
person 0.0044 179 104 222 215
person 0.0042 214 150 257 244
person 0.0042 0 332 23 373
person 0.0041 123 99 156 331
person 0.0035 239 230 270 324
person 0.0032 255 129 332 245
person 0.0028 190 97 223 137
person 0.0025 202 92 240 146
person 0.0025 205 129 244 221
person 0.0025 280 67 358 337
person 0.0020 314 77 332 121
person 0.0017 282 116 313 154
person 0.0017 216 97 263 150
person 0.0016 262 136 305 216
person 0.0015 0 315 19 349
person 0.0015 391 -8 499 380
person 0.0014 227 132 285 261
person 0.0013 217 100 281 197
person 0.0012 126 101 187 214
person 0.0012 314 99 342 300
person 0.0011 260 170 302 259
person 0.0011 214 125 257 197
person 0.0011 303 131 367 334
person 0.0011 257 134 304 336
person 0.0010 317 1 408 364
bicycle 0.0122 92 154 119 205
bicycle 0.0042 94 170 123 216
bicycle 0.0015 93 146 119 179
bicycle 0.0011 0 332 23 373
bicycle 0.0011 88 160 134 225
car 0.0393 93 146 119 179
car 0.0112 90 149 130 214
car 0.0037 108 144 134 180
car 0.0029 5 5 89 347
car 0.0025 190 97 223 137
car 0.0019 225 102 250 136
car 0.0018 108 140 142 223
car 0.0016 208 97 233 137
car 0.0014 83 153 98 207
car 0.0013 217 124 238 154
motorbike 0.0010 0 332 23 373
motorbike 0.0010 92 154 119 205
bird 0.0201 360 316 390 350
bird 0.0076 366 333 394 356
bird 0.0042 343 310 372 343
bird 0.0034 345 308 393 354
bird 0.0019 418 335 453 364
bird 0.0016 13 309 49 327
bird 0.0016 398 332 422 361
bird 0.0016 35 296 64 321
bird 0.0012 326 295 354 331
bird 0.0010 398 321 419 352
bottle 0.0069 418 335 453 364
bottle 0.0042 360 316 390 350
bottle 0.0040 366 333 394 356
bottle 0.0039 398 332 422 361
bottle 0.0038 165 288 187 329
bottle 0.0030 398 321 419 352
bottle 0.0022 430 340 464 366
bottle 0.0013 343 310 372 343
bottle 0.0012 105 236 135 266
bottle 0.0010 440 356 469 373
chair 0.0021 5 5 89 347
pottedplant 0.0325 90 149 130 214
pottedplant 0.0206 110 175 135 216
pottedplant 0.0195 108 140 142 223
pottedplant 0.0183 94 170 123 216
pottedplant 0.0098 87 173 135 250
pottedplant 0.0064 116 95 185 337
pottedplant 0.0051 111 154 134 207
pottedplant 0.0033 109 194 134 236
pottedplant 0.0025 62 139 141 236
pottedplant 0.0024 103 204 141 269
pottedplant 0.0024 84 200 134 273
pottedplant 0.0019 92 198 127 234
pottedplant 0.0018 396 67 500 380
pottedplant 0.0011 92 127 156 302
pottedplant 0.0011 105 223 135 258
