person 0.9150 191 205 300 381
person 0.8524 169 239 207 314
person 0.2125 181 240 205 277
person 0.0038 176 237 215 286
person 0.0036 163 275 194 313
person 0.0034 148 222 220 330
person 0.0028 202 223 245 290
person 0.0026 209 225 245 247
person 0.0025 204 238 237 263
person 0.0015 247 333 297 376
person 0.0015 241 224 312 366
person 0.0014 163 215 255 336
bicycle 0.0067 194 328 297 376
motorbike 0.0013 198 313 295 377
dog 0.0019 208 208 295 372
horse 0.9104 163 273 210 361
horse 0.0188 159 246 254 361
horse 0.0123 163 275 194 313
horse 0.0118 201 239 290 372
horse 0.0110 190 279 212 340
horse 0.0109 174 253 214 333
horse 0.0090 145 213 303 382
horse 0.0046 171 301 192 358
horse 0.0035 198 313 295 377
horse 0.0030 150 300 270 374
horse 0.0028 171 282 198 336
horse 0.0012 192 305 214 349
sheep 0.0016 208 208 295 372
cow 0.0020 163 273 210 361
bottle 0.0073 253 317 280 351
bottle 0.0016 255 338 293 373
