person 0.0065 322 7 501 325
person 0.0057 134 152 374 305
person 0.0040 81 3 485 319
person 0.0033 234 -3 365 49
person 0.0020 241 -2 311 41
person 0.0017 166 1 193 31
person 0.0017 0 15 110 324
person 0.0011 127 0 161 39
person 0.0011 6 127 420 343
car 0.0014 38 11 397 311
car 0.0010 72 -4 255 52
cat 0.1754 81 3 485 319
cat 0.0790 129 126 377 299
cat 0.0047 185 152 458 318
cat 0.0029 6 127 420 343
cat 0.0010 36 77 226 311
dog 0.2280 65 15 434 305
dog 0.0398 129 126 377 299
dog 0.0267 36 77 226 311
dog 0.0058 0 15 110 324
dog 0.0021 6 127 420 343
dog 0.0017 322 7 501 325
dog 0.0013 185 152 458 318
horse 0.0041 38 11 397 311
sheep 0.0266 65 15 434 305
sheep 0.0182 129 126 377 299
sheep 0.0064 68 22 423 171
sheep 0.0012 36 77 226 311
cow 0.2807 38 11 397 311
cow 0.0092 129 126 377 299
cow 0.0038 36 77 226 311
cow 0.0020 68 22 423 171
cow 0.0011 0 15 110 324
bottle 0.0066 68 0 135 54
bottle 0.0024 36 -4 164 56
bottle 0.0022 328 0 389 48
bottle 0.0021 302 0 371 46
bottle 0.0011 315 2 350 39
bottle 0.0011 256 -2 389 50
bottle 0.0011 338 24 370 50
bottle 0.0010 99 -1 154 47
chair 0.0301 81 3 485 319
chair 0.0074 362 6 501 323
chair 0.0060 481 0 500 50
chair 0.0024 441 3 498 67
chair 0.0018 0 -2 59 45
chair 0.0017 383 2 495 46
chair 0.0016 -3 8 126 68
chair 0.0016 373 1 501 84
chair 0.0015 0 15 110 324
chair 0.0011 0 254 10 332
sofa 0.0310 64 60 439 339
sofa 0.0236 362 6 501 323
sofa 0.0063 134 152 374 305
sofa 0.0058 -2 233 420 330
sofa 0.0047 0 15 110 324
sofa 0.0027 16 187 482 354
diningtable 0.0035 362 6 501 323
diningtable 0.0023 81 3 485 319
diningtable 0.0017 0 -2 59 45
diningtable 0.0014 -3 8 126 68
diningtable 0.0011 -2 233 420 330
diningtable 0.0010 6 127 420 343
