person 0.3773 389 145 408 181
person 0.0901 128 138 154 177
person 0.0779 328 142 347 179
person 0.0685 276 133 295 180
person 0.0530 419 138 440 171
person 0.0471 366 143 385 180
person 0.0428 108 137 133 174
person 0.0339 96 142 122 170
person 0.0212 126 121 163 184
person 0.0176 484 172 500 210
person 0.0154 399 141 418 179
person 0.0136 206 130 225 183
person 0.0111 290 165 316 184
person 0.0095 144 135 175 177
person 0.0094 96 152 123 194
person 0.0088 107 151 135 190
person 0.0083 307 142 325 180
person 0.0083 106 122 146 185
person 0.0073 266 126 295 191
person 0.0067 344 142 364 179
person 0.0063 205 151 223 196
person 0.0058 128 153 158 189
person 0.0054 108 119 134 163
person 0.0047 195 133 218 181
person 0.0044 196 156 219 195
person 0.0044 300 161 322 183
person 0.0043 91 122 122 160
person 0.0030 437 143 456 173
person 0.0026 270 154 295 188
person 0.0025 125 119 154 162
person 0.0021 183 118 219 191
person 0.0019 100 146 149 197
person 0.0018 281 126 315 186
person 0.0015 171 130 193 181
person 0.0015 255 154 272 197
person 0.0014 227 127 258 222
person 0.0011 343 157 366 182
person 0.0010 242 128 273 222
person 0.0010 90 119 127 188
bicycle 0.0025 4 174 49 200
bicycle 0.0020 32 174 67 199
bicycle 0.0017 46 174 72 201
bicycle 0.0014 107 151 135 190
car 0.2983 4 174 49 200
car 0.1848 2 167 26 196
car 0.1677 32 174 67 199
car 0.0858 3 158 68 199
car 0.0757 21 165 65 195
car 0.0422 46 174 72 201
car 0.0197 27 148 65 167
car 0.0024 484 172 500 210
car 0.0011 0 189 59 248
car 0.0011 482 156 500 201
bus 0.9780 39 63 475 274
bus 0.0091 224 86 484 254
bus 0.0073 9 151 70 198
bus 0.0071 27 148 65 167
bus 0.0049 21 165 65 195
bus 0.0016 61 75 236 275
bus 0.0013 482 156 500 201
bus 0.0012 479 143 500 173
chair 0.0013 128 153 158 189
chair 0.0013 196 156 219 195
pottedplant 0.0145 484 172 500 210
pottedplant 0.0044 482 156 500 201
pottedplant 0.0019 0 189 59 248
