person 0.0407 14 7 484 324
person 0.0133 396 -4 500 192
person 0.0047 404 -1 498 94
person 0.0045 475 35 500 203
person 0.0044 395 -1 499 47
person 0.0041 477 52 499 142
person 0.0028 442 -2 498 338
person 0.0021 469 122 500 263
person 0.0014 474 -3 499 130
person 0.0012 449 0 499 48
car 0.0011 396 -4 500 192
bird 0.0017 79 6 499 312
cat 0.0565 -16 7 437 336
cat 0.0012 388 8 495 321
dog 0.7364 14 7 484 324
dog 0.0059 177 9 467 245
dog 0.0026 165 22 252 166
dog 0.0024 393 8 499 237
dog 0.0022 10 45 284 342
dog 0.0014 125 5 300 163
horse 0.0976 139 4 496 310
horse 0.0040 388 8 495 321
sheep 0.0012 79 6 499 312
cow 0.0370 139 4 496 310
cow 0.0013 388 8 495 321
chair 0.0117 396 -4 500 192
chair 0.0036 14 7 484 324
chair 0.0017 404 -1 498 94
chair 0.0016 395 -1 499 47
sofa 0.1362 14 7 484 324
sofa 0.0015 396 -4 500 192
pottedplant 0.0019 -2 241 91 333
pottedplant 0.0013 465 135 500 216
pottedplant 0.0010 440 154 501 310
