person 0.0818 213 128 238 164
person 0.0503 242 129 270 164
person 0.0329 301 127 328 164
person 0.0283 222 131 259 162
person 0.0267 463 170 488 199
person 0.0227 266 129 289 165
person 0.0224 212 113 237 153
person 0.0159 285 128 311 162
person 0.0122 223 115 254 150
person 0.0116 240 114 269 152
person 0.0088 189 119 211 170
person 0.0066 305 115 329 154
person 0.0061 207 106 243 165
person 0.0046 218 107 263 163
person 0.0027 236 107 279 162
person 0.0023 266 113 292 157
person 0.0014 277 107 317 163
person 0.0012 256 106 299 163
person 0.0012 297 106 337 164
bicycle 0.0037 463 170 488 199
car 0.0019 463 170 488 199
motorbike 0.0026 463 170 488 199
bus 0.9991 29 57 385 271
chair 0.0061 463 170 488 199
pottedplant 0.0104 463 170 488 199
