person 0.6896 209 25 295 207
person 0.0179 214 22 279 136
person 0.0033 54 79 119 120
person 0.0020 228 29 322 160
person 0.0018 132 19 309 184
person 0.0015 298 111 322 133
horse 0.8040 163 105 360 314
horse 0.0117 290 123 373 278
horse 0.0036 161 122 204 201
horse 0.0023 241 111 383 298
horse 0.0021 327 128 374 216
horse 0.0014 68 75 447 332
horse 0.0012 163 122 191 154
horse 0.0010 187 108 298 207
bottle 0.0035 298 111 322 133
chair 0.0054 363 2 500 73
chair 0.0030 54 79 119 120
chair 0.0020 32 79 158 122
chair 0.0014 60 107 145 122
chair 0.0012 298 111 322 133
chair 0.0010 282 109 315 130
diningtable 0.0017 7 89 190 140
diningtable 0.0010 24 73 227 123
