person 0.0047 -14 208 291 501
person 0.0031 233 447 283 500
person 0.0018 257 270 289 405
person 0.0018 239 386 343 494
person 0.0017 228 444 338 499
person 0.0014 239 405 280 500
person 0.0013 211 389 266 439
person 0.0013 -16 378 285 497
person 0.0011 199 393 302 502
car 0.0022 246 326 265 379
bus 0.0010 -31 21 367 414
bird 0.0024 195 42 247 62
bird 0.0012 -8 152 289 491
cat 0.4113 3 148 323 491
cat 0.0032 268 27 337 169
cat 0.0012 123 138 286 448
cat 0.0012 133 121 274 300
dog 0.0853 -8 152 289 491
dog 0.0012 268 27 337 169
bottle 0.0026 246 326 265 379
bottle 0.0014 212 396 235 436
bottle 0.0014 268 27 337 169
chair 0.0030 -16 111 294 485
chair 0.0025 239 386 343 494
chair 0.0018 242 469 274 499
chair 0.0015 228 444 338 499
chair 0.0013 262 479 332 499
chair 0.0013 147 438 271 500
diningtable 0.0014 258 290 344 421
diningtable 0.0010 3 148 323 491
tvmonitor 0.0094 -31 21 367 414
