person 0.5776 -2 187 137 367
person 0.0434 3 203 250 376
person 0.0201 263 257 294 283
person 0.0077 244 256 280 283
person 0.0046 174 202 232 231
person 0.0042 -3 254 117 359
person 0.0022 0 199 24 349
person 0.0022 280 257 310 283
person 0.0020 222 255 260 282
person 0.0014 -29 127 381 398
person 0.0013 0 226 14 277
person 0.0012 -1 184 109 292
person 0.0010 201 206 234 236
bicycle 0.0443 118 197 238 243
bicycle 0.0141 141 195 175 223
bicycle 0.0125 155 203 215 229
bicycle 0.0054 131 193 166 214
bicycle 0.0030 167 197 233 236
bicycle 0.0015 120 191 171 237
bicycle 0.0012 129 192 195 233
bicycle 0.0010 56 192 232 254
car 0.9535 145 244 374 351
car 0.1153 174 202 232 231
car 0.0302 118 197 238 243
car 0.0174 130 197 166 224
car 0.0127 196 240 379 310
car 0.0037 142 193 172 215
car 0.0018 344 274 373 305
car 0.0018 -29 127 381 398
car 0.0014 120 191 171 237
motorbike 0.0053 118 197 238 243
motorbike 0.0028 141 195 175 223
motorbike 0.0022 131 193 166 214
motorbike 0.0019 155 203 215 229
motorbike 0.0014 151 250 372 358
motorbike 0.0012 167 197 233 236
bird 0.0049 131 193 166 214
cow 0.0023 118 197 238 243
chair 0.0041 118 197 238 243
chair 0.0016 0 51 14 265
chair 0.0010 0 289 24 336
pottedplant 0.0022 230 139 396 305
pottedplant 0.0021 251 232 380 298
diningtable 0.0017 -29 127 381 398
