person 0.0497 274 -1 435 58
person 0.0151 407 1 500 80
person 0.0097 0 0 20 46
person 0.0082 2 0 97 86
person 0.0065 0 -3 17 128
person 0.0044 410 35 498 110
person 0.0033 295 5 487 72
person 0.0023 175 -7 492 100
person 0.0014 -16 -8 286 97
person 0.0014 158 0 324 64
person 0.0014 95 2 265 59
person 0.0011 37 -72 466 145
person 0.0011 402 6 465 50
person 0.0010 0 16 18 61
person 0.0010 425 8 463 39
bottle 0.0053 11 -1 97 78
bottle 0.0020 274 -1 435 58
bottle 0.0018 0 0 20 46
bottle 0.0011 410 35 498 110
bottle 0.0011 195 0 241 19
chair 0.0040 96 7 261 76
chair 0.0019 0 163 16 221
chair 0.0017 0 0 20 46
chair 0.0015 274 -1 435 58
chair 0.0012 407 1 500 80
chair 0.0012 0 151 19 285
diningtable 0.4494 44 21 526 357
diningtable 0.0174 193 51 474 166
diningtable 0.0151 -8 125 434 385
diningtable 0.0083 60 -40 511 192
diningtable 0.0063 374 159 507 372
diningtable 0.0052 211 56 448 102
diningtable 0.0047 302 69 510 315
diningtable 0.0046 436 137 500 377
diningtable 0.0042 58 204 512 372
diningtable 0.0041 3 110 118 171
diningtable 0.0040 1 227 100 368
diningtable 0.0040 0 212 55 377
diningtable 0.0034 162 78 345 125
diningtable 0.0032 393 87 501 295
diningtable 0.0030 410 35 498 110
diningtable 0.0028 6 120 202 267
diningtable 0.0026 16 82 245 226
diningtable 0.0025 244 65 471 135
diningtable 0.0024 8 22 288 356
diningtable 0.0023 0 126 115 331
diningtable 0.0021 180 12 489 129
diningtable 0.0018 1 202 32 305
diningtable 0.0017 -9 216 194 369
diningtable 0.0014 -7 83 257 146
diningtable 0.0014 195 52 321 103
diningtable 0.0014 274 -1 435 58
diningtable 0.0013 0 119 99 236
diningtable 0.0013 -8 41 216 168
diningtable 0.0013 35 53 381 168
diningtable 0.0012 16 69 230 126
diningtable 0.0011 236 70 480 219
diningtable 0.0010 173 94 341 145
