person 0.0720 169 258 205 282
person 0.0234 181 253 220 281
person 0.0143 206 254 240 280
person 0.0052 104 223 132 247
person 0.0045 148 257 179 281
person 0.0013 475 236 499 263
bicycle 0.0056 104 223 132 247
car 0.5593 64 247 297 324
car 0.0902 219 269 295 321
car 0.0304 74 263 139 315
car 0.0187 423 230 476 246
car 0.0090 100 225 126 244
car 0.0075 444 231 496 248
car 0.0064 231 267 291 288
car 0.0058 475 236 499 263
car 0.0051 179 248 298 327
car 0.0029 0 267 17 306
car 0.0028 50 227 85 244
car 0.0017 476 224 499 256
car 0.0015 382 238 414 254
car 0.0012 391 185 437 203
car 0.0012 372 189 419 206
car 0.0011 77 262 141 283
car 0.0011 376 226 413 249
motorbike 0.0034 100 225 126 244
train 0.0059 116 48 363 237
boat 0.0015 423 230 476 246
horse 0.0015 104 223 132 247
chair 0.0020 475 236 499 263
pottedplant 0.0010 376 226 413 249
