person 0.0440 61 50 511 282
person 0.0020 292 67 509 278
car 0.0027 61 50 511 282
motorbike 0.0042 61 50 511 282
bird 0.0039 40 42 463 293
bird 0.0023 109 69 374 245
cat 0.0013 40 42 463 293
dog 0.0010 61 50 511 282
bottle 0.0498 184 116 458 278
bottle 0.0167 295 145 449 266
bottle 0.0093 92 68 338 237
bottle 0.0093 61 50 511 282
bottle 0.0027 299 115 503 299
bottle 0.0013 140 172 503 309
chair 0.0025 40 42 463 293
sofa 0.0057 61 50 511 282
diningtable 0.0350 40 42 463 293
diningtable 0.0092 140 172 503 309
diningtable 0.0013 -23 119 446 350
diningtable 0.0011 292 67 509 278
