person 0.2498 -8 -53 424 429
person 0.1420 107 56 470 481
person 0.1116 335 173 499 373
person 0.0929 319 9 505 366
person 0.0924 402 10 498 221
person 0.0391 37 -11 298 245
person 0.0121 99 -2 395 139
person 0.0069 14 169 175 358
person 0.0068 382 190 498 286
person 0.0055 467 14 500 185
person 0.0046 55 -30 439 201
person 0.0039 35 142 143 245
person 0.0039 82 382 188 452
person 0.0039 257 77 542 456
person 0.0033 -2 -3 184 244
person 0.0029 320 0 489 179
person 0.0026 136 -12 504 334
person 0.0023 68 289 199 450
person 0.0021 80 149 122 208
person 0.0019 -21 -27 229 402
person 0.0015 33 160 216 455
person 0.0015 93 251 247 453
person 0.0014 408 -2 496 77
person 0.0013 30 -3 314 111
person 0.0011 436 10 502 170
person 0.0011 434 14 498 350
person 0.0010 318 1 402 55
cat 0.0235 14 169 175 358
cat 0.0095 56 250 207 450
cat 0.0010 127 2 518 460
dog 0.1889 14 169 175 358
dog 0.0176 33 160 216 455
dog 0.0075 61 42 446 496
dog 0.0019 19 187 153 279
dog 0.0012 93 251 247 453
dog 0.0010 68 289 199 450
sheep 0.0012 56 250 207 450
bottle 0.0124 439 -1 495 65
bottle 0.0114 467 14 500 185
chair 0.0107 107 56 470 481
chair 0.0067 -8 -53 424 429
chair 0.0032 328 58 503 387
chair 0.0016 241 368 469 451
chair 0.0016 56 250 207 450
chair 0.0015 417 38 493 204
chair 0.0012 9 62 279 478
chair 0.0011 319 3 499 215
sofa 0.0571 -8 -53 424 429
sofa 0.0398 107 56 470 481
sofa 0.0095 229 355 509 457
sofa 0.0048 99 -2 395 139
sofa 0.0035 328 58 503 387
sofa 0.0024 56 250 207 450
sofa 0.0024 150 219 499 450
sofa 0.0022 69 -14 426 263
sofa 0.0020 402 10 498 221
sofa 0.0016 257 77 542 456
sofa 0.0014 16 164 185 450
sofa 0.0014 9 62 279 478
diningtable 0.0071 -22 -16 438 475
diningtable 0.0029 13 231 195 453
diningtable 0.0011 1 229 99 452
tvmonitor 0.0018 467 14 500 185
