person 0.0290 -26 -20 449 386
person 0.0021 214 233 500 376
person 0.0011 -1 4 102 154
person 0.0010 478 235 500 384
bird 0.0014 77 -17 499 383
cat 0.2180 -26 -20 449 386
cat 0.0085 65 6 504 237
cat 0.0072 148 67 494 374
cat 0.0044 214 233 500 376
dog 0.2917 77 -17 499 383
dog 0.0128 7 -14 358 329
horse 0.0015 -26 -20 449 386
sheep 0.0013 77 -17 499 383
cow 0.0050 -26 -20 449 386
chair 0.0047 27 -15 469 383
sofa 0.0499 -26 -20 449 386
sofa 0.0028 214 233 500 376
sofa 0.0015 65 6 504 237
diningtable 0.0047 77 -17 499 383
diningtable 0.0015 214 233 500 376
