person 0.0337 74 389 385 498
person 0.0187 193 252 379 460
person 0.0168 248 -3 377 272
person 0.0065 54 226 389 503
person 0.0055 1 480 77 499
person 0.0042 300 1 378 113
person 0.0024 60 0 384 358
person 0.0014 -7 463 95 502
bird 0.0092 30 102 166 188
bird 0.0071 -8 66 223 212
bird 0.0023 69 121 170 203
bird 0.0019 5 123 42 188
cat 0.9352 178 243 376 426
cat 0.0182 183 251 284 316
cat 0.0017 194 242 317 340
cat 0.0015 54 226 389 503
dog 0.4300 177 255 375 446
chair 0.0332 -1 250 96 345
chair 0.0148 57 412 258 500
chair 0.0120 1 480 77 499
chair 0.0065 2 454 125 500
chair 0.0030 74 389 385 498
chair 0.0021 285 -2 375 279
chair 0.0020 -9 472 100 499
chair 0.0013 -31 293 411 499
chair 0.0010 20 484 101 500
chair 0.0010 -1 407 94 498
sofa 0.0170 74 389 385 498
sofa 0.0086 2 454 125 500
sofa 0.0053 1 480 77 499
sofa 0.0024 -1 407 94 498
sofa 0.0024 -31 293 411 499
sofa 0.0019 -9 472 100 499
sofa 0.0016 59 414 246 498
sofa 0.0014 177 255 375 446
sofa 0.0010 -5 0 380 428
pottedplant 0.3323 54 170 220 381
pottedplant 0.0545 -5 0 380 428
pottedplant 0.0083 3 238 113 355
pottedplant 0.0053 156 289 193 386
pottedplant 0.0045 -8 66 223 212
pottedplant 0.0041 53 239 315 413
pottedplant 0.0034 0 165 303 478
pottedplant 0.0021 145 272 233 390
pottedplant 0.0017 93 286 186 382
pottedplant 0.0010 0 174 149 393
diningtable 0.0230 -17 174 391 472
diningtable 0.0161 1 480 77 499
diningtable 0.0035 -7 463 95 502
diningtable 0.0029 26 274 263 448
diningtable 0.0011 -1 407 94 498
diningtable 0.0011 -5 273 153 467
diningtable 0.0011 -12 313 228 496
