person 0.5631 165 17 487 372
person 0.5190 43 97 87 173
person 0.4812 2 50 418 379
person 0.4340 3 140 79 250
person 0.1997 0 92 34 150
person 0.1186 11 95 85 211
person 0.0830 0 137 66 376
person 0.0825 0 115 26 244
person 0.0701 5 127 40 154
person 0.0418 0 108 45 169
person 0.0386 3 106 38 137
person 0.0224 51 98 85 134
person 0.0195 -2 141 59 219
person 0.0178 0 141 22 177
person 0.0164 32 123 68 150
person 0.0141 0 182 25 285
person 0.0115 17 124 77 182
person 0.0107 0 79 14 120
person 0.0106 0 141 15 207
person 0.0087 16 76 96 171
person 0.0084 39 110 82 241
person 0.0069 46 115 78 163
person 0.0068 30 142 71 176
person 0.0065 406 102 501 358
person 0.0063 0 198 21 240
person 0.0059 1 208 84 307
person 0.0052 -1 91 93 288
person 0.0050 7 71 197 378
person 0.0049 55 94 89 120
person 0.0047 235 185 269 219
person 0.0041 0 238 68 281
person 0.0041 0 186 59 277
person 0.0035 0 166 14 229
person 0.0029 424 109 502 207
person 0.0025 -1 238 72 355
person 0.0018 71 44 277 355
person 0.0018 47 131 75 179
person 0.0015 70 83 94 116
person 0.0013 0 194 23 355
person 0.0012 220 186 270 239
person 0.0010 0 65 58 175
bottle 0.0014 0 79 14 120
bottle 0.0013 0 212 22 252
bottle 0.0010 412 110 500 202
chair 0.0364 0 245 71 301
chair 0.0223 8 246 77 269
chair 0.0184 418 108 499 201
chair 0.0168 -1 240 69 380
chair 0.0065 1 218 84 316
chair 0.0061 0 255 58 328
chair 0.0052 4 139 78 367
chair 0.0035 157 47 493 381
chair 0.0017 23 12 335 391
chair 0.0017 12 251 77 282
chair 0.0016 42 247 84 269
chair 0.0014 236 170 492 369
chair 0.0013 3 106 38 137
sofa 0.0184 0 242 87 352
sofa 0.0078 36 219 541 372
sofa 0.0073 157 47 493 381
sofa 0.0071 4 139 78 367
sofa 0.0043 253 292 493 371
sofa 0.0033 236 170 492 369
sofa 0.0027 9 6 411 391
sofa 0.0020 418 108 499 201
sofa 0.0020 406 102 501 358
sofa 0.0020 0 255 58 328
sofa 0.0019 0 245 71 301
sofa 0.0011 0 208 67 323
pottedplant 0.1315 44 93 88 161
pottedplant 0.0162 55 94 89 120
pottedplant 0.0098 16 76 96 171
pottedplant 0.0055 51 98 85 134
pottedplant 0.0038 48 76 91 135
pottedplant 0.0032 11 95 85 211
pottedplant 0.0023 70 83 94 116
pottedplant 0.0011 49 53 133 171
pottedplant 0.0011 61 70 111 133
diningtable 0.0235 -1 240 69 380
diningtable 0.0202 0 245 71 301
diningtable 0.0116 0 212 22 252
diningtable 0.0103 -5 246 69 270
diningtable 0.0090 9 6 411 391
diningtable 0.0061 0 181 23 324
diningtable 0.0052 0 255 58 328
diningtable 0.0031 -1 154 73 310
diningtable 0.0019 36 219 541 372
diningtable 0.0015 0 229 22 272
diningtable 0.0015 1 218 84 316
diningtable 0.0013 0 252 63 283
diningtable 0.0010 0 152 25 273
tvmonitor 0.1744 51 18 119 74
tvmonitor 0.0016 60 25 109 63
