person 0.5891 4 102 124 373
person 0.0232 1 105 63 262
person 0.0166 20 112 69 168
person 0.0160 0 112 21 320
person 0.0115 35 12 168 374
person 0.0113 438 0 500 48
person 0.0112 477 3 499 46
person 0.0036 102 20 152 70
person 0.0034 -16 -13 222 400
person 0.0024 434 3 465 41
person 0.0022 0 160 13 224
person 0.0021 8 99 82 216
person 0.0018 0 3 103 70
person 0.0017 0 86 20 234
person 0.0016 367 13 497 206
person 0.0015 161 81 366 280
cat 0.6224 156 31 370 277
cat 0.0034 38 3 390 305
cat 0.0019 332 19 493 207
cat 0.0010 226 63 410 288
dog 0.7987 160 64 391 285
dog 0.0137 19 10 407 359
dog 0.0062 134 42 512 318
dog 0.0015 136 99 308 273
horse 0.0040 161 81 366 280
cow 0.0010 160 64 391 285
bottle 0.0056 31 -3 161 321
bottle 0.0013 -16 -13 222 400
bottle 0.0010 330 2 371 81
chair 0.0469 2 125 120 376
chair 0.0122 159 45 395 279
chair 0.0082 0 145 25 366
chair 0.0069 19 10 407 359
chair 0.0041 332 19 493 207
chair 0.0017 364 52 454 193
sofa 0.0179 2 125 120 376
sofa 0.0060 302 42 505 332
sofa 0.0037 159 45 395 279
sofa 0.0034 8 92 421 357
sofa 0.0024 332 19 493 207
sofa 0.0016 363 46 455 192
sofa 0.0014 0 145 25 366
diningtable 0.0014 0 145 25 366
diningtable 0.0012 8 92 421 357
tvmonitor 0.0321 0 3 103 70
tvmonitor 0.0061 133 1 190 45
tvmonitor 0.0037 143 5 293 61
tvmonitor 0.0023 35 12 168 374
tvmonitor 0.0017 105 0 215 50
tvmonitor 0.0011 -16 -13 222 400
