person 0.0161 0 100 16 136
person 0.0122 328 32 488 252
person 0.0122 433 5 461 28
person 0.0114 186 15 257 138
person 0.0054 0 92 28 332
person 0.0038 4 79 63 279
person 0.0037 0 114 21 155
person 0.0035 0 64 58 176
person 0.0028 0 78 24 159
person 0.0022 0 80 16 126
person 0.0016 0 186 16 315
person 0.0010 400 7 467 27
bicycle 0.0613 0 64 60 309
bicycle 0.0032 0 76 58 202
bicycle 0.0025 197 7 280 136
bicycle 0.0015 6 69 89 364
bicycle 0.0012 0 92 28 332
bicycle 0.0011 0 97 26 181
bicycle 0.0010 0 100 16 136
car 0.0174 61 9 111 31
car 0.0158 0 5 30 36
car 0.0078 5 8 46 46
car 0.0067 34 1 67 15
car 0.0065 125 7 162 31
car 0.0053 387 2 481 18
car 0.0053 433 5 461 28
car 0.0052 363 -7 499 25
car 0.0043 81 10 121 31
car 0.0040 382 9 440 27
car 0.0032 0 0 30 16
car 0.0031 33 3 63 36
car 0.0024 400 7 467 27
car 0.0022 344 2 469 52
car 0.0018 353 1 398 32
car 0.0014 449 0 493 18
car 0.0012 443 6 497 26
car 0.0011 107 7 143 31
car 0.0010 365 1 423 18
motorbike 0.0447 0 64 60 309
motorbike 0.0015 0 97 26 181
bus 0.0093 61 9 111 31
bus 0.0032 2 6 130 41
bird 0.0018 0 100 16 136
dog 0.0014 0 130 20 330
horse 0.0012 433 5 461 28
sheep 0.0022 0 130 20 330
sheep 0.0010 433 5 461 28
bottle 0.0477 305 107 327 158
bottle 0.0351 148 234 189 342
bottle 0.0113 280 100 326 173
bottle 0.0063 359 143 387 175
bottle 0.0062 343 123 374 156
bottle 0.0047 281 135 321 182
bottle 0.0031 283 125 318 147
bottle 0.0024 36 83 53 125
bottle 0.0017 319 97 347 138
bottle 0.0011 321 128 353 154
bottle 0.0010 344 137 377 171
bottle 0.0010 292 116 331 186
chair 0.6216 328 32 488 252
chair 0.5349 144 73 212 129
chair 0.1371 0 64 60 309
chair 0.0633 332 27 479 135
chair 0.0355 275 94 328 148
chair 0.0347 244 81 338 147
chair 0.0138 133 63 207 174
chair 0.0130 208 61 260 132
chair 0.0121 161 60 262 141
chair 0.0113 322 35 427 159
chair 0.0111 311 72 403 162
chair 0.0085 199 71 285 141
chair 0.0074 307 97 327 147
chair 0.0073 0 64 58 176
chair 0.0071 186 15 257 138
chair 0.0058 345 107 469 182
chair 0.0057 251 115 282 136
chair 0.0056 36 83 53 125
chair 0.0055 141 23 222 129
chair 0.0044 26 85 69 270
chair 0.0042 0 5 30 36
chair 0.0042 6 69 89 364
chair 0.0040 11 17 46 52
chair 0.0039 278 81 374 153
chair 0.0036 343 123 374 156
chair 0.0033 200 78 217 126
chair 0.0031 0 92 28 332
chair 0.0028 388 48 481 152
chair 0.0028 204 115 241 137
chair 0.0026 0 205 16 328
chair 0.0024 268 -2 472 161
chair 0.0024 98 95 394 345
chair 0.0023 205 19 311 139
chair 0.0021 202 69 231 120
chair 0.0015 -3 97 53 215
chair 0.0015 291 94 383 178
chair 0.0014 345 56 399 141
chair 0.0013 0 100 16 136
chair 0.0013 272 10 375 134
chair 0.0013 343 109 395 168
chair 0.0013 311 88 360 148
chair 0.0012 299 99 330 168
chair 0.0012 194 102 216 136
chair 0.0012 283 125 318 147
chair 0.0011 0 238 14 303
chair 0.0010 263 74 329 128
chair 0.0010 15 84 48 121
pottedplant 0.0488 133 100 207 185
pottedplant 0.0464 343 123 374 156
pottedplant 0.0262 282 104 381 185
pottedplant 0.0236 315 135 357 189
pottedplant 0.0199 275 94 328 148
pottedplant 0.0159 241 99 337 182
pottedplant 0.0150 316 94 398 192
pottedplant 0.0149 205 117 240 143
pottedplant 0.0131 359 143 387 175
pottedplant 0.0118 308 100 360 166
pottedplant 0.0111 336 126 383 182
pottedplant 0.0107 251 115 282 136
pottedplant 0.0106 328 32 488 252
pottedplant 0.0100 244 81 338 147
pottedplant 0.0098 183 16 387 188
pottedplant 0.0077 321 128 353 154
pottedplant 0.0072 319 97 347 138
pottedplant 0.0058 328 84 389 154
pottedplant 0.0054 192 109 312 192
pottedplant 0.0049 299 99 330 168
pottedplant 0.0048 197 7 280 136
pottedplant 0.0043 278 81 374 153
pottedplant 0.0032 281 135 321 182
pottedplant 0.0024 386 151 497 363
pottedplant 0.0022 339 100 373 130
pottedplant 0.0017 316 128 395 230
pottedplant 0.0017 137 211 355 367
pottedplant 0.0017 352 125 384 159
pottedplant 0.0016 350 157 387 180
pottedplant 0.0016 283 125 318 147
pottedplant 0.0015 172 78 397 227
pottedplant 0.0015 344 137 377 171
pottedplant 0.0015 324 145 386 198
pottedplant 0.0015 345 107 469 182
pottedplant 0.0015 6 69 89 364
pottedplant 0.0013 343 109 395 168
pottedplant 0.0013 7 238 115 366
pottedplant 0.0012 235 113 285 157
pottedplant 0.0012 349 126 471 240
pottedplant 0.0011 316 146 355 174
pottedplant 0.0011 0 100 16 136
pottedplant 0.0011 234 27 340 124
pottedplant 0.0010 230 145 286 168
pottedplant 0.0010 274 134 381 215
diningtable 0.2881 105 139 384 313
diningtable 0.0402 144 73 212 129
diningtable 0.0306 192 109 312 192
diningtable 0.0262 176 145 327 219
diningtable 0.0138 344 2 469 52
diningtable 0.0109 141 71 364 235
diningtable 0.0094 241 99 337 182
diningtable 0.0087 328 32 488 252
diningtable 0.0063 133 100 207 185
diningtable 0.0055 133 165 352 263
diningtable 0.0054 114 38 453 340
diningtable 0.0046 144 65 256 136
diningtable 0.0040 0 86 57 287
diningtable 0.0035 145 68 215 86
diningtable 0.0028 141 96 277 188
diningtable 0.0021 332 27 479 135
diningtable 0.0019 218 100 426 257
diningtable 0.0016 316 94 398 192
diningtable 0.0015 382 9 440 27
diningtable 0.0012 345 107 469 182
diningtable 0.0011 327 89 494 356
