person 0.0059 118 59 323 324
person 0.0027 394 27 496 340
bird 0.0263 394 27 496 340
dog 0.0102 394 27 496 340
horse 0.0136 394 27 496 340
horse 0.0021 12 -4 46 20
sheep 0.9463 393 34 496 271
sheep 0.9293 124 21 361 188
sheep 0.8655 124 105 321 330
sheep 0.0505 402 29 493 121
sheep 0.0148 478 46 499 269
sheep 0.0098 77 11 357 305
sheep 0.0090 402 25 497 72
sheep 0.0077 442 34 494 83
sheep 0.0073 435 15 499 353
sheep 0.0043 415 34 491 62
sheep 0.0031 108 24 216 129
sheep 0.0023 32 16 181 106
sheep 0.0022 422 30 504 180
sheep 0.0020 127 52 300 153
sheep 0.0017 334 34 490 335
sheep 0.0016 403 39 448 114
sheep 0.0016 115 22 169 93
sheep 0.0015 272 42 363 195
sheep 0.0013 475 40 498 74
sheep 0.0012 104 23 262 277
sheep 0.0011 239 158 330 287
sheep 0.0011 246 42 351 115
cow 0.0233 394 27 496 340
cow 0.0018 12 -4 46 20
