person 0.0019 219 0 494 159
person 0.0016 316 13 410 127
person 0.0010 6 -36 500 408
car 0.2522 9 -26 570 396
car 0.0721 32 4 543 231
car 0.0134 219 0 494 159
car 0.0101 0 0 48 50
car 0.0056 52 148 446 372
car 0.0043 0 9 51 77
car 0.0035 60 2 179 77
car 0.0022 0 7 68 118
car 0.0015 316 13 410 127
motorbike 0.0344 29 -24 551 330
motorbike 0.0079 45 3 170 76
motorbike 0.0016 211 -22 491 238
motorbike 0.0016 0 7 68 118
aeroplane 0.0423 29 -24 551 330
bus 0.0094 9 -26 570 396
train 0.0102 9 -26 570 396
boat 0.0019 9 -26 570 396
boat 0.0015 0 0 48 50
dog 0.0026 223 -1 439 144
dog 0.0010 316 13 410 127
bottle 0.0027 1 70 69 128
bottle 0.0014 5 53 83 161
bottle 0.0011 371 -1 498 164
chair 0.0046 6 -36 500 408
chair 0.0020 0 22 57 96
chair 0.0018 45 3 170 76
chair 0.0015 -1 13 71 131
chair 0.0012 0 0 48 50
diningtable 0.0041 6 -36 500 408
tvmonitor 0.0015 32 4 543 231
tvmonitor 0.0013 45 3 170 76
