person 0.9693 165 27 291 310
person 0.9654 290 142 356 294
person 0.0625 358 97 392 124
person 0.0061 233 131 352 295
person 0.0057 283 137 311 171
person 0.0051 259 142 295 170
person 0.0048 236 107 290 174
person 0.0043 232 142 282 172
person 0.0043 307 148 355 205
person 0.0035 228 34 299 174
person 0.0031 416 86 458 149
person 0.0025 315 140 356 171
person 0.0024 295 163 344 225
person 0.0013 481 57 499 109
person 0.0012 422 86 448 116
person 0.0010 288 68 353 128
bicycle 0.0104 358 97 392 124
bicycle 0.0014 295 113 341 137
car 0.1301 358 97 392 124
car 0.0061 422 86 448 116
car 0.0013 481 57 499 109
car 0.0010 350 117 483 157
motorbike 0.0191 358 97 392 124
bird 0.0015 296 67 333 85
dog 0.0021 358 97 392 124
bottle 0.0024 283 137 311 171
bottle 0.0010 302 168 336 208
chair 0.0099 358 97 392 124
chair 0.0068 281 71 378 134
chair 0.0037 435 62 500 119
chair 0.0032 241 53 351 150
chair 0.0026 315 140 356 171
chair 0.0024 301 67 357 126
chair 0.0012 481 57 499 109
chair 0.0012 469 118 501 148
pottedplant 0.0956 231 134 259 173
pottedplant 0.0665 469 118 501 148
pottedplant 0.0405 295 113 341 137
pottedplant 0.0281 0 113 118 191
pottedplant 0.0272 239 47 331 157
pottedplant 0.0169 288 122 350 145
pottedplant 0.0086 172 23 299 306
pottedplant 0.0085 303 -1 342 58
pottedplant 0.0082 396 8 497 108
pottedplant 0.0079 247 58 297 143
pottedplant 0.0077 237 48 291 112
pottedplant 0.0076 -1 1 65 114
pottedplant 0.0063 98 113 145 168
pottedplant 0.0059 286 115 352 162
pottedplant 0.0059 248 106 305 173
pottedplant 0.0057 228 34 299 174
pottedplant 0.0053 457 123 494 151
pottedplant 0.0040 271 109 319 172
pottedplant 0.0037 357 4 459 99
pottedplant 0.0034 358 97 392 124
pottedplant 0.0025 232 142 282 172
pottedplant 0.0024 309 -1 338 15
pottedplant 0.0023 281 71 378 134
pottedplant 0.0020 239 12 346 90
pottedplant 0.0017 0 -4 117 196
pottedplant 0.0017 35 118 96 182
pottedplant 0.0017 290 97 345 144
pottedplant 0.0015 -12 68 146 269
pottedplant 0.0014 276 87 369 160
pottedplant 0.0012 29 103 151 180
pottedplant 0.0011 219 25 365 171
pottedplant 0.0010 279 131 309 155
pottedplant 0.0010 83 93 176 179
pottedplant 0.0010 296 67 333 85
diningtable 0.0011 362 131 465 154
