person 0.0089 465 233 500 335
person 0.0042 0 286 14 334
person 0.0038 0 247 17 332
person 0.0034 80 8 482 265
person 0.0021 0 166 19 338
person 0.0010 370 147 502 336
person 0.0010 445 165 500 332
cat 0.7787 86 37 481 280
cat 0.0118 86 66 281 268
cat 0.0010 206 117 458 282
dog 0.0078 80 8 482 265
bottle 0.0014 0 286 14 334
bottle 0.0010 0 247 17 332
chair 0.0673 8 27 428 295
chair 0.0109 0 247 17 332
chair 0.0058 0 286 14 334
chair 0.0041 199 1 504 315
chair 0.0030 463 228 501 327
chair 0.0026 0 166 19 338
chair 0.0026 371 1 500 241
chair 0.0023 112 -1 219 51
chair 0.0013 60 143 521 341
sofa 0.0581 8 27 428 295
sofa 0.0123 368 4 506 320
sofa 0.0107 60 143 521 341
sofa 0.0026 199 1 504 315
sofa 0.0026 463 228 501 327
sofa 0.0025 445 165 500 332
sofa 0.0014 84 224 491 334
sofa 0.0012 431 -4 502 331
sofa 0.0010 230 158 499 317
diningtable 0.0011 60 143 521 341
