person 0.9720 4 -3 67 256
person 0.9059 291 0 373 270
person 0.8537 144 0 181 57
person 0.8454 167 0 272 126
person 0.4363 169 0 281 260
person 0.2354 259 0 351 225
person 0.0345 0 -3 23 255
person 0.0206 139 8 155 54
person 0.0200 202 14 328 247
person 0.0200 319 43 374 250
person 0.0184 312 0 356 27
person 0.0180 324 0 375 22
person 0.0142 171 0 213 57
person 0.0109 268 0 314 25
person 0.0106 318 5 372 123
person 0.0099 349 0 377 19
person 0.0098 265 -1 293 29
person 0.0078 229 77 316 214
person 0.0075 163 1 192 51
person 0.0075 236 0 268 97
person 0.0074 292 0 326 25
person 0.0069 236 0 267 23
person 0.0056 262 -1 294 55
person 0.0053 306 -3 357 61
person 0.0047 212 99 289 238
person 0.0045 160 0 200 25
person 0.0033 -3 -11 42 223
person 0.0033 327 73 374 128
person 0.0033 168 1 271 60
person 0.0030 216 0 298 122
person 0.0028 173 0 212 28
person 0.0026 140 -1 233 62
person 0.0025 254 90 298 160
person 0.0024 273 14 319 157
person 0.0022 0 3 23 123
person 0.0021 142 30 177 57
person 0.0021 2 2 70 106
person 0.0021 337 129 373 273
person 0.0020 266 78 331 251
person 0.0020 253 71 291 138
person 0.0020 147 0 178 30
person 0.0017 256 85 283 122
person 0.0015 261 5 353 118
person 0.0014 50 69 73 102
person 0.0014 183 0 250 21
person 0.0013 258 74 282 107
person 0.0012 196 1 242 90
person 0.0011 56 63 252 376
person 0.0010 0 -1 38 93
person 0.0010 128 -1 158 57
person 0.0010 288 3 312 45
bicycle 0.0854 47 111 251 449
bicycle 0.0605 142 30 177 57
bicycle 0.0128 145 2 178 55
bicycle 0.0030 139 8 155 54
bicycle 0.0015 59 34 250 329
bicycle 0.0015 169 0 281 260
bicycle 0.0010 67 142 95 229
car 0.0019 265 -1 293 29
car 0.0018 145 2 178 55
car 0.0010 268 0 314 25
motorbike 0.7516 32 32 277 403
motorbike 0.0253 142 30 177 57
motorbike 0.0148 111 121 250 446
motorbike 0.0042 222 86 305 203
motorbike 0.0040 48 74 185 359
motorbike 0.0032 145 2 178 55
motorbike 0.0022 156 44 293 294
motorbike 0.0019 265 1 290 46
motorbike 0.0012 1 153 295 473
motorbike 0.0010 137 23 157 56
boat 0.0024 18 100 271 462
pottedplant 0.0016 139 8 155 54
