person 0.6870 -7 59 274 389
person 0.5523 192 50 471 383
person 0.0137 150 69 351 379
person 0.0112 351 148 399 210
person 0.0051 324 74 495 375
person 0.0032 234 241 354 378
person 0.0022 357 160 393 198
person 0.0021 -15 139 433 365
person 0.0018 372 186 503 368
person 0.0015 416 163 438 196
person 0.0013 220 72 383 314
person 0.0011 371 166 414 197
person 0.0011 477 209 499 377
person 0.0010 481 140 500 334
bottle 0.0010 0 170 12 225
chair 0.0044 372 186 503 368
chair 0.0015 378 184 417 213
chair 0.0014 478 185 499 368
sofa 0.0054 192 50 471 383
sofa 0.0038 372 186 503 368
sofa 0.0025 2 63 342 383
sofa 0.0011 -1 228 254 374
