person 0.0173 1 -28 101 257
person 0.0166 221 -1 284 38
person 0.0103 0 6 56 290
person 0.0082 0 1 59 152
person 0.0082 0 5 23 236
person 0.0069 45 2 102 53
person 0.0059 191 -8 309 28
person 0.0056 6 0 106 71
person 0.0047 25 2 152 56
person 0.0046 199 0 243 15
person 0.0044 12 -1 271 63
person 0.0035 229 0 282 24
person 0.0030 0 7 32 120
person 0.0028 186 -1 336 41
person 0.0025 0 0 54 77
person 0.0024 208 -1 275 17
person 0.0023 274 0 317 24
person 0.0020 324 -1 358 26
person 0.0018 122 -3 312 49
person 0.0017 -8 18 98 143
person 0.0015 134 3 183 17
person 0.0012 216 8 264 39
bottle 0.0044 95 0 114 52
chair 0.0690 427 90 502 258
chair 0.0555 343 3 481 72
chair 0.0246 324 -1 358 26
chair 0.0206 41 -2 314 63
chair 0.0166 0 6 56 290
chair 0.0128 47 1 111 53
chair 0.0089 0 0 97 75
chair 0.0088 0 75 20 247
chair 0.0081 274 0 317 24
chair 0.0079 388 -28 502 250
chair 0.0073 36 0 152 61
chair 0.0055 1 -28 101 257
chair 0.0055 8 101 87 281
chair 0.0053 294 5 447 60
chair 0.0051 22 2 71 72
chair 0.0044 300 -1 336 26
chair 0.0043 143 210 185 372
chair 0.0037 389 0 495 126
chair 0.0033 472 79 500 165
chair 0.0030 2 86 44 264
chair 0.0027 320 -4 496 160
chair 0.0025 284 6 342 26
chair 0.0024 228 2 417 49
chair 0.0023 0 -1 54 59
chair 0.0022 96 1 145 55
chair 0.0021 479 329 500 377
chair 0.0018 0 11 98 127
chair 0.0018 0 0 31 90
chair 0.0016 398 77 501 365
chair 0.0016 0 143 59 298
chair 0.0015 4 77 104 365
chair 0.0015 221 -1 284 38
chair 0.0014 324 0 380 39
chair 0.0014 477 277 500 382
chair 0.0014 0 35 26 84
chair 0.0011 30 141 69 284
chair 0.0011 467 75 500 243
chair 0.0010 487 9 500 73
chair 0.0010 434 13 503 149
chair 0.0010 95 0 114 52
chair 0.0010 0 -1 28 205
chair 0.0010 0 6 48 117
chair 0.0010 478 7 500 153
sofa 0.0579 41 -2 314 63
sofa 0.0015 343 3 481 72
sofa 0.0012 0 6 56 290
sofa 0.0011 149 -5 343 51
sofa 0.0010 0 88 22 258
pottedplant 0.0017 368 1 494 80
pottedplant 0.0013 0 1 59 152
pottedplant 0.0013 0 0 97 75
diningtable 0.0373 83 1 494 295
diningtable 0.0088 41 -2 314 63
diningtable 0.0078 430 74 501 251
diningtable 0.0072 8 16 349 358
diningtable 0.0030 343 3 481 72
diningtable 0.0020 194 -4 376 49
diningtable 0.0015 0 61 105 301
diningtable 0.0011 469 82 500 188
diningtable 0.0010 -1 241 107 370
tvmonitor 0.0402 0 75 20 247
tvmonitor 0.0020 2 69 41 253
tvmonitor 0.0013 481 79 500 117
tvmonitor 0.0010 368 1 494 80
