person 0.8872 136 94 180 145
person 0.8032 309 71 338 117
person 0.7553 81 59 130 148
person 0.3733 209 86 273 153
person 0.2707 68 71 101 153
person 0.2455 224 84 266 112
person 0.2179 244 123 275 152
person 0.1005 129 101 153 141
person 0.0563 211 87 237 114
person 0.0360 269 126 296 150
person 0.0288 232 112 280 157
person 0.0240 188 90 250 151
person 0.0186 120 99 142 142
person 0.0140 306 70 341 152
person 0.0109 62 76 88 162
person 0.0103 141 86 180 226
person 0.0101 111 63 136 97
person 0.0095 71 88 93 146
person 0.0080 66 72 134 194
person 0.0078 78 101 434 235
person 0.0072 183 87 335 156
person 0.0061 101 60 138 143
person 0.0060 321 68 346 95
person 0.0041 186 110 292 157
person 0.0037 246 140 275 164
person 0.0037 239 143 277 213
person 0.0037 300 125 344 150
person 0.0036 229 82 275 125
person 0.0035 74 73 97 122
person 0.0033 203 119 238 150
person 0.0030 53 59 153 259
person 0.0028 135 113 161 146
person 0.0027 49 248 78 328
person 0.0025 240 116 278 192
person 0.0023 216 122 265 153
person 0.0022 182 109 314 212
person 0.0020 61 115 110 186
person 0.0020 271 61 376 127
person 0.0020 236 101 278 130
person 0.0018 87 124 239 232
person 0.0017 93 63 123 97
person 0.0016 271 123 315 151
person 0.0015 230 75 350 129
person 0.0015 168 126 203 148
person 0.0014 205 102 237 132
person 0.0014 220 97 268 128
person 0.0014 201 81 298 127
person 0.0013 249 112 302 157
person 0.0013 0 66 9 134
person 0.0013 115 75 136 117
person 0.0012 257 89 300 110
person 0.0010 1 150 86 320
person 0.0010 96 96 251 148
person 0.0010 242 101 403 155
person 0.0010 72 76 169 150
bicycle 0.0083 364 137 456 282
bicycle 0.0053 172 101 237 149
bicycle 0.0036 350 125 443 229
bicycle 0.0026 59 136 84 166
bicycle 0.0024 203 119 238 150
bicycle 0.0020 393 140 489 272
bicycle 0.0018 180 118 229 149
bicycle 0.0013 205 102 237 132
car 0.2449 112 102 449 235
car 0.1026 453 86 500 109
car 0.0763 20 66 416 274
car 0.0402 190 102 384 154
car 0.0179 129 101 153 141
car 0.0158 174 93 267 152
car 0.0135 68 96 298 253
car 0.0133 262 130 393 212
car 0.0113 172 111 236 151
car 0.0049 111 63 136 97
car 0.0044 96 96 251 148
car 0.0042 168 126 203 148
car 0.0031 195 118 373 216
car 0.0020 136 94 180 145
car 0.0017 318 146 430 242
car 0.0017 147 113 287 220
car 0.0017 186 110 292 157
car 0.0014 217 153 368 231
car 0.0013 32 61 320 206
car 0.0013 0 100 65 321
car 0.0012 374 138 455 289
car 0.0011 120 99 142 142
car 0.0010 135 113 161 146
car 0.0010 393 140 489 272
motorbike 0.0019 177 87 272 151
motorbike 0.0016 172 101 237 149
aeroplane 0.0105 48 69 444 267
aeroplane 0.0012 453 86 500 109
bus 0.0403 20 66 416 274
bus 0.0169 112 102 449 235
bus 0.0132 453 86 500 109
bus 0.0020 191 97 299 154
train 0.0897 20 66 416 274
train 0.0187 112 102 449 235
train 0.0013 453 86 500 109
boat 0.0117 48 69 444 267
bird 0.0044 364 137 456 282
dog 0.0028 244 123 275 152
dog 0.0014 59 136 84 166
dog 0.0010 168 126 203 148
chair 0.0264 168 126 203 148
chair 0.0087 180 118 229 149
chair 0.0082 364 137 456 282
chair 0.0080 129 101 153 141
chair 0.0071 0 158 70 335
chair 0.0053 135 113 161 146
chair 0.0017 172 101 237 149
chair 0.0016 393 140 489 272
chair 0.0015 145 119 178 148
chair 0.0015 211 87 237 114
chair 0.0012 20 66 416 274
chair 0.0011 269 126 296 150
chair 0.0011 384 155 445 231
chair 0.0010 140 97 178 144
diningtable 0.0010 168 126 203 148
