person 0.6232 415 8 494 147
person 0.5703 217 4 299 98
person 0.1141 368 -1 424 49
person 0.0914 -1 4 53 68
person 0.0641 304 0 329 40
person 0.0582 248 0 300 80
person 0.0535 353 -1 399 49
person 0.0524 322 7 420 94
person 0.0514 308 -1 363 48
person 0.0503 391 2 424 44
person 0.0411 490 1 500 77
person 0.0407 295 0 340 55
person 0.0350 295 10 313 63
person 0.0303 483 6 499 155
person 0.0281 350 13 400 72
person 0.0239 282 2 315 71
person 0.0224 0 -3 29 123
person 0.0193 323 -2 351 23
person 0.0166 305 -1 330 23
person 0.0162 386 2 428 73
person 0.0143 1 16 25 69
person 0.0142 355 -3 389 26
person 0.0112 224 9 263 105
person 0.0109 335 0 363 37
person 0.0107 363 20 423 101
person 0.0101 360 19 394 52
person 0.0089 307 2 414 52
person 0.0086 30 10 58 48
person 0.0082 217 0 265 21
person 0.0072 54 1 75 44
person 0.0072 272 2 396 84
person 0.0065 239 3 352 81
person 0.0063 -4 6 98 77
person 0.0060 16 4 49 44
person 0.0058 398 0 498 53
person 0.0058 486 33 499 84
person 0.0048 230 188 279 248
person 0.0047 408 -1 458 52
person 0.0045 299 15 331 58
person 0.0044 488 48 500 110
person 0.0044 381 -1 414 22
person 0.0042 168 3 280 86
person 0.0042 87 2 128 37
person 0.0040 206 22 314 126
person 0.0035 74 3 147 51
person 0.0035 320 4 490 164
person 0.0034 215 -1 271 47
person 0.0028 0 10 65 161
person 0.0024 322 9 389 70
person 0.0024 433 6 499 252
person 0.0023 99 3 146 34
person 0.0023 315 21 354 50
person 0.0023 188 0 218 21
person 0.0022 193 -7 291 58
person 0.0020 396 44 424 74
person 0.0019 72 0 101 40
person 0.0019 184 4 222 36
person 0.0018 222 150 334 276
person 0.0017 447 0 498 72
person 0.0016 172 10 227 71
person 0.0015 143 14 348 155
person 0.0015 240 -1 274 22
person 0.0014 0 24 23 171
person 0.0014 197 1 250 19
person 0.0014 22 0 69 52
person 0.0013 266 -1 297 41
person 0.0013 334 0 467 57
person 0.0011 145 0 177 32
person 0.0011 117 1 162 33
person 0.0011 0 0 26 41
person 0.0011 98 1 147 19
person 0.0011 197 13 239 38
person 0.0011 9 14 44 58
person 0.0010 237 198 270 237
person 0.0010 381 16 413 58
bicycle 0.0061 423 30 492 157
bicycle 0.0053 71 -2 184 57
bicycle 0.0037 -34 8 449 318
bicycle 0.0017 98 1 147 19
bicycle 0.0015 322 9 389 70
bicycle 0.0015 315 7 358 41
bicycle 0.0014 439 44 497 204
bicycle 0.0010 99 3 146 34
car 0.0087 -34 8 449 318
car 0.0031 99 3 146 34
car 0.0026 408 -3 497 132
car 0.0021 -3 35 98 87
car 0.0018 81 2 161 49
car 0.0016 19 1 322 117
car 0.0016 307 2 414 52
car 0.0016 322 7 420 94
car 0.0014 398 0 498 53
car 0.0012 386 0 427 50
car 0.0011 76 -1 191 77
motorbike 0.6733 47 5 525 322
motorbike 0.1709 322 7 420 94
motorbike 0.0604 363 20 423 101
motorbike 0.0335 13 1 187 79
motorbike 0.0251 71 1 174 56
motorbike 0.0217 385 47 431 107
motorbike 0.0211 308 8 364 69
motorbike 0.0205 415 8 494 147
motorbike 0.0166 341 23 452 131
motorbike 0.0141 272 2 396 84
motorbike 0.0123 396 44 424 74
motorbike 0.0108 386 0 427 50
motorbike 0.0100 320 4 490 164
motorbike 0.0099 2 17 100 85
motorbike 0.0086 296 28 420 127
motorbike 0.0077 297 15 502 322
motorbike 0.0077 315 7 358 41
motorbike 0.0071 293 4 342 68
motorbike 0.0069 9 4 259 164
motorbike 0.0068 350 13 400 72
motorbike 0.0058 307 2 414 52
motorbike 0.0053 220 14 427 171
motorbike 0.0042 99 3 146 34
motorbike 0.0041 0 -1 64 95
motorbike 0.0041 0 34 103 138
motorbike 0.0038 15 68 330 270
motorbike 0.0035 -23 -4 435 203
motorbike 0.0027 376 60 414 99
motorbike 0.0026 315 21 354 50
motorbike 0.0026 87 2 128 37
motorbike 0.0025 217 4 299 98
motorbike 0.0025 304 0 329 40
motorbike 0.0019 353 -1 399 49
motorbike 0.0016 199 28 457 297
motorbike 0.0014 378 42 412 80
motorbike 0.0012 390 24 428 61
motorbike 0.0011 -35 130 451 326
motorbike 0.0011 360 19 394 52
aeroplane 0.0026 19 1 322 117
aeroplane 0.0026 -8 -56 425 172
aeroplane 0.0022 76 -1 191 77
aeroplane 0.0019 -34 8 449 318
bottle 0.0153 54 1 75 44
bottle 0.0012 30 10 58 48
chair 0.0045 391 2 424 44
chair 0.0042 -1 4 53 68
chair 0.0029 483 31 499 167
chair 0.0026 -4 6 98 77
chair 0.0025 0 52 20 183
chair 0.0017 30 10 58 48
chair 0.0016 1 16 25 69
chair 0.0014 0 -3 29 123
chair 0.0013 71 -2 184 57
chair 0.0012 13 1 187 79
