person 0.0990 476 108 499 280
person 0.0922 75 85 106 113
person 0.0649 343 107 373 127
person 0.0473 0 137 24 179
person 0.0390 486 113 499 161
person 0.0368 87 84 124 115
person 0.0254 0 127 18 160
person 0.0177 454 109 472 138
person 0.0155 282 105 318 128
person 0.0135 293 106 340 126
person 0.0124 487 124 499 188
person 0.0102 459 129 495 256
person 0.0090 249 106 278 136
person 0.0075 484 87 500 195
person 0.0064 104 81 141 112
person 0.0059 317 108 358 129
person 0.0057 485 93 499 147
person 0.0048 353 108 386 129
person 0.0046 126 75 156 108
person 0.0042 15 130 40 158
person 0.0040 483 144 499 201
person 0.0040 260 106 292 132
person 0.0036 163 88 197 116
person 0.0036 79 76 134 118
person 0.0028 62 74 111 119
person 0.0027 482 162 498 221
person 0.0026 6 135 38 170
person 0.0019 373 108 417 131
person 0.0019 225 185 250 215
person 0.0017 144 83 177 111
person 0.0015 97 72 155 118
person 0.0015 482 183 500 247
person 0.0011 461 175 490 204
person 0.0011 461 152 492 197
person 0.0010 454 164 500 301
person 0.0010 71 75 106 95
bicycle 0.3726 0 137 24 179
bicycle 0.2635 6 135 38 170
bicycle 0.1532 0 150 20 186
bicycle 0.0474 0 132 45 184
bicycle 0.0017 -5 68 336 314
bicycle 0.0015 15 130 40 158
bicycle 0.0011 7 149 38 189
car 0.7806 194 91 466 244
car 0.2255 -5 68 336 314
car 0.1202 487 124 499 188
car 0.1095 453 119 493 196
car 0.0635 221 100 375 153
car 0.0384 486 113 499 161
car 0.0330 480 96 499 261
car 0.0275 335 103 476 161
car 0.0135 460 141 491 177
car 0.0121 461 152 492 197
car 0.0112 228 105 256 135
car 0.0101 472 130 499 296
car 0.0096 483 144 499 201
car 0.0080 6 135 38 170
car 0.0076 140 112 345 283
car 0.0074 52 62 227 137
car 0.0063 459 129 495 256
car 0.0055 73 61 496 276
car 0.0046 484 87 500 195
car 0.0042 350 101 482 208
car 0.0040 0 137 24 179
car 0.0039 249 106 278 136
car 0.0033 215 108 349 212
car 0.0029 461 175 490 204
car 0.0028 455 120 490 146
car 0.0025 224 100 287 143
car 0.0024 0 127 18 160
car 0.0024 38 66 384 193
car 0.0014 441 103 501 249
car 0.0011 230 117 262 146
car 0.0011 405 103 499 211
motorbike 0.1213 0 137 24 179
motorbike 0.0311 0 150 20 186
motorbike 0.0144 -5 68 336 314
motorbike 0.0083 6 135 38 170
motorbike 0.0020 0 132 45 184
motorbike 0.0013 472 130 499 296
bus 0.0064 480 96 499 261
bus 0.0045 487 124 499 188
bus 0.0015 486 113 499 161
bus 0.0014 483 144 499 201
train 0.0010 7 85 54 151
boat 0.0035 -5 68 336 314
