person 0.0070 381 181 399 239
person 0.0025 369 176 383 229
person 0.0010 368 198 389 236
car 0.0363 2 225 51 242
car 0.0070 50 217 79 241
car 0.0062 31 217 70 241
car 0.0026 0 228 30 247
car 0.0010 100 276 142 309
bus 0.0016 1 267 84 361
bus 0.0014 2 225 51 242
train 0.8510 124 207 311 255
train 0.2063 7 188 180 250
train 0.0798 139 207 178 251
train 0.0345 367 164 500 228
train 0.0245 70 196 95 240
train 0.0239 264 207 297 235
train 0.0186 -2 138 210 306
train 0.0152 26 177 187 224
train 0.0148 143 210 219 251
train 0.0138 235 207 276 235
train 0.0122 71 194 144 238
train 0.0093 378 175 405 251
train 0.0081 382 179 401 217
train 0.0081 313 96 497 346
train 0.0080 328 178 480 265
train 0.0071 43 204 208 263
train 0.0055 2 225 51 242
train 0.0050 107 215 244 284
train 0.0048 137 170 303 235
train 0.0047 95 174 329 287
train 0.0046 50 217 79 241
train 0.0039 67 184 98 217
train 0.0034 200 206 356 261
train 0.0031 35 189 96 244
train 0.0029 65 168 102 235
train 0.0025 -2 167 116 229
train 0.0025 48 190 307 331
train 0.0024 87 199 130 235
train 0.0021 188 205 251 258
train 0.0021 55 205 84 241
train 0.0018 301 193 321 233
train 0.0018 368 198 389 236
train 0.0014 221 214 266 250
train 0.0014 67 231 147 247
train 0.0013 67 184 150 203
train 0.0013 106 189 226 255
train 0.0013 324 204 354 228
train 0.0012 280 199 303 234
train 0.0012 31 217 70 241
train 0.0012 442 169 500 223
train 0.0012 256 190 399 257
train 0.0012 397 174 419 221
train 0.0012 386 164 431 227
train 0.0011 1 220 166 286
train 0.0011 4 153 169 209
train 0.0011 182 196 327 242
train 0.0011 362 177 399 242
train 0.0010 208 145 445 304
train 0.0010 -7 199 144 267
train 0.0010 173 207 271 232
