person 0.0610 184 190 212 235
person 0.0121 146 188 214 241
person 0.0052 176 219 221 243
person 0.0014 166 191 206 229
person 0.0010 167 203 224 249
car 0.0013 16 137 479 275
motorbike 0.0013 24 161 492 272
aeroplane 0.0010 44 18 531 249
bus 0.0039 113 194 440 271
bus 0.0036 24 161 492 272
boat 0.5360 67 185 449 272
boat 0.0161 39 151 457 323
boat 0.0087 19 68 477 279
boat 0.0014 109 110 458 245
boat 0.0013 83 191 271 267
boat 0.0013 410 202 464 216
boat 0.0010 283 194 437 234
bird 0.0019 146 188 214 241
dog 0.0442 140 185 186 212
dog 0.0289 146 188 214 241
dog 0.0133 184 190 212 235
dog 0.0042 166 191 206 229
dog 0.0017 136 188 167 209
dog 0.0013 98 184 225 253
dog 0.0012 183 190 211 213
dog 0.0012 176 219 221 243
horse 0.0038 146 188 214 241
horse 0.0026 147 186 210 214
sheep 0.0132 147 186 210 214
sheep 0.0024 146 188 214 241
sheep 0.0015 184 190 212 235
cow 0.0600 146 188 214 241
cow 0.0434 147 186 210 214
cow 0.0058 184 190 212 235
cow 0.0033 110 185 248 249
cow 0.0033 166 191 206 229
cow 0.0019 183 190 211 213
chair 0.0025 140 185 186 212
chair 0.0015 138 186 202 235
chair 0.0012 78 150 125 204
