person 0.0186 79 33 486 346
person 0.0061 389 65 498 385
person 0.0034 44 11 306 135
person 0.0022 152 86 415 264
person 0.0020 5 3 422 239
person 0.0012 307 64 507 314
person 0.0012 117 33 376 199
person 0.0011 125 -1 271 44
person 0.0010 86 4 279 85
car 0.0012 -36 224 458 365
motorbike 0.0023 79 33 486 346
cat 0.2488 154 61 410 253
cat 0.1569 5 22 421 280
cat 0.0110 7 103 358 251
cat 0.0067 83 26 337 194
cat 0.0020 176 26 310 111
cat 0.0015 115 12 371 133
dog 0.1192 154 61 410 253
dog 0.0640 5 22 421 280
dog 0.0092 39 108 376 247
dog 0.0036 166 26 309 130
dog 0.0026 83 26 337 194
dog 0.0022 380 65 500 304
dog 0.0017 100 18 527 360
dog 0.0017 -23 161 437 364
sheep 0.0011 389 65 498 385
chair 0.0230 31 13 315 215
chair 0.0116 45 22 444 287
chair 0.0088 70 294 503 370
chair 0.0085 3 102 90 245
chair 0.0061 86 4 279 85
chair 0.0036 0 113 18 277
chair 0.0030 308 290 501 372
chair 0.0023 393 299 495 373
chair 0.0021 79 13 337 127
chair 0.0018 392 133 500 381
chair 0.0017 3 223 496 362
sofa 0.0752 5 22 421 280
sofa 0.0034 62 80 496 363
sofa 0.0029 44 11 306 135
sofa 0.0026 389 65 498 385
sofa 0.0023 293 -3 502 150
sofa 0.0016 307 64 507 314
sofa 0.0015 34 -34 463 202
sofa 0.0011 86 4 279 85
sofa 0.0010 170 -13 536 311
diningtable 0.0023 70 294 503 370
diningtable 0.0011 79 33 486 346
