person 0.5642 222 107 247 142
person 0.0232 211 92 236 142
person 0.0216 216 98 267 143
person 0.0164 202 84 242 146
person 0.0120 131 92 154 147
person 0.0118 130 88 169 150
person 0.0087 285 101 318 138
person 0.0061 219 106 257 162
person 0.0050 242 108 283 140
person 0.0041 66 74 103 161
person 0.0035 159 42 492 330
person 0.0025 130 87 151 123
person 0.0024 0 27 58 274
person 0.0024 255 104 297 139
person 0.0023 207 81 228 127
person 0.0022 45 74 88 166
person 0.0021 243 122 279 141
person 0.0011 298 96 368 144
car 0.5261 181 95 468 289
car 0.1591 135 88 183 148
car 0.1549 136 69 216 148
car 0.0688 149 72 271 152
car 0.0177 171 117 205 152
car 0.0144 188 84 312 151
car 0.0071 132 26 233 144
car 0.0053 170 82 228 152
car 0.0050 99 6 324 145
car 0.0049 137 19 363 205
car 0.0032 95 64 191 154
car 0.0030 166 111 210 141
car 0.0026 153 59 291 255
car 0.0025 170 80 260 197
car 0.0023 131 92 154 147
car 0.0021 174 106 223 169
car 0.0013 202 84 242 146
car 0.0012 172 36 330 108
car 0.0011 52 59 134 168
bus 0.0031 136 69 216 148
pottedplant 0.0221 0 27 58 274
pottedplant 0.0050 3 45 109 317
pottedplant 0.0019 0 150 57 300
pottedplant 0.0015 0 81 26 270
pottedplant 0.0010 6 67 92 220
