person 0.0490 307 119 326 162
person 0.0088 0 282 61 330
person 0.0015 361 136 388 166
person 0.0013 -1 247 70 330
car 0.0030 361 136 388 166
cat 0.0010 164 157 194 187
chair 0.3829 243 158 287 221
chair 0.2938 111 203 225 273
chair 0.2919 0 218 98 320
chair 0.1603 156 266 295 327
chair 0.1526 247 159 284 188
chair 0.0845 246 171 274 217
chair 0.0411 247 226 338 288
chair 0.0289 0 265 57 326
chair 0.0263 361 136 388 166
chair 0.0191 259 169 287 215
chair 0.0154 245 153 281 172
chair 0.0084 -2 161 133 322
chair 0.0058 254 155 288 170
chair 0.0048 313 154 360 171
chair 0.0028 146 182 191 202
chair 0.0024 67 236 277 320
chair 0.0022 0 82 44 154
chair 0.0020 0 209 22 337
chair 0.0018 226 176 254 213
chair 0.0018 0 270 17 315
chair 0.0016 303 137 332 166
chair 0.0015 460 155 491 181
chair 0.0012 311 160 363 175
chair 0.0011 158 174 195 205
chair 0.0010 0 250 18 301
chair 0.0010 55 278 91 307
chair 0.0010 -2 273 96 335
sofa 0.3055 -3 160 192 308
sofa 0.1631 31 167 178 253
sofa 0.1017 1 208 98 305
sofa 0.0676 111 203 225 273
sofa 0.0511 156 266 295 327
sofa 0.0095 250 232 338 279
sofa 0.0084 361 136 388 166
sofa 0.0028 246 238 344 318
sofa 0.0023 243 158 287 221
sofa 0.0021 0 282 61 330
sofa 0.0020 313 154 360 171
sofa 0.0015 184 227 479 334
sofa 0.0013 41 220 314 321
sofa 0.0011 257 130 494 281
sofa 0.0010 247 159 284 188
pottedplant 0.2635 164 157 194 187
pottedplant 0.0306 157 157 201 204
pottedplant 0.0091 166 151 190 177
pottedplant 0.0087 307 119 326 162
pottedplant 0.0073 264 96 294 166
pottedplant 0.0034 292 118 307 162
pottedplant 0.0024 272 93 291 136
pottedplant 0.0012 107 120 134 147
pottedplant 0.0011 23 80 171 167
diningtable 0.0555 243 158 287 221
diningtable 0.0206 247 159 284 188
diningtable 0.0130 246 171 274 217
diningtable 0.0053 254 155 288 170
diningtable 0.0053 359 121 463 183
diningtable 0.0049 262 133 379 186
diningtable 0.0044 250 232 338 279
diningtable 0.0041 0 218 98 320
diningtable 0.0038 245 153 281 172
diningtable 0.0028 257 130 494 281
diningtable 0.0027 237 140 334 198
diningtable 0.0023 259 169 287 215
diningtable 0.0017 265 164 332 183
diningtable 0.0015 246 238 344 318
diningtable 0.0010 460 155 491 181
tvmonitor 0.0113 307 119 326 162
tvmonitor 0.0086 361 129 386 160
tvmonitor 0.0025 327 82 352 111
tvmonitor 0.0025 309 116 362 165
tvmonitor 0.0018 317 120 347 162
tvmonitor 0.0015 292 113 335 165
