person 0.0127 152 19 354 288
person 0.0058 67 21 428 364
person 0.0027 377 129 404 156
car 0.0043 163 26 405 197
car 0.0010 28 125 110 226
motorbike 0.7583 67 21 428 364
motorbike 0.0053 26 70 184 244
motorbike 0.0031 53 73 299 242
motorbike 0.0026 176 16 396 289
motorbike 0.0014 265 82 446 357
aeroplane 0.0052 -2 215 103 257
aeroplane 0.0042 9 222 92 240
aeroplane 0.0039 0 191 15 235
aeroplane 0.0038 1 187 49 245
aeroplane 0.0035 17 196 50 227
aeroplane 0.0031 22 206 67 228
aeroplane 0.0018 1 228 54 245
aeroplane 0.0013 4 148 99 248
aeroplane 0.0010 14 192 84 239
boat 0.0021 155 12 204 30
bird 0.0019 155 12 204 30
tvmonitor 0.0093 416 110 499 237
