person 0.0460 456 120 498 192
person 0.0295 397 104 500 217
person 0.0055 39 0 133 84
person 0.0041 464 144 502 253
person 0.0025 471 114 498 153
person 0.0025 437 82 501 382
person 0.0022 384 152 503 369
person 0.0016 467 136 500 176
person 0.0012 285 235 472 379
person 0.0011 441 111 497 254
person 0.0010 438 210 501 262
motorbike 0.0011 285 235 472 379
cat 0.0013 43 -3 131 90
bottle 0.0226 125 84 151 121
bottle 0.0091 123 47 160 119
bottle 0.0029 295 259 373 365
bottle 0.0024 37 237 62 266
bottle 0.0023 39 0 133 84
bottle 0.0014 300 280 355 346
bottle 0.0012 303 235 406 354
bottle 0.0012 285 235 472 379
bottle 0.0011 116 59 139 94
chair 0.7411 49 254 210 377
chair 0.1118 296 236 490 376
chair 0.0146 383 106 499 211
chair 0.0130 384 152 503 369
chair 0.0081 62 242 147 368
chair 0.0050 358 240 461 365
chair 0.0032 9 234 109 372
chair 0.0029 342 310 473 375
chair 0.0022 77 247 120 340
chair 0.0019 0 120 127 235
chair 0.0013 167 283 207 371
chair 0.0013 -1 100 124 345
chair 0.0012 456 120 498 192
chair 0.0011 1 119 28 202
chair 0.0011 471 113 498 139
chair 0.0010 56 311 188 377
chair 0.0010 117 -1 376 123
sofa 0.1082 389 108 503 238
sofa 0.0522 49 254 210 377
sofa 0.0378 285 235 472 379
sofa 0.0025 379 229 487 371
sofa 0.0019 456 120 498 192
sofa 0.0012 62 242 147 368
pottedplant 0.0061 39 11 135 106
diningtable 0.0145 382 111 497 237
diningtable 0.0095 388 186 496 267
diningtable 0.0053 385 108 501 349
diningtable 0.0040 0 203 117 263
diningtable 0.0040 59 251 194 370
diningtable 0.0038 46 -34 457 407
diningtable 0.0037 126 242 379 377
diningtable 0.0030 213 230 458 375
diningtable 0.0028 96 140 474 377
diningtable 0.0021 -6 222 430 381
tvmonitor 0.0028 296 281 351 345
