person 0.0156 478 -1 500 77
person 0.0143 204 67 459 263
person 0.0100 70 27 499 296
person 0.0038 256 16 274 63
person 0.0025 -12 26 303 301
person 0.0024 -5 -44 429 239
person 0.0022 348 -7 467 65
person 0.0019 392 -1 435 69
person 0.0017 350 0 392 67
person 0.0010 371 0 420 67
person 0.0010 337 0 377 66
car 0.0018 120 61 314 104
car 0.0015 -5 -44 429 239
bird 0.0035 254 66 477 259
bird 0.0032 271 8 351 70
bird 0.0011 361 115 420 166
bird 0.0010 302 114 447 199
cat 0.0024 254 66 477 259
dog 0.0077 70 27 499 296
dog 0.0022 254 66 477 259
sheep 0.1323 271 8 351 70
sheep 0.0108 257 23 349 91
sheep 0.0063 267 52 367 147
sheep 0.0039 256 16 274 63
sheep 0.0034 337 0 377 66
sheep 0.0028 69 3 502 270
sheep 0.0025 183 35 333 86
sheep 0.0024 280 1 309 28
sheep 0.0020 214 3 349 76
sheep 0.0017 278 86 361 168
sheep 0.0016 285 67 344 127
sheep 0.0015 197 93 285 180
sheep 0.0014 237 3 276 68
sheep 0.0013 215 4 266 67
sheep 0.0013 243 38 359 115
sheep 0.0013 227 51 289 73
sheep 0.0012 174 2 305 73
sheep 0.0011 293 48 344 74
sheep 0.0011 258 47 483 233
cow 0.0057 204 67 459 263
cow 0.0048 -12 26 303 301
cow 0.0039 291 52 495 226
cow 0.0032 33 -14 465 278
cow 0.0030 271 8 351 70
chair 0.0013 -5 -44 429 239
pottedplant 0.0172 197 105 285 177
diningtable 0.0490 -19 27 439 295
