person 0.7849 54 62 498 511
person 0.1060 44 0 179 109
person 0.0958 207 3 469 432
person 0.0756 0 164 329 498
person 0.0174 108 167 142 206
person 0.0110 4 183 177 487
person 0.0105 273 -2 295 51
person 0.0097 68 372 116 491
person 0.0093 288 -2 313 50
person 0.0062 273 0 332 54
person 0.0037 307 94 461 488
person 0.0034 -2 251 109 497
person 0.0028 40 169 186 339
person 0.0024 307 0 338 28
person 0.0023 2 447 51 501
person 0.0021 97 68 125 99
person 0.0021 101 14 144 90
person 0.0015 3 399 96 500
person 0.0012 102 -1 187 98
person 0.0011 65 385 158 493
person 0.0011 142 0 181 24
person 0.0011 126 5 177 88
person 0.0010 282 -1 417 69
person 0.0010 -3 449 109 499
person 0.0010 352 0 406 65
person 0.0010 121 0 175 27
bird 0.0022 108 167 142 206
cat 0.1062 76 201 180 288
cat 0.0199 206 5 474 363
cat 0.0188 31 189 191 383
cat 0.0023 44 0 179 109
cat 0.0014 66 216 170 348
dog 0.0328 49 208 178 300
dog 0.0118 4 183 177 487
dog 0.0035 44 0 179 109
dog 0.0018 0 164 329 498
dog 0.0013 40 169 186 339
horse 0.0071 53 -6 171 105
horse 0.0012 14 195 210 478
horse 0.0012 67 199 182 298
cow 0.0015 44 0 179 109
bottle 0.0013 76 201 180 288
chair 0.1977 339 -3 452 73
chair 0.0541 282 -1 417 69
chair 0.0420 352 0 406 65
chair 0.0394 390 0 444 58
chair 0.0324 273 0 332 54
chair 0.0273 312 -1 371 52
chair 0.0135 321 0 359 23
chair 0.0107 273 -2 295 51
chair 0.0103 307 0 338 28
chair 0.0066 344 0 385 82
chair 0.0065 327 -1 356 46
chair 0.0061 350 0 375 45
chair 0.0059 363 0 390 47
chair 0.0058 0 449 38 501
chair 0.0056 410 1 460 64
chair 0.0055 288 -2 313 50
chair 0.0045 403 -3 431 49
chair 0.0039 387 -2 413 46
chair 0.0033 48 120 500 515
chair 0.0032 -3 260 28 485
chair 0.0017 398 0 438 31
chair 0.0017 260 10 378 75
chair 0.0012 3 399 96 500
chair 0.0011 -3 449 109 499
sofa 0.0074 48 120 500 515
sofa 0.0019 282 -1 417 69
sofa 0.0011 342 0 454 83
pottedplant 0.0022 53 -6 171 105
diningtable 0.0055 273 0 332 54
diningtable 0.0050 282 -1 417 69
diningtable 0.0040 339 -3 452 73
diningtable 0.0014 321 0 359 23
diningtable 0.0012 312 -1 371 52
diningtable 0.0011 352 0 406 65
tvmonitor 0.0083 31 -5 192 121
tvmonitor 0.0021 -3 260 28 485
tvmonitor 0.0011 31 134 191 306
