person 0.0294 224 138 254 165
person 0.0253 439 139 457 171
person 0.0142 181 138 212 167
person 0.0104 131 153 148 202
person 0.0056 102 143 117 181
person 0.0048 77 141 97 183
person 0.0036 124 141 150 167
person 0.0015 267 138 290 165
person 0.0015 74 150 95 194
person 0.0010 361 141 392 167
car 0.0014 181 138 212 167
car 0.0011 128 127 299 205
bus 0.0054 111 131 296 191
bus 0.0026 181 138 212 167
bus 0.0011 153 130 213 177
bus 0.0011 -3 49 427 278
train 0.2416 92 114 480 217
train 0.2083 68 55 509 274
train 0.1546 128 127 299 205
train 0.0383 24 104 333 220
train 0.0277 176 132 382 183
train 0.0192 205 127 445 206
train 0.0083 34 124 250 202
train 0.0075 27 122 112 197
train 0.0037 224 130 292 174
train 0.0035 306 133 428 204
train 0.0018 153 130 213 177
train 0.0014 338 135 471 210
boat 0.0091 -3 49 427 278
bottle 0.0102 439 139 457 171
bottle 0.0026 455 135 485 172
chair 0.1325 364 180 396 208
chair 0.0468 406 183 450 207
chair 0.0018 482 174 500 212
chair 0.0017 350 174 404 214
chair 0.0014 431 179 474 206
chair 0.0011 395 172 433 194
chair 0.0010 350 181 466 224
sofa 0.0016 390 183 445 208
pottedplant 0.0035 361 141 392 167
pottedplant 0.0033 439 139 457 171
pottedplant 0.0030 395 172 433 194
pottedplant 0.0014 366 165 391 201
pottedplant 0.0013 372 166 409 195
diningtable 0.1331 390 183 445 208
diningtable 0.0159 371 184 407 208
diningtable 0.0040 395 172 433 194
diningtable 0.0022 394 200 470 218
diningtable 0.0011 431 179 474 206
diningtable 0.0011 439 171 499 214
diningtable 0.0010 411 172 446 196
tvmonitor 0.0036 181 138 212 167
