person 0.5398 256 -14 386 304
person 0.0364 118 0 161 13
person 0.0218 420 13 478 63
person 0.0201 364 26 401 87
person 0.0175 365 1 481 72
person 0.0124 461 4 479 118
person 0.0118 234 1 272 15
person 0.0114 367 26 394 67
person 0.0111 130 30 265 102
person 0.0109 158 -4 461 358
person 0.0102 218 0 273 47
person 0.0098 318 301 428 357
person 0.0080 245 9 313 133
person 0.0077 266 3 366 123
person 0.0072 463 16 479 61
person 0.0064 187 24 286 108
person 0.0063 15 10 298 117
person 0.0060 462 200 480 362
person 0.0052 105 -1 138 13
person 0.0050 209 0 240 14
person 0.0050 460 -10 480 62
person 0.0043 418 -5 480 87
person 0.0034 130 6 268 58
person 0.0032 119 10 158 39
person 0.0031 368 -8 487 26
person 0.0027 186 4 286 66
person 0.0024 30 0 250 38
person 0.0019 106 -2 165 38
person 0.0018 0 -4 21 12
person 0.0018 299 -6 474 307
person 0.0017 268 -1 305 59
person 0.0017 274 1 296 39
person 0.0015 358 20 423 106
person 0.0015 460 49 480 255
person 0.0014 230 119 402 326
person 0.0014 248 -1 291 57
person 0.0014 459 -5 479 17
person 0.0013 464 52 478 112
person 0.0013 0 4 25 38
person 0.0013 77 0 112 12
person 0.0012 172 0 213 13
person 0.0012 117 6 354 130
person 0.0011 249 59 292 133
person 0.0010 458 294 479 365
person 0.0010 277 21 305 99
car 0.0011 110 -15 439 315
boat 0.0041 14 309 163 347
boat 0.0010 -8 314 255 356
bird 0.0338 71 147 342 349
bird 0.0056 37 226 298 352
bird 0.0017 318 301 428 357
cat 0.0067 -3 32 97 116
cat 0.0021 71 147 342 349
cat 0.0013 74 35 257 105
dog 0.0232 71 147 342 349
dog 0.0064 -3 32 97 116
dog 0.0020 318 301 428 357
sheep 0.3922 115 133 351 351
sheep 0.0030 230 119 402 326
sheep 0.0024 6 2 401 365
sheep 0.0016 315 296 419 355
sheep 0.0015 37 226 298 352
bottle 0.1715 464 52 478 112
bottle 0.0231 432 58 462 103
bottle 0.0199 365 50 423 107
bottle 0.0134 382 58 414 90
bottle 0.0106 461 42 479 144
bottle 0.0055 234 1 272 15
bottle 0.0042 464 34 478 89
bottle 0.0041 367 35 395 80
bottle 0.0035 209 0 240 14
bottle 0.0035 377 47 408 82
bottle 0.0019 460 277 480 359
bottle 0.0018 0 -4 21 12
bottle 0.0017 463 16 479 61
bottle 0.0017 0 4 25 38
bottle 0.0016 367 58 393 86
bottle 0.0015 424 12 474 106
bottle 0.0010 0 7 20 120
chair 0.0058 24 131 386 356
chair 0.0039 358 20 423 106
chair 0.0025 369 83 424 108
chair 0.0020 0 4 25 38
chair 0.0018 365 1 481 72
chair 0.0010 429 54 465 107
sofa 0.0076 -3 10 265 125
sofa 0.0053 35 68 377 369
pottedplant 0.0033 65 233 143 321
pottedplant 0.0024 0 -4 21 12
pottedplant 0.0019 74 35 257 105
pottedplant 0.0011 35 256 155 325
diningtable 0.0097 365 1 481 72
diningtable 0.0055 14 309 163 347
diningtable 0.0024 15 305 321 362
diningtable 0.0013 0 311 58 361
diningtable 0.0013 367 -8 475 21
diningtable 0.0011 24 329 310 368
