person 0.0076 0 147 20 352
person 0.0059 112 190 220 362
person 0.0057 0 154 24 242
person 0.0029 75 244 94 293
person 0.0027 0 208 12 268
person 0.0025 13 132 46 222
person 0.0019 281 185 391 365
person 0.0016 0 237 12 305
person 0.0014 0 177 14 242
person 0.0011 464 338 501 374
person 0.0011 2 157 90 358
bicycle 0.3139 226 3 321 70
bicycle 0.0276 267 11 321 65
bicycle 0.0176 280 5 315 38
bicycle 0.0112 226 0 286 56
bicycle 0.0108 283 22 317 60
bicycle 0.0041 280 1 316 20
bicycle 0.0040 243 5 270 48
bicycle 0.0039 261 51 286 85
bicycle 0.0038 218 21 249 58
bicycle 0.0035 222 4 254 40
bicycle 0.0035 263 6 296 45
bicycle 0.0029 266 17 298 58
bicycle 0.0021 245 52 273 82
bicycle 0.0019 217 9 265 63
bicycle 0.0016 223 1 255 19
motorbike 0.0019 224 4 322 58
aeroplane 0.0031 -2 161 95 312
bird 0.0065 75 244 94 293
bird 0.0017 396 246 417 294
cat 0.0129 -1 179 94 325
cat 0.0027 394 167 501 331
cat 0.0020 75 244 94 293
cat 0.0010 396 246 417 294
dog 0.0361 1 200 90 317
dog 0.0092 395 180 498 321
dog 0.0040 75 244 94 293
dog 0.0019 396 243 432 317
dog 0.0017 40 241 96 315
dog 0.0012 396 246 417 294
horse 0.0181 2 157 90 358
horse 0.0166 394 167 501 331
horse 0.0027 0 226 94 322
horse 0.0020 0 175 19 368
horse 0.0012 309 104 339 145
cow 0.0692 1 200 90 317
cow 0.0065 0 175 19 368
cow 0.0031 2 150 67 369
cow 0.0018 0 231 48 306
cow 0.0017 394 167 501 331
cow 0.0012 0 237 12 305
bottle 0.0512 13 132 46 222
bottle 0.0092 0 107 23 247
bottle 0.0037 18 135 40 180
bottle 0.0019 417 173 441 208
bottle 0.0019 0 125 12 188
bottle 0.0013 207 265 220 326
chair 0.7292 275 185 395 367
chair 0.6913 106 181 223 368
chair 0.6786 394 167 501 331
chair 0.5773 -2 161 95 312
chair 0.1221 117 185 210 277
chair 0.0224 0 154 24 242
chair 0.0140 0 154 21 319
chair 0.0106 0 153 46 313
chair 0.0086 81 215 123 246
chair 0.0082 461 350 503 375
chair 0.0082 47 157 162 230
chair 0.0080 120 256 213 358
chair 0.0075 31 183 216 251
chair 0.0073 310 192 395 269
chair 0.0068 276 152 335 201
chair 0.0050 154 164 243 306
chair 0.0049 271 243 293 296
chair 0.0049 349 162 477 234
chair 0.0046 470 169 499 308
chair 0.0046 460 326 498 375
chair 0.0044 35 189 130 285
chair 0.0040 230 145 335 215
chair 0.0037 5 147 106 254
chair 0.0036 327 179 464 256
chair 0.0035 118 186 175 206
chair 0.0034 277 164 327 220
chair 0.0032 278 185 321 205
chair 0.0032 142 196 180 226
chair 0.0030 11 170 190 354
chair 0.0029 119 188 174 244
chair 0.0028 282 158 320 193
chair 0.0028 417 173 441 208
chair 0.0027 0 177 14 242
chair 0.0026 123 200 172 229
chair 0.0024 13 132 46 222
chair 0.0023 45 194 122 240
chair 0.0022 172 157 219 278
chair 0.0022 452 162 499 234
chair 0.0021 163 175 212 252
chair 0.0021 383 190 443 211
chair 0.0021 78 198 125 269
chair 0.0021 109 192 144 278
chair 0.0020 267 164 290 199
chair 0.0020 162 142 248 223
chair 0.0019 382 189 454 243
chair 0.0019 45 195 202 311
chair 0.0018 0 152 15 204
chair 0.0016 229 191 413 283
chair 0.0015 354 178 483 300
chair 0.0014 184 252 222 325
chair 0.0014 299 169 512 345
chair 0.0013 352 195 395 315
chair 0.0013 26 141 57 219
chair 0.0013 0 208 12 268
chair 0.0013 57 221 116 241
chair 0.0012 474 171 499 223
chair 0.0011 383 201 450 224
chair 0.0011 469 322 498 350
chair 0.0010 39 153 57 212
chair 0.0010 177 202 222 311
chair 0.0010 229 156 281 211
chair 0.0010 50 200 115 264
chair 0.0010 464 298 501 367
sofa 0.0031 -1 179 94 325
sofa 0.0015 394 167 501 331
sofa 0.0011 112 190 220 362
pottedplant 0.4145 231 161 279 221
pottedplant 0.2760 268 132 301 148
pottedplant 0.1722 309 104 339 145
pottedplant 0.0790 242 179 273 218
pottedplant 0.0128 220 151 303 237
pottedplant 0.0100 276 152 335 201
pottedplant 0.0090 229 161 255 200
pottedplant 0.0073 278 185 321 205
pottedplant 0.0071 230 145 335 215
pottedplant 0.0070 225 152 270 205
pottedplant 0.0050 227 126 340 191
pottedplant 0.0036 233 175 259 207
pottedplant 0.0023 13 132 46 222
pottedplant 0.0018 292 133 341 192
pottedplant 0.0018 282 158 320 193
pottedplant 0.0017 296 161 334 196
pottedplant 0.0016 451 148 481 169
pottedplant 0.0015 277 164 327 220
pottedplant 0.0013 177 189 339 259
pottedplant 0.0012 245 196 268 224
diningtable 0.0293 117 185 210 277
diningtable 0.0185 66 181 223 363
diningtable 0.0128 177 189 339 259
diningtable 0.0118 187 175 399 364
diningtable 0.0106 147 151 363 315
diningtable 0.0101 31 183 216 251
diningtable 0.0091 214 152 347 234
diningtable 0.0066 47 157 162 230
diningtable 0.0050 43 191 162 278
diningtable 0.0033 103 177 305 361
diningtable 0.0024 349 162 477 234
diningtable 0.0021 123 200 172 229
diningtable 0.0020 -2 161 95 312
diningtable 0.0019 142 196 180 226
diningtable 0.0015 45 143 389 380
diningtable 0.0015 45 194 122 240
diningtable 0.0013 464 338 501 374
diningtable 0.0011 327 179 464 256
diningtable 0.0011 148 166 256 282
diningtable 0.0011 278 185 321 205
diningtable 0.0010 98 195 190 333
diningtable 0.0010 209 189 390 283
