bicycle 0.0019 451 12 500 67
bottle 0.0018 0 130 19 228
bottle 0.0013 149 165 176 202
bottle 0.0010 155 176 179 206
chair 0.5762 328 301 490 370
chair 0.4945 8 227 159 373
chair 0.4927 355 173 436 247
chair 0.4408 68 143 140 169
chair 0.4360 249 151 308 193
chair 0.3967 5 246 63 370
chair 0.3467 36 309 153 376
chair 0.2855 8 165 102 286
chair 0.2533 208 120 267 165
chair 0.1716 302 242 486 371
chair 0.0630 32 146 147 230
chair 0.0595 95 145 150 171
chair 0.0569 15 230 120 321
chair 0.0445 0 145 134 323
chair 0.0410 16 173 65 222
chair 0.0296 50 265 114 323
chair 0.0280 165 138 259 177
chair 0.0238 154 148 216 170
chair 0.0228 53 136 155 183
chair 0.0213 474 251 499 374
chair 0.0189 43 228 105 277
chair 0.0187 11 176 55 247
chair 0.0176 147 152 179 173
chair 0.0116 288 324 427 375
chair 0.0110 456 276 483 312
chair 0.0096 208 119 246 148
chair 0.0085 123 150 162 174
chair 0.0084 452 257 498 329
chair 0.0064 124 140 237 182
chair 0.0058 441 284 498 371
chair 0.0055 5 184 51 284
chair 0.0053 41 221 84 246
chair 0.0051 399 266 495 371
chair 0.0049 64 146 142 197
chair 0.0048 249 147 278 176
chair 0.0042 14 195 40 238
chair 0.0041 480 292 500 335
chair 0.0039 245 173 479 373
chair 0.0038 485 258 500 323
chair 0.0034 0 246 29 376
chair 0.0029 147 158 213 202
chair 0.0028 479 307 499 359
chair 0.0027 392 229 420 247
chair 0.0027 195 147 243 171
chair 0.0026 38 203 63 238
chair 0.0024 8 229 49 286
chair 0.0023 38 159 166 268
chair 0.0023 480 205 500 345
chair 0.0022 0 130 19 228
chair 0.0022 102 149 159 196
chair 0.0022 52 152 216 213
chair 0.0022 211 119 265 138
chair 0.0021 435 232 501 362
chair 0.0021 3 290 111 375
chair 0.0019 209 143 311 209
chair 0.0019 41 217 69 242
chair 0.0019 6 127 109 196
chair 0.0018 227 152 338 225
chair 0.0018 472 328 499 372
chair 0.0017 -4 150 70 377
chair 0.0016 2 321 47 373
chair 0.0016 163 124 193 151
chair 0.0016 220 135 257 168
chair 0.0013 45 204 115 270
chair 0.0013 384 326 409 374
chair 0.0013 75 212 490 374
chair 0.0012 0 136 66 250
chair 0.0012 53 258 111 277
chair 0.0011 357 163 504 371
chair 0.0011 285 157 310 194
chair 0.0010 0 167 23 260
chair 0.0010 40 176 95 253
chair 0.0010 195 121 289 185
sofa 0.0253 38 149 394 367
sofa 0.0075 8 227 159 373
sofa 0.0072 32 146 147 230
sofa 0.0054 1 242 62 368
sofa 0.0037 306 295 483 373
sofa 0.0033 9 150 159 311
sofa 0.0031 249 151 308 193
sofa 0.0029 127 218 451 374
sofa 0.0024 208 120 267 165
sofa 0.0020 149 142 249 181
sofa 0.0016 245 173 479 373
sofa 0.0015 41 304 156 371
sofa 0.0013 53 136 155 183
sofa 0.0010 68 143 140 169
pottedplant 0.0037 0 130 19 228
pottedplant 0.0017 11 170 57 231
pottedplant 0.0015 149 165 176 202
diningtable 0.3340 61 147 435 370
diningtable 0.0579 43 309 154 377
diningtable 0.0570 149 142 249 181
diningtable 0.0262 178 217 465 374
diningtable 0.0257 148 145 277 214
diningtable 0.0146 120 150 239 204
diningtable 0.0120 170 204 257 259
diningtable 0.0097 208 120 267 165
diningtable 0.0083 164 146 237 172
diningtable 0.0083 86 131 333 266
diningtable 0.0071 8 227 159 373
diningtable 0.0064 32 146 147 230
diningtable 0.0044 184 185 309 265
diningtable 0.0039 226 192 351 269
diningtable 0.0035 52 152 216 213
diningtable 0.0031 90 136 237 183
diningtable 0.0018 169 156 313 240
diningtable 0.0016 24 295 214 376
diningtable 0.0016 209 143 311 209
diningtable 0.0016 29 153 246 295
diningtable 0.0014 53 136 155 183
diningtable 0.0014 355 173 436 247
diningtable 0.0014 211 119 265 138
diningtable 0.0012 156 128 277 190
diningtable 0.0011 207 216 363 287
tvmonitor 0.0068 342 6 491 79
tvmonitor 0.0043 249 151 308 193
tvmonitor 0.0010 208 120 267 165
