person 0.0244 31 -10 394 346
car 0.0036 -30 309 450 396
aeroplane 0.0068 7 -10 348 338
bird 0.3456 53 16 435 386
bird 0.0134 23 213 477 404
bird 0.0089 105 177 379 376
bird 0.0022 310 45 399 110
bird 0.0020 168 56 402 349
bird 0.0014 11 118 339 295
bird 0.0010 232 46 411 188
cat 0.0015 31 -10 394 346
dog 0.0101 31 -10 394 346
horse 0.0013 -4 89 373 376
cow 0.0191 -5 34 365 364
cow 0.0035 13 247 113 309
chair 0.0022 3 309 488 390
chair 0.0013 -27 267 449 420
diningtable 0.0021 59 221 515 397
diningtable 0.0016 50 308 525 393
