person 0.0597 -7 244 185 335
person 0.0117 231 203 324 331
person 0.0049 -30 -9 241 341
person 0.0044 1 114 101 220
person 0.0037 -16 213 281 328
person 0.0016 -8 10 124 225
person 0.0013 98 9 470 322
person 0.0012 0 286 201 330
cat 0.6161 98 9 470 322
cat 0.0384 -13 1 304 333
cat 0.0154 35 177 305 331
cat 0.0020 207 93 454 320
cat 0.0019 118 2 404 194
cat 0.0015 -32 158 450 329
dog 0.1724 -6 -4 366 336
dog 0.0060 120 -2 402 239
bottle 0.0036 231 203 324 331
chair 0.1966 98 9 470 322
chair 0.0015 -13 1 304 333
chair 0.0013 209 158 453 334
sofa 0.1117 98 9 470 322
sofa 0.0038 -13 1 304 333
sofa 0.0026 -32 158 450 329
sofa 0.0015 -25 -11 450 217
