person 0.2360 3 -14 107 273
person 0.1878 382 70 495 262
person 0.1656 320 30 501 224
person 0.0632 8 -8 191 257
person 0.0446 159 6 476 309
person 0.0402 479 0 500 78
person 0.0384 403 2 492 85
person 0.0271 334 81 466 188
person 0.0252 280 2 401 77
person 0.0244 233 -1 356 49
person 0.0231 253 0 313 41
person 0.0209 0 0 46 121
person 0.0175 -3 89 104 242
person 0.0165 323 2 495 88
person 0.0103 271 67 473 257
person 0.0102 0 -10 21 128
person 0.0099 201 0 308 46
person 0.0086 195 1 384 80
person 0.0085 273 0 453 184
person 0.0075 365 70 503 172
person 0.0066 8 -3 244 120
person 0.0043 228 0 261 33
person 0.0032 396 45 494 144
person 0.0031 -6 1 294 324
person 0.0029 -2 128 118 334
person 0.0028 452 0 499 77
person 0.0028 0 0 23 240
person 0.0025 0 0 46 47
person 0.0022 6 2 260 43
person 0.0020 403 146 499 269
person 0.0017 479 51 499 228
person 0.0017 13 87 162 314
person 0.0015 2 13 87 143
person 0.0014 18 163 113 260
person 0.0014 479 -1 500 163
person 0.0012 330 44 475 136
person 0.0011 0 49 14 109
person 0.0010 480 42 500 79
person 0.0010 426 110 501 239
person 0.0010 0 64 58 132
person 0.0010 0 27 10 100
bicycle 0.0012 4 1 357 321
car 0.0015 47 235 537 325
cat 0.5572 110 13 335 307
cat 0.0270 159 6 476 309
cat 0.0191 403 2 492 85
cat 0.0023 323 2 495 88
cat 0.0013 29 52 407 338
dog 0.1003 403 2 492 85
dog 0.0116 323 2 495 88
dog 0.0023 426 0 464 28
dog 0.0021 370 0 494 55
dog 0.0016 400 43 467 84
dog 0.0012 420 -1 489 44
horse 0.0025 323 2 495 88
horse 0.0023 403 2 492 85
cow 0.0015 403 2 492 85
bottle 0.0052 320 30 501 224
bottle 0.0032 334 81 466 188
bottle 0.0021 479 0 500 78
bottle 0.0016 228 0 261 33
chair 0.4375 410 202 499 292
chair 0.1620 8 -8 191 257
chair 0.0979 58 83 144 189
chair 0.0834 3 -14 107 273
chair 0.0516 0 0 46 121
chair 0.0336 280 2 401 77
chair 0.0275 8 -3 244 120
chair 0.0194 389 219 502 322
chair 0.0180 479 0 500 78
chair 0.0165 403 146 499 269
chair 0.0138 312 154 403 255
chair 0.0133 4 1 357 321
chair 0.0121 444 189 498 282
chair 0.0114 0 -10 21 128
chair 0.0112 341 1 488 84
chair 0.0101 246 0 386 52
chair 0.0100 255 205 473 294
chair 0.0089 283 160 375 265
chair 0.0088 228 0 261 33
chair 0.0069 63 36 200 147
chair 0.0069 2 13 87 143
chair 0.0067 -3 89 104 242
chair 0.0066 475 173 499 298
chair 0.0062 0 0 46 47
chair 0.0057 255 0 330 44
chair 0.0056 321 15 420 94
chair 0.0055 0 64 58 132
chair 0.0054 332 175 379 240
chair 0.0048 206 0 268 42
chair 0.0047 170 182 493 323
chair 0.0043 50 65 127 246
chair 0.0041 55 75 517 321
chair 0.0038 6 2 260 43
chair 0.0037 399 53 465 99
chair 0.0036 287 184 338 234
chair 0.0036 322 91 411 228
chair 0.0033 75 58 167 180
chair 0.0029 195 1 384 80
chair 0.0028 253 112 479 294
chair 0.0028 303 179 367 240
chair 0.0025 149 0 273 44
chair 0.0025 0 27 10 100
chair 0.0024 80 79 142 149
chair 0.0022 81 18 258 246
chair 0.0021 0 49 14 109
chair 0.0020 420 229 449 267
chair 0.0020 409 0 495 79
chair 0.0017 453 192 484 228
chair 0.0016 483 238 499 295
chair 0.0016 479 88 500 260
chair 0.0016 0 0 91 85
chair 0.0015 94 -2 237 88
chair 0.0015 400 49 463 77
chair 0.0014 95 67 153 87
chair 0.0013 415 201 456 267
chair 0.0013 296 12 375 60
chair 0.0013 479 185 498 237
chair 0.0012 26 77 112 199
chair 0.0012 222 30 419 289
chair 0.0012 290 115 386 238
chair 0.0012 19 208 481 345
chair 0.0010 258 -3 301 39
sofa 0.0378 403 2 492 85
sofa 0.0375 323 2 495 88
sofa 0.0144 52 13 378 305
sofa 0.0065 280 2 401 77
sofa 0.0037 303 2 501 185
sofa 0.0020 479 0 500 78
pottedplant 0.0072 289 3 391 52
pottedplant 0.0036 312 -1 368 20
pottedplant 0.0017 300 2 406 86
pottedplant 0.0011 300 9 379 36
pottedplant 0.0010 323 2 495 88
diningtable 0.1854 -1 3 216 89
diningtable 0.1222 153 224 506 324
diningtable 0.1146 7 0 207 192
diningtable 0.0402 25 149 469 334
diningtable 0.0280 389 219 502 322
diningtable 0.0112 69 10 419 309
diningtable 0.0050 294 181 506 326
diningtable 0.0046 255 205 473 294
diningtable 0.0041 6 2 260 43
diningtable 0.0025 -22 222 372 327
diningtable 0.0022 0 -11 56 123
diningtable 0.0022 320 30 501 224
diningtable 0.0014 22 -1 308 112
diningtable 0.0014 479 0 500 78
diningtable 0.0013 40 38 155 151
diningtable 0.0012 410 202 499 292
diningtable 0.0010 218 10 501 309
diningtable 0.0010 341 1 488 84
tvmonitor 0.0011 124 15 355 266
