person 0.0047 197 7 283 138
person 0.0014 393 225 427 254
person 0.0010 129 0 285 153
person 0.0010 391 210 491 259
car 0.0011 2 215 494 378
boat 0.0020 0 246 27 272
boat 0.0010 0 257 26 279
bird 0.0185 393 225 427 254
bird 0.0182 431 239 460 257
bird 0.0057 325 250 380 303
bird 0.0054 383 235 412 265
bird 0.0053 338 257 369 294
bird 0.0051 404 238 463 258
bird 0.0049 277 222 316 249
bird 0.0043 362 256 398 281
bird 0.0027 361 243 397 272
bird 0.0023 384 225 413 254
bird 0.0021 342 240 373 265
bird 0.0019 327 229 482 292
bird 0.0015 391 210 491 259
bird 0.0014 313 205 490 257
bird 0.0013 315 224 354 249
bird 0.0010 340 248 402 297
cat 0.3761 163 128 312 252
dog 0.0064 166 134 309 249
sheep 0.0046 166 134 309 249
sheep 0.0036 431 239 460 257
sheep 0.0030 404 238 463 258
sheep 0.0014 394 237 428 259
cow 0.0015 431 239 460 257
cow 0.0010 393 225 427 254
chair 0.0036 280 44 378 118
chair 0.0011 173 15 275 139
chair 0.0011 240 10 286 116
