person 0.9834 79 64 181 315
person 0.9782 305 142 411 365
person 0.9523 325 60 398 170
person 0.9180 260 53 331 164
person 0.6973 160 66 203 137
person 0.5971 192 59 260 146
person 0.1113 74 46 142 282
person 0.0487 71 49 133 183
person 0.0277 75 44 132 119
person 0.0199 110 331 294 377
person 0.0198 77 95 126 220
person 0.0120 103 74 227 304
person 0.0104 191 138 301 194
person 0.0086 248 112 332 203
person 0.0056 140 83 206 220
person 0.0034 433 138 467 182
person 0.0027 136 105 298 283
person 0.0026 73 69 108 284
person 0.0025 75 70 172 210
person 0.0025 315 122 427 192
person 0.0023 191 85 280 188
person 0.0022 135 66 209 155
person 0.0021 169 66 198 99
person 0.0019 211 103 362 275
person 0.0019 307 144 408 260
person 0.0018 313 119 483 349
person 0.0018 390 136 431 176
person 0.0016 146 66 172 99
person 0.0015 314 121 332 162
person 0.0013 49 300 214 371
person 0.0012 65 102 277 336
person 0.0011 -3 233 182 379
cat 0.0377 110 331 294 377
cat 0.0037 84 300 318 372
dog 0.5130 112 327 295 378
dog 0.0096 84 300 318 372
dog 0.0017 11 245 341 375
dog 0.0011 153 322 422 373
bottle 0.1284 6 252 92 364
bottle 0.0045 230 228 248 278
bottle 0.0042 310 139 330 178
bottle 0.0031 9 287 82 348
bottle 0.0020 380 242 409 277
bottle 0.0019 24 250 76 296
bottle 0.0019 191 138 301 194
bottle 0.0018 263 228 280 283
bottle 0.0014 233 220 254 260
bottle 0.0014 354 262 391 287
bottle 0.0010 321 148 344 179
chair 0.0147 321 148 344 179
chair 0.0145 310 139 330 178
chair 0.0125 251 106 277 137
chair 0.0096 226 163 301 192
chair 0.0076 396 206 440 266
chair 0.0051 7 293 96 366
chair 0.0032 399 157 495 236
chair 0.0025 427 133 469 185
chair 0.0024 210 133 313 198
chair 0.0023 281 142 307 176
chair 0.0016 220 155 254 188
chair 0.0015 314 121 332 162
chair 0.0015 487 187 500 252
chair 0.0013 310 144 407 304
chair 0.0012 243 147 277 182
chair 0.0011 221 101 253 135
chair 0.0011 376 192 419 280
chair 0.0011 236 218 276 283
sofa 0.0032 112 327 295 378
sofa 0.0017 84 300 318 372
sofa 0.0013 153 322 422 373
sofa 0.0012 11 245 341 375
pottedplant 0.0017 74 46 142 282
diningtable 0.0119 6 252 92 364
diningtable 0.0066 191 138 301 194
diningtable 0.0040 59 243 365 372
diningtable 0.0021 13 288 172 370
diningtable 0.0018 147 136 339 313
diningtable 0.0018 399 157 495 236
diningtable 0.0012 95 167 485 357
diningtable 0.0012 -3 233 182 379
diningtable 0.0011 414 182 488 197
tvmonitor 0.4944 382 135 437 183
tvmonitor 0.3949 395 132 469 185
tvmonitor 0.2290 206 146 314 198
tvmonitor 0.0277 433 138 467 182
tvmonitor 0.0147 315 122 427 192
tvmonitor 0.0089 375 134 406 182
tvmonitor 0.0027 5 257 90 365
tvmonitor 0.0017 148 139 279 207
tvmonitor 0.0010 455 142 473 183
tvmonitor 0.0010 9 300 81 351
