person 0.1231 -16 4 403 491
person 0.0020 -26 401 414 499
person 0.0017 -37 292 427 503
person 0.0015 -4 -6 78 360
bird 0.0016 -16 4 403 491
cat 0.2790 -9 -7 391 432
dog 0.1245 -9 -7 391 432
dog 0.0010 242 35 384 308
horse 0.0074 -9 -7 391 432
sheep 0.0038 -16 4 403 491
cow 0.0146 -16 4 403 491
chair 0.0084 -16 4 403 491
chair 0.0020 -4 -6 78 360
chair 0.0011 -9 -25 392 237
sofa 0.0344 -16 4 403 491
sofa 0.0059 -13 16 389 256
pottedplant 0.0019 -16 4 403 491
diningtable 0.0268 -26 51 412 519
diningtable 0.0014 233 253 387 488
