person 0.0069 0 148 18 361
person 0.0053 0 139 14 291
person 0.0017 0 158 9 236
cat 0.0016 325 126 358 147
chair 0.9755 120 135 217 247
chair 0.3971 52 118 138 230
chair 0.0926 371 105 502 183
chair 0.0448 0 122 13 273
chair 0.0306 0 148 18 361
chair 0.0205 94 118 129 149
chair 0.0174 73 118 133 170
chair 0.0169 0 158 9 236
chair 0.0131 103 126 143 148
chair 0.0082 97 116 153 166
chair 0.0081 97 124 144 192
chair 0.0066 91 115 201 175
chair 0.0042 123 128 194 148
chair 0.0042 0 194 11 269
chair 0.0032 1 175 56 359
chair 0.0028 128 123 198 165
chair 0.0017 58 69 219 241
chair 0.0016 113 124 209 204
chair 0.0016 57 115 191 207
chair 0.0015 98 142 143 165
chair 0.0013 0 121 9 203
chair 0.0010 135 176 200 249
sofa 0.0272 0 148 18 361
sofa 0.0202 371 105 502 183
sofa 0.0147 29 185 492 358
sofa 0.0122 0 139 14 291
sofa 0.0054 1 175 56 359
sofa 0.0039 0 182 10 251
sofa 0.0034 0 158 102 370
sofa 0.0023 54 112 132 217
sofa 0.0015 0 142 10 215
pottedplant 0.0197 325 126 358 147
pottedplant 0.0013 0 122 13 273
pottedplant 0.0011 0 142 10 215
diningtable 0.1168 54 121 221 247
diningtable 0.0332 52 118 138 230
diningtable 0.0311 119 129 168 146
diningtable 0.0152 67 121 215 189
diningtable 0.0085 103 126 143 148
diningtable 0.0034 108 118 177 162
diningtable 0.0018 29 185 492 358
diningtable 0.0010 98 142 143 165
tvmonitor 0.0011 0 139 14 291
