person 0.6914 74 125 202 352
person 0.0688 162 126 190 278
person 0.0452 237 153 264 185
person 0.0078 71 197 101 231
person 0.0071 226 150 253 183
person 0.0067 60 187 104 260
person 0.0067 231 154 276 206
person 0.0047 194 146 225 182
person 0.0032 156 116 192 200
person 0.0032 49 134 191 232
person 0.0032 255 159 281 195
person 0.0024 131 139 221 299
person 0.0023 185 137 237 185
person 0.0014 49 212 105 270
person 0.0014 81 187 106 228
person 0.0013 86 200 197 281
person 0.0013 46 126 116 276
person 0.0011 249 148 296 210
person 0.0010 168 174 185 233
bicycle 0.0031 86 200 197 281
bicycle 0.0024 48 128 200 347
car 0.8593 52 125 339 317
car 0.6680 159 131 364 273
car 0.1045 45 118 196 316
car 0.0370 331 182 357 222
car 0.0230 49 134 191 232
car 0.0111 317 187 345 215
car 0.0092 37 141 112 270
car 0.0071 56 126 310 214
car 0.0066 104 130 252 237
car 0.0059 86 200 197 281
car 0.0049 18 158 60 180
car 0.0035 334 198 356 231
car 0.0030 60 168 107 236
car 0.0020 71 191 102 227
car 0.0018 49 212 105 270
car 0.0018 20 162 55 192
car 0.0014 131 139 221 299
car 0.0011 336 169 358 205
motorbike 0.0015 62 209 216 275
bottle 0.8601 272 309 289 360
pottedplant 0.0016 2 472 31 499
