person 0.0058 135 35 350 230
person 0.0039 168 23 286 139
person 0.0032 12 8 317 287
person 0.0014 190 55 355 140
cat 0.3881 256 66 312 132
cat 0.1454 42 380 178 495
cat 0.0786 129 118 316 203
cat 0.0626 190 55 355 140
cat 0.0260 258 65 372 142
cat 0.0115 266 107 305 138
cat 0.0102 0 363 223 505
cat 0.0096 111 117 209 202
cat 0.0082 95 372 196 458
cat 0.0050 271 109 323 131
cat 0.0044 46 359 169 437
cat 0.0025 263 109 333 146
cat 0.0023 168 23 286 139
cat 0.0023 -4 393 91 501
cat 0.0015 92 369 161 419
cat 0.0014 280 72 312 109
dog 0.9356 111 117 209 202
dog 0.5359 42 380 178 495
dog 0.2792 256 66 312 132
dog 0.1238 190 55 355 140
dog 0.1026 0 363 223 505
dog 0.0822 109 114 307 205
dog 0.0456 258 65 372 142
dog 0.0378 168 23 286 139
dog 0.0107 95 372 196 458
dog 0.0027 266 107 305 138
dog 0.0023 163 21 371 182
dog 0.0019 47 77 266 274
dog 0.0014 131 115 197 178
dog 0.0014 118 93 356 260
dog 0.0013 261 96 311 148
dog 0.0013 271 109 323 131
bottle 0.0017 266 107 305 138
chair 0.4782 11 38 314 390
chair 0.1346 154 34 373 235
chair 0.0678 19 188 220 360
chair 0.0611 -23 209 334 523
chair 0.0365 168 23 286 139
chair 0.0124 119 130 324 359
chair 0.0082 224 86 384 234
chair 0.0069 99 319 162 342
chair 0.0064 258 71 383 142
chair 0.0053 -1 48 164 204
chair 0.0042 292 105 383 236
chair 0.0039 129 118 316 203
chair 0.0029 0 118 31 207
chair 0.0029 0 326 305 500
chair 0.0016 304 96 383 125
chair 0.0015 177 60 342 138
chair 0.0014 -8 54 184 368
chair 0.0013 -3 88 108 343
sofa 0.6327 11 38 314 390
sofa 0.3324 154 34 373 235
sofa 0.0279 -24 163 349 480
sofa 0.0140 19 188 220 360
sofa 0.0121 160 33 324 132
sofa 0.0100 119 130 324 359
sofa 0.0087 0 326 305 500
sofa 0.0080 290 91 389 242
sofa 0.0046 129 118 316 203
sofa 0.0033 -8 54 184 368
sofa 0.0029 264 72 379 176
sofa 0.0019 -1 48 164 204
sofa 0.0017 47 77 266 274
sofa 0.0015 72 -6 386 293
diningtable 0.0014 -38 300 414 508
