person 0.0228 142 158 181 223
person 0.0103 0 298 25 373
person 0.0049 477 205 500 305
person 0.0047 0 212 18 298
person 0.0046 45 -28 455 338
person 0.0046 -3 -5 64 130
person 0.0044 341 82 364 114
person 0.0039 0 129 30 220
person 0.0037 146 157 170 205
person 0.0037 232 -1 282 19
person 0.0032 401 118 427 168
person 0.0030 264 -1 293 22
person 0.0030 0 217 21 369
person 0.0026 -1 37 30 130
person 0.0026 -2 0 50 83
person 0.0018 468 150 500 287
person 0.0018 2 -28 115 248
person 0.0015 -1 154 29 275
person 0.0015 2 201 56 348
person 0.0014 -1 -22 62 243
person 0.0014 221 0 267 17
person 0.0014 0 84 54 363
person 0.0014 484 54 499 105
person 0.0013 0 32 26 209
person 0.0013 208 0 232 18
person 0.0011 166 155 192 192
person 0.0010 430 67 499 386
car 0.0277 169 64 235 107
car 0.0033 272 293 480 370
car 0.0023 12 53 418 379
boat 0.0037 272 293 480 370
boat 0.0014 429 141 500 378
bird 0.0027 143 153 181 216
bird 0.0017 146 157 170 205
cat 0.0024 188 79 293 210
dog 0.9345 141 230 221 347
dog 0.8910 184 94 405 331
dog 0.2049 162 108 268 328
dog 0.0171 110 71 471 365
dog 0.0148 275 101 426 287
dog 0.0122 161 157 253 277
dog 0.0091 113 170 239 359
dog 0.0089 72 72 274 299
dog 0.0089 125 229 293 368
dog 0.0066 197 203 250 273
dog 0.0060 127 197 206 321
dog 0.0049 141 217 181 295
dog 0.0046 172 204 234 267
dog 0.0032 167 210 266 339
dog 0.0028 148 218 180 258
dog 0.0019 197 158 275 312
dog 0.0019 188 79 293 210
dog 0.0018 151 218 209 290
dog 0.0015 216 211 259 298
dog 0.0014 197 228 239 312
dog 0.0014 199 170 250 227
dog 0.0014 115 221 169 289
dog 0.0014 204 227 227 273
dog 0.0012 55 232 227 369
dog 0.0011 203 175 244 210
dog 0.0010 338 175 364 211
dog 0.0010 165 211 193 246
bottle 0.0043 0 109 27 215
bottle 0.0025 143 153 181 216
bottle 0.0017 164 125 197 196
bottle 0.0017 0 130 19 180
bottle 0.0010 0 158 22 204
bottle 0.0010 146 157 170 205
chair 0.0881 272 293 480 370
chair 0.0114 -2 0 50 83
chair 0.0098 72 72 274 299
chair 0.0083 127 9 510 367
chair 0.0066 0 262 94 359
chair 0.0063 -3 -5 64 130
chair 0.0063 0 217 21 369
chair 0.0054 24 41 176 94
chair 0.0038 15 17 345 356
chair 0.0037 2 -28 115 248
chair 0.0031 0 298 25 373
chair 0.0031 408 143 500 378
chair 0.0030 0 212 18 298
chair 0.0029 0 109 27 215
chair 0.0028 258 5 338 125
chair 0.0026 -1 37 30 130
chair 0.0026 248 -6 477 226
chair 0.0020 232 100 415 296
chair 0.0020 0 122 19 165
chair 0.0017 32 4 296 137
chair 0.0016 0 264 56 330
chair 0.0016 483 241 500 302
chair 0.0014 22 2 257 56
chair 0.0013 232 -1 282 19
chair 0.0013 33 5 169 72
chair 0.0012 2 14 114 116
chair 0.0011 7 55 182 261
chair 0.0011 0 50 25 104
chair 0.0011 113 170 239 359
sofa 0.0229 0 262 94 359
sofa 0.0186 94 31 488 358
sofa 0.0074 0 214 18 336
sofa 0.0035 272 293 480 370
sofa 0.0026 225 103 408 325
sofa 0.0024 0 241 15 295
sofa 0.0019 408 143 500 378
sofa 0.0018 19 48 344 383
sofa 0.0015 0 248 25 376
sofa 0.0010 162 108 268 328
diningtable 0.0065 0 212 18 298
diningtable 0.0039 0 283 96 372
diningtable 0.0036 272 293 480 370
diningtable 0.0018 127 9 510 367
diningtable 0.0018 22 2 257 56
diningtable 0.0010 -2 249 100 348
diningtable 0.0010 0 217 21 369
tvmonitor 0.0275 387 1 499 217
tvmonitor 0.0173 32 4 296 137
tvmonitor 0.0081 28 39 183 82
tvmonitor 0.0039 49 11 275 72
tvmonitor 0.0033 69 52 274 257
tvmonitor 0.0028 8 29 280 92
tvmonitor 0.0023 260 -5 460 141
tvmonitor 0.0022 261 300 485 368
tvmonitor 0.0021 13 53 195 104
tvmonitor 0.0020 14 -11 405 248
tvmonitor 0.0017 0 214 18 336
tvmonitor 0.0014 51 -8 220 26
tvmonitor 0.0010 -2 249 100 348
