person 0.4780 144 12 351 208
person 0.2600 -8 41 437 432
person 0.1219 213 18 440 202
person 0.0590 103 14 470 316
person 0.0491 -9 158 290 449
person 0.0395 471 26 498 75
person 0.0224 302 13 491 148
person 0.0154 445 3 498 71
person 0.0134 302 10 442 86
person 0.0085 364 2 417 19
person 0.0080 263 21 465 289
person 0.0056 388 9 499 83
person 0.0054 0 93 134 457
person 0.0052 227 19 333 117
person 0.0048 299 3 375 17
person 0.0046 45 22 301 205
person 0.0043 0 5 95 318
person 0.0043 227 7 408 106
person 0.0042 377 26 491 133
person 0.0040 474 18 499 56
person 0.0037 389 20 499 308
person 0.0035 169 130 414 288
person 0.0025 284 73 392 182
person 0.0025 336 -8 473 31
person 0.0024 461 30 492 77
person 0.0024 -9 -19 227 413
person 0.0023 308 -6 426 26
person 0.0022 443 3 497 30
person 0.0018 391 -9 500 41
person 0.0018 -1 74 65 471
person 0.0018 470 18 500 122
person 0.0016 424 0 476 28
person 0.0015 457 15 491 55
person 0.0013 2 336 29 363
person 0.0012 76 153 495 462
person 0.0012 476 20 500 202
person 0.0011 376 2 443 23
person 0.0011 5 -30 418 212
person 0.0010 185 37 523 429
person 0.0010 175 119 317 199
car 0.0015 89 59 484 490
bird 0.0010 270 113 395 202
cat 0.1843 172 156 416 288
cat 0.0062 165 162 337 238
cat 0.0045 388 9 499 83
cat 0.0043 302 13 491 148
cat 0.0033 115 171 212 239
cat 0.0026 284 73 392 182
cat 0.0021 377 26 491 133
cat 0.0020 270 113 395 202
cat 0.0012 176 186 341 277
cat 0.0012 54 71 446 482
dog 0.3431 115 171 212 239
dog 0.1901 302 13 491 148
dog 0.1445 172 156 416 288
dog 0.0710 213 18 440 202
dog 0.0595 54 71 446 482
dog 0.0261 388 9 499 83
dog 0.0242 377 26 491 133
dog 0.0094 116 167 307 232
dog 0.0092 263 21 465 289
dog 0.0084 103 14 470 316
dog 0.0083 445 3 498 71
dog 0.0076 92 166 336 298
dog 0.0072 284 73 392 182
dog 0.0032 468 19 499 80
dog 0.0031 176 186 341 277
dog 0.0031 303 11 456 96
dog 0.0027 -2 162 358 451
dog 0.0024 389 20 499 308
dog 0.0019 397 47 457 101
dog 0.0018 270 113 395 202
dog 0.0011 296 44 418 141
dog 0.0010 369 53 412 133
horse 0.0011 -2 162 358 451
bottle 0.0010 3 404 60 471
chair 0.0177 93 14 478 382
chair 0.0126 0 5 95 318
chair 0.0089 3 72 420 487
chair 0.0032 302 10 442 86
chair 0.0030 33 7 303 157
chair 0.0026 299 3 375 17
chair 0.0015 302 13 491 148
chair 0.0015 364 2 417 19
chair 0.0012 0 93 134 457
chair 0.0011 192 66 516 478
sofa 0.2293 -8 41 437 432
sofa 0.0339 103 14 470 316
sofa 0.0248 0 5 95 318
sofa 0.0171 33 7 303 157
sofa 0.0121 229 237 487 396
sofa 0.0089 4 57 173 418
sofa 0.0079 76 153 495 462
sofa 0.0055 5 -30 418 212
sofa 0.0036 61 6 271 99
sofa 0.0029 157 17 408 165
sofa 0.0025 0 38 65 432
sofa 0.0019 -9 158 290 449
sofa 0.0015 302 13 491 148
sofa 0.0013 172 156 416 288
sofa 0.0011 302 10 442 86
sofa 0.0010 185 37 523 429
sofa 0.0010 389 20 499 308
diningtable 0.0029 76 153 495 462
