person 0.9153 333 3 419 77
person 0.0036 92 1 423 322
person 0.0017 251 0 426 82
person 0.0016 333 1 379 57
person 0.0015 285 18 430 203
person 0.0010 121 39 295 258
bicycle 0.0014 123 -3 367 142
car 0.0028 107 5 327 73
car 0.0024 123 -3 367 142
car 0.0013 12 0 120 10
cat 0.0011 145 33 421 348
dog 0.5903 145 33 421 348
dog 0.0054 121 39 295 258
dog 0.0012 233 38 418 265
dog 0.0010 130 62 288 154
horse 0.0252 145 33 421 348
sheep 0.0119 105 37 412 353
sheep 0.0019 123 -3 367 142
cow 0.0109 163 48 404 339
chair 0.0012 145 33 421 348
sofa 0.0012 145 33 421 348
diningtable 0.0011 107 5 327 73
