person 0.0502 125 157 155 183
person 0.0250 111 156 137 186
person 0.0146 66 130 98 147
person 0.0123 45 129 87 147
person 0.0105 138 157 186 182
person 0.0070 0 125 23 156
person 0.0051 96 155 128 185
person 0.0036 38 128 68 148
person 0.0036 97 130 123 148
person 0.0020 270 148 320 171
person 0.0016 307 145 374 165
person 0.0015 150 161 215 181
person 0.0015 9 125 43 148
person 0.0012 0 139 20 163
person 0.0010 293 145 343 165
person 0.0010 127 154 165 176
car 0.9766 51 151 309 252
car 0.9323 237 149 472 247
car 0.0997 9 125 43 148
car 0.0972 45 129 87 147
car 0.0850 66 130 98 147
car 0.0567 38 128 68 148
car 0.0219 0 125 23 156
car 0.0096 216 149 268 168
car 0.0072 176 188 319 257
car 0.0059 229 146 287 168
car 0.0058 97 130 123 148
car 0.0042 71 146 287 198
car 0.0040 245 146 310 171
car 0.0036 86 105 494 276
car 0.0036 223 143 379 216
car 0.0026 197 150 250 169
car 0.0024 225 140 406 174
car 0.0021 144 151 219 171
car 0.0020 183 156 323 219
car 0.0018 0 139 20 163
car 0.0016 89 151 126 176
car 0.0016 230 161 283 183
motorbike 0.0018 66 130 98 147
motorbike 0.0011 45 129 87 147
bus 0.0017 66 130 98 147
bus 0.0014 436 96 497 141
bus 0.0013 481 100 499 141
dog 0.0010 125 157 155 183
pottedplant 0.0012 66 130 98 147
