person 0.0052 437 133 462 219
person 0.0035 398 139 459 291
person 0.0031 438 138 460 175
person 0.0025 477 205 500 341
person 0.0019 382 26 496 300
person 0.0017 459 139 482 180
person 0.0016 456 133 496 225
person 0.0011 484 261 499 314
person 0.0010 473 75 500 243
person 0.0010 0 85 23 118
car 0.0145 339 260 379 278
car 0.0064 41 245 540 331
car 0.0034 183 259 487 323
car 0.0033 28 273 378 335
car 0.0027 192 279 385 331
car 0.0025 91 178 123 202
car 0.0015 0 158 17 192
motorbike 0.0010 339 260 379 278
bottle 0.9941 172 83 226 306
bottle 0.3527 170 93 202 288
bottle 0.0174 196 113 234 279
bottle 0.0067 222 134 293 303
bottle 0.0067 168 179 185 288
bottle 0.0060 140 100 183 260
bottle 0.0023 177 97 218 223
bottle 0.0014 126 177 151 206
bottle 0.0013 122 128 167 225
bottle 0.0011 264 143 302 293
bottle 0.0010 112 139 304 333
bottle 0.0010 161 172 234 295
chair 0.0056 382 26 496 300
chair 0.0055 368 127 454 215
chair 0.0029 378 139 459 282
chair 0.0021 437 133 462 219
chair 0.0020 428 5 502 151
chair 0.0015 27 269 309 327
chair 0.0015 438 138 460 175
chair 0.0015 350 128 407 197
chair 0.0014 221 150 299 310
chair 0.0013 437 60 502 216
chair 0.0011 480 291 499 335
chair 0.0011 456 133 496 225
chair 0.0010 283 132 357 269
chair 0.0010 479 240 500 341
pottedplant 0.0111 352 195 434 276
pottedplant 0.0102 0 39 173 300
pottedplant 0.0047 476 205 501 301
pottedplant 0.0040 476 114 500 275
pottedplant 0.0031 352 201 394 271
pottedplant 0.0030 317 212 424 284
pottedplant 0.0027 448 130 500 284
pottedplant 0.0022 96 155 165 272
pottedplant 0.0021 456 133 496 225
pottedplant 0.0020 91 178 123 202
pottedplant 0.0019 480 228 499 269
pottedplant 0.0017 40 153 146 267
pottedplant 0.0017 87 79 170 183
pottedplant 0.0016 126 177 151 206
pottedplant 0.0015 482 250 499 297
pottedplant 0.0014 95 167 120 196
pottedplant 0.0013 59 58 211 286
pottedplant 0.0012 -2 222 63 326
pottedplant 0.0010 88 171 130 257
pottedplant 0.0010 122 128 167 225
diningtable 0.3245 -20 248 431 334
diningtable 0.0882 -14 147 428 332
diningtable 0.0386 60 210 513 332
diningtable 0.0260 48 268 355 325
diningtable 0.0202 225 147 430 333
diningtable 0.0134 87 33 493 375
diningtable 0.0131 214 262 464 325
diningtable 0.0083 210 137 304 327
diningtable 0.0040 112 139 304 333
diningtable 0.0029 195 244 358 303
diningtable 0.0018 317 212 424 284
diningtable 0.0017 393 163 475 296
diningtable 0.0011 287 258 513 316
diningtable 0.0010 192 279 385 331
tvmonitor 0.0038 135 0 234 82
