person 0.0033 86 -17 487 398
person 0.0030 185 27 290 101
person 0.0017 183 0 255 51
person 0.0017 199 0 238 18
person 0.0015 167 1 278 87
boat 0.0033 86 -17 487 398
bird 0.0010 86 -17 487 398
cat 0.0069 126 69 356 373
cat 0.0058 185 44 263 91
cat 0.0016 185 27 290 101
dog 0.3679 126 69 356 373
dog 0.0163 86 -17 487 398
dog 0.0024 185 44 263 91
dog 0.0017 185 27 290 101
dog 0.0012 173 89 391 299
horse 0.0021 86 -17 487 398
horse 0.0016 113 71 321 372
sheep 0.3143 113 71 321 372
sheep 0.0720 79 -6 424 395
sheep 0.0045 185 44 263 91
sheep 0.0030 185 27 290 101
cow 0.0274 113 71 321 372
cow 0.0011 86 -17 487 398
chair 0.0115 79 -6 424 395
chair 0.0019 449 228 500 360
chair 0.0011 303 186 497 357
sofa 0.0041 79 -6 424 395
diningtable 0.0188 86 -17 487 398
diningtable 0.0022 259 178 487 358
