person 0.9253 124 129 217 374
person 0.8315 334 100 421 363
person 0.6440 191 138 290 248
person 0.5850 262 177 372 373
person 0.5303 73 118 144 348
person 0.1429 466 313 486 362
person 0.0918 454 316 490 374
person 0.0631 443 320 466 372
person 0.0543 256 184 353 287
person 0.0478 138 146 292 367
person 0.0437 480 119 499 233
person 0.0404 481 326 499 372
person 0.0153 85 143 157 296
person 0.0139 211 131 267 182
person 0.0124 479 130 500 338
person 0.0118 222 135 255 173
person 0.0104 339 105 421 211
person 0.0093 474 62 499 218
person 0.0079 485 310 499 364
person 0.0047 177 158 228 230
person 0.0045 235 153 289 241
person 0.0043 283 252 379 340
person 0.0042 295 187 350 243
person 0.0038 483 214 499 262
person 0.0033 196 130 247 228
person 0.0033 210 144 242 177
person 0.0031 225 127 255 159
person 0.0029 219 133 363 322
person 0.0024 81 112 138 174
person 0.0023 423 342 449 372
person 0.0022 353 94 398 154
person 0.0022 184 151 219 172
person 0.0022 210 159 265 236
person 0.0021 107 153 147 280
person 0.0020 489 135 501 215
person 0.0020 170 120 270 189
person 0.0020 87 160 130 263
person 0.0019 479 293 500 374
person 0.0018 129 137 207 247
person 0.0018 252 138 297 209
person 0.0017 487 184 500 251
person 0.0016 440 77 498 382
person 0.0016 339 156 363 198
person 0.0014 74 142 105 256
person 0.0014 477 352 499 375
person 0.0013 460 353 490 375
person 0.0013 246 94 398 290
person 0.0013 455 108 499 246
person 0.0013 229 133 291 186
person 0.0012 477 212 499 373
person 0.0010 0 124 16 181
person 0.0010 178 160 221 185
bicycle 0.0084 5 316 37 344
bicycle 0.0033 1 277 44 345
bicycle 0.0017 454 316 490 374
bicycle 0.0017 443 320 466 372
bicycle 0.0015 378 15 499 277
car 0.0049 0 315 32 344
car 0.0033 5 92 108 299
car 0.0027 0 86 64 210
car 0.0025 0 103 47 178
car 0.0024 480 119 499 233
car 0.0023 0 88 27 228
car 0.0022 -3 322 106 370
car 0.0016 0 274 29 348
car 0.0016 0 90 46 108
car 0.0015 0 183 69 333
car 0.0012 0 339 92 361
car 0.0010 0 124 16 181
car 0.0010 0 100 25 133
train 0.0013 66 75 435 389
boat 0.0016 480 119 499 233
bird 0.0012 480 119 499 233
dog 0.0033 191 138 290 248
horse 0.0036 191 138 290 248
horse 0.0010 139 137 290 334
cow 0.0017 480 119 499 233
cow 0.0010 191 138 290 248
bottle 0.0077 188 228 213 254
bottle 0.0018 193 239 224 261
bottle 0.0018 262 224 284 254
bottle 0.0015 219 248 267 270
bottle 0.0014 108 282 143 308
bottle 0.0013 365 118 392 158
bottle 0.0012 339 156 363 198
bottle 0.0011 240 241 273 268
bottle 0.0011 359 159 396 193
bottle 0.0010 248 226 276 254
bottle 0.0010 250 174 281 208
chair 0.8222 266 279 375 373
chair 0.0548 283 252 379 340
chair 0.0540 480 119 499 233
chair 0.0444 263 297 300 375
chair 0.0229 248 226 276 254
chair 0.0222 198 255 291 371
chair 0.0220 262 224 284 254
chair 0.0193 80 252 171 375
chair 0.0127 296 326 372 373
chair 0.0117 195 243 231 262
chair 0.0114 189 165 288 261
chair 0.0108 314 241 406 367
chair 0.0103 213 229 262 252
chair 0.0101 239 237 362 376
chair 0.0087 317 138 428 373
chair 0.0061 82 244 128 339
chair 0.0060 439 75 498 222
chair 0.0057 354 254 391 372
chair 0.0054 265 196 369 347
chair 0.0047 402 107 495 352
chair 0.0041 227 277 280 346
chair 0.0040 93 264 125 294
chair 0.0035 140 249 217 373
chair 0.0035 76 184 136 366
chair 0.0029 339 155 418 302
chair 0.0027 269 257 295 285
chair 0.0027 474 62 499 218
chair 0.0024 180 256 221 366
chair 0.0023 219 248 267 270
chair 0.0022 177 158 228 230
chair 0.0021 256 184 353 287
chair 0.0021 489 135 501 215
chair 0.0020 79 132 179 375
chair 0.0019 266 235 291 269
chair 0.0018 56 222 211 368
chair 0.0017 415 105 488 247
chair 0.0016 165 257 206 368
chair 0.0016 179 134 274 240
chair 0.0016 176 136 305 318
chair 0.0015 91 306 149 369
chair 0.0015 326 94 388 144
chair 0.0013 260 256 302 331
chair 0.0013 454 131 498 259
chair 0.0012 353 94 398 154
chair 0.0012 339 105 421 211
chair 0.0012 211 172 264 247
chair 0.0012 184 175 213 222
chair 0.0010 488 162 500 233
chair 0.0010 237 207 287 260
chair 0.0010 187 236 294 301
sofa 0.0056 191 159 289 258
sofa 0.0025 256 184 353 287
sofa 0.0019 176 136 305 318
sofa 0.0015 66 75 435 389
pottedplant 0.0804 73 118 144 348
pottedplant 0.0722 8 117 109 342
pottedplant 0.0626 329 22 499 187
pottedplant 0.0324 4 154 87 292
pottedplant 0.0299 252 138 297 209
pottedplant 0.0255 378 15 499 277
pottedplant 0.0099 1 186 61 353
pottedplant 0.0084 402 107 495 352
pottedplant 0.0073 3 92 93 199
pottedplant 0.0065 0 36 111 261
pottedplant 0.0059 269 136 294 181
pottedplant 0.0043 238 137 336 234
pottedplant 0.0038 478 181 500 330
pottedplant 0.0036 231 116 352 198
pottedplant 0.0035 244 139 277 175
pottedplant 0.0033 435 221 499 366
pottedplant 0.0033 229 133 291 186
pottedplant 0.0033 445 221 499 292
pottedplant 0.0032 0 246 90 339
pottedplant 0.0029 1 277 44 345
pottedplant 0.0029 209 131 301 232
pottedplant 0.0026 250 162 294 225
pottedplant 0.0024 386 46 493 174
pottedplant 0.0023 195 243 231 262
pottedplant 0.0022 188 228 213 254
pottedplant 0.0021 474 62 499 218
pottedplant 0.0020 406 85 494 206
pottedplant 0.0020 42 73 140 159
pottedplant 0.0020 343 21 454 141
pottedplant 0.0017 273 130 362 230
pottedplant 0.0017 0 187 48 285
pottedplant 0.0017 36 261 91 331
pottedplant 0.0012 5 316 37 344
pottedplant 0.0012 18 200 75 268
pottedplant 0.0012 263 160 290 204
pottedplant 0.0011 440 77 498 382
pottedplant 0.0010 272 129 311 198
pottedplant 0.0010 251 165 277 197
pottedplant 0.0010 0 234 27 355
diningtable 0.1551 198 255 286 370
diningtable 0.0381 187 236 294 301
diningtable 0.0332 212 257 270 279
diningtable 0.0184 113 236 318 374
diningtable 0.0100 202 250 275 291
diningtable 0.0087 187 188 290 281
diningtable 0.0069 219 248 267 270
diningtable 0.0067 195 243 231 262
diningtable 0.0064 138 146 292 367
diningtable 0.0057 234 216 369 373
diningtable 0.0043 204 235 273 278
diningtable 0.0031 208 262 275 325
diningtable 0.0026 164 227 235 363
diningtable 0.0018 213 229 262 252
diningtable 0.0017 2 209 420 383
diningtable 0.0015 480 119 499 233
diningtable 0.0012 140 249 217 373
