person 0.0073 0 9 349 264
person 0.0052 3 2 173 242
person 0.0014 12 246 236 319
person 0.0010 -7 161 212 319
car 0.0029 123 5 445 319
bird 0.0012 0 9 349 264
cat 0.1570 4 11 346 302
cat 0.0078 3 2 173 242
cat 0.0038 123 5 445 319
dog 0.6633 4 11 346 302
dog 0.0926 123 5 445 319
dog 0.0060 3 2 173 242
dog 0.0025 139 6 349 241
horse 0.0013 3 2 173 242
horse 0.0013 0 9 349 264
sheep 0.0084 56 14 432 308
sheep 0.0013 3 2 173 242
cow 0.0029 6 12 406 304
cow 0.0014 3 2 173 242
chair 0.0540 3 2 173 242
chair 0.0340 4 11 346 302
chair 0.0148 123 5 445 319
sofa 0.1117 6 12 406 304
sofa 0.0141 3 2 173 242
sofa 0.0031 -24 151 446 322
sofa 0.0014 13 236 397 321
pottedplant 0.0011 3 2 173 242
diningtable 0.0028 -24 151 446 322
diningtable 0.0011 13 236 397 321
