person 0.0016 388 67 504 392
person 0.0012 436 0 466 21
person 0.0010 253 201 336 302
bird 0.0020 255 205 334 300
horse 0.0040 255 205 334 300
bottle 0.9136 231 139 281 245
bottle 0.0037 397 33 425 56
bottle 0.0033 105 120 159 211
bottle 0.0013 357 132 448 222
bottle 0.0013 255 205 334 300
chair 0.9498 6 -1 133 127
chair 0.3127 350 5 467 69
chair 0.1354 385 17 502 143
chair 0.1116 345 -2 367 45
chair 0.0715 387 155 500 375
chair 0.0452 408 242 499 372
chair 0.0299 356 3 431 53
chair 0.0158 334 12 473 108
chair 0.0100 436 0 466 21
chair 0.0075 406 5 500 78
chair 0.0067 363 24 400 51
chair 0.0061 340 302 464 376
chair 0.0060 294 44 423 101
chair 0.0055 13 7 164 208
chair 0.0050 315 11 435 66
chair 0.0044 413 323 498 375
chair 0.0043 122 84 230 158
chair 0.0036 107 31 231 118
chair 0.0035 141 98 192 168
chair 0.0035 98 68 151 125
chair 0.0034 173 0 237 54
chair 0.0032 435 0 499 52
chair 0.0031 397 33 425 56
chair 0.0029 78 30 184 123
chair 0.0027 86 59 189 151
chair 0.0025 449 30 499 136
chair 0.0024 392 29 432 98
chair 0.0023 315 208 491 372
chair 0.0023 308 -1 364 48
chair 0.0022 385 12 437 62
chair 0.0021 12 91 184 354
chair 0.0021 62 2 204 85
chair 0.0020 405 0 465 58
chair 0.0019 45 4 306 147
chair 0.0017 408 355 497 377
chair 0.0016 358 31 425 91
chair 0.0016 100 90 140 120
chair 0.0016 83 1 138 94
chair 0.0016 352 7 389 49
chair 0.0016 413 354 450 376
chair 0.0012 -1 -1 62 160
chair 0.0012 6 142 113 369
chair 0.0011 365 12 422 43
chair 0.0011 345 15 413 62
chair 0.0011 474 19 500 146
chair 0.0011 427 23 476 107
sofa 0.0101 60 2 511 370
sofa 0.0018 385 17 502 143
sofa 0.0011 388 67 504 392
sofa 0.0010 378 8 497 71
diningtable 0.2302 60 2 511 370
diningtable 0.0291 3 141 416 365
diningtable 0.0064 62 132 290 320
diningtable 0.0050 61 192 360 343
diningtable 0.0024 12 91 184 354
diningtable 0.0017 379 102 500 189
diningtable 0.0014 45 4 306 147
diningtable 0.0013 387 155 500 375
diningtable 0.0013 -4 -21 427 253
diningtable 0.0013 213 166 452 356
diningtable 0.0010 321 97 481 363
diningtable 0.0010 20 283 403 371
tvmonitor 0.0119 385 17 502 143
