person 0.0170 5 31 341 359
person 0.0046 0 176 23 294
person 0.0037 0 56 56 393
person 0.0034 0 180 31 368
person 0.0029 0 207 14 258
person 0.0024 0 76 20 279
person 0.0023 -1 212 48 291
person 0.0021 -2 94 134 361
train 0.0011 32 41 309 275
boat 0.0350 28 65 388 377
bird 0.0719 6 65 337 381
bird 0.0011 -1 212 48 291
dog 0.1191 6 65 337 381
dog 0.0227 156 40 340 269
dog 0.0192 -4 164 205 366
dog 0.0045 163 99 267 201
dog 0.0019 7 231 103 372
dog 0.0018 191 47 300 180
horse 0.6672 6 65 337 381
horse 0.0114 9 210 249 372
horse 0.0028 93 156 323 370
horse 0.0022 0 180 31 368
horse 0.0019 -1 212 48 291
horse 0.0017 7 231 103 372
sheep 0.0029 6 65 337 381
cow 0.0015 6 65 337 381
