person 0.0282 468 191 485 240
person 0.0144 480 172 499 221
person 0.0121 474 173 499 259
person 0.0092 478 194 499 238
person 0.0066 477 221 499 256
person 0.0054 466 178 485 213
person 0.0052 464 176 493 255
person 0.0041 464 227 489 252
person 0.0025 482 94 499 139
person 0.0020 0 193 14 238
person 0.0012 472 96 499 255
person 0.0011 0 163 17 227
person 0.0011 482 160 500 204
car 0.0020 0 225 24 248
car 0.0010 478 194 499 238
train 0.6039 -16 144 385 237
train 0.5138 -1 154 206 239
train 0.1672 232 163 409 209
train 0.0552 124 157 397 227
train 0.0128 65 154 295 231
train 0.0128 42 114 455 217
train 0.0103 1 161 47 235
train 0.0057 120 129 397 195
train 0.0046 53 135 221 178
train 0.0039 1 157 25 237
train 0.0028 93 140 314 185
train 0.0024 314 183 362 209
train 0.0023 411 130 503 219
train 0.0019 433 103 501 251
train 0.0016 423 184 451 203
train 0.0012 461 153 495 242
train 0.0012 -2 128 370 312
train 0.0011 129 150 205 169
train 0.0010 189 124 373 169
train 0.0010 107 148 183 166
chair 0.0077 477 221 499 256
chair 0.0052 464 227 489 252
diningtable 0.0011 477 221 499 256
