person 0.1138 238 82 268 125
person 0.0233 6 91 27 147
person 0.0086 0 92 17 150
person 0.0062 227 72 278 128
person 0.0040 1 82 39 157
person 0.0037 199 84 221 128
person 0.0016 131 204 247 314
bird 0.0025 238 82 268 125
bird 0.0015 6 91 27 147
cat 0.0013 238 82 268 125
cat 0.0010 105 111 140 133
dog 0.0053 6 91 27 147
dog 0.0026 238 82 268 125
dog 0.0010 1 82 39 157
horse 0.0041 6 91 27 147
horse 0.0015 1 82 39 157
bottle 0.0183 141 365 220 407
bottle 0.0052 239 261 258 301
bottle 0.0015 173 374 217 405
bottle 0.0015 253 150 280 188
pottedplant 0.7869 164 39 227 132
pottedplant 0.3457 105 111 140 133
pottedplant 0.0038 102 91 143 134
pottedplant 0.0024 207 66 285 130
pottedplant 0.0018 169 74 220 131
pottedplant 0.0011 192 47 231 127
tvmonitor 0.9231 131 208 243 317
tvmonitor 0.0726 104 166 253 338
tvmonitor 0.0030 116 148 236 188
tvmonitor 0.0011 146 224 209 295
