person 0.6399 203 27 364 334
person 0.1188 442 0 470 32
person 0.0222 187 7 333 214
person 0.0141 450 0 482 32
person 0.0078 189 6 221 30
person 0.0050 431 0 481 45
person 0.0037 161 9 202 30
person 0.0034 408 3 452 32
person 0.0025 0 72 13 136
person 0.0018 0 44 16 153
person 0.0015 230 38 335 170
person 0.0015 227 14 409 220
bicycle 0.0093 161 9 202 30
bicycle 0.0086 189 6 221 30
bicycle 0.0012 174 32 230 56
car 0.0459 161 9 202 30
car 0.0124 189 6 221 30
car 0.0060 442 0 470 32
car 0.0030 408 3 452 32
car 0.0024 322 7 389 25
car 0.0017 152 2 184 31
car 0.0017 85 30 119 52
car 0.0016 151 2 219 43
motorbike 0.2621 126 146 371 367
motorbike 0.0332 158 35 353 337
motorbike 0.0019 189 6 221 30
motorbike 0.0011 325 139 387 282
bird 0.0010 168 111 189 140
dog 0.0027 168 111 189 140
chair 0.0041 0 72 13 136
chair 0.0040 403 4 435 32
chair 0.0033 0 44 16 153
chair 0.0019 85 30 119 52
chair 0.0010 81 2 134 54
pottedplant 0.0197 469 0 501 33
pottedplant 0.0172 450 0 482 32
pottedplant 0.0168 442 0 470 32
pottedplant 0.0142 438 0 499 48
pottedplant 0.0098 431 27 499 69
pottedplant 0.0032 0 6 26 29
pottedplant 0.0027 404 8 498 65
pottedplant 0.0010 205 32 242 57
pottedplant 0.0010 470 8 501 73
