person 0.1332 54 -2 308 206
person 0.1213 -15 -5 321 358
person 0.0303 -2 13 235 249
person 0.0187 159 418 386 498
person 0.0111 137 0 374 351
person 0.0102 -1 25 139 323
person 0.0099 -1 14 93 241
person 0.0089 198 0 329 34
person 0.0089 153 1 301 44
person 0.0054 285 0 330 19
person 0.0043 143 -1 295 88
person 0.0042 -4 86 381 495
person 0.0027 218 0 286 15
person 0.0023 116 -3 336 135
person 0.0020 291 0 366 18
person 0.0019 0 -1 18 101
person 0.0018 151 0 210 22
person 0.0015 289 0 371 128
person 0.0015 279 -4 377 40
person 0.0013 246 0 296 16
person 0.0013 9 0 133 44
person 0.0012 201 -3 346 59
person 0.0011 -1 0 38 93
person 0.0011 58 73 249 276
person 0.0010 -4 2 81 110
person 0.0010 103 227 343 484
bicycle 0.0017 306 138 372 269
car 0.0011 245 25 374 410
aeroplane 0.0014 -4 86 381 495
boat 0.0029 -4 86 381 495
dog 0.0016 120 416 392 499
sheep 0.0015 160 427 385 499
bottle 0.0324 266 0 323 19
bottle 0.0118 246 0 296 16
bottle 0.0037 198 0 329 34
bottle 0.0031 218 0 286 15
bottle 0.0013 264 0 320 55
bottle 0.0012 272 13 309 41
chair 0.1688 103 227 343 484
chair 0.1275 65 24 300 232
chair 0.0563 126 131 248 221
chair 0.0353 64 -16 379 439
chair 0.0352 3 104 211 327
chair 0.0284 156 428 381 500
chair 0.0224 87 140 196 265
chair 0.0223 161 86 272 198
chair 0.0117 203 134 269 195
chair 0.0101 74 122 293 299
chair 0.0069 96 379 365 500
chair 0.0061 89 213 304 389
chair 0.0051 290 124 373 444
chair 0.0037 192 12 357 335
chair 0.0029 145 151 211 222
chair 0.0027 98 143 265 250
chair 0.0026 113 81 250 170
chair 0.0025 285 0 330 19
chair 0.0017 64 109 177 240
chair 0.0014 -6 52 244 444
chair 0.0014 94 193 197 309
chair 0.0013 193 353 336 450
chair 0.0013 227 108 274 181
chair 0.0012 185 131 283 230
chair 0.0011 240 132 270 163
chair 0.0010 205 76 295 210
sofa 0.0167 156 428 381 500
sofa 0.0031 -4 86 381 495
sofa 0.0016 19 0 282 203
sofa 0.0015 104 219 340 432
diningtable 0.0559 156 428 381 500
diningtable 0.0296 242 12 371 349
diningtable 0.0252 -15 -22 388 443
diningtable 0.0091 294 190 374 443
diningtable 0.0051 84 56 283 282
diningtable 0.0035 7 210 367 500
diningtable 0.0034 104 219 340 432
diningtable 0.0024 128 90 259 191
diningtable 0.0018 126 131 248 221
diningtable 0.0013 7 111 150 461
diningtable 0.0012 89 138 213 234
diningtable 0.0011 195 8 351 261
