person 0.9793 200 32 372 248
person 0.9667 362 118 457 235
person 0.6071 24 218 181 369
person 0.0586 26 215 105 304
person 0.0360 6 -11 97 389
person 0.0212 252 54 281 115
person 0.0184 56 86 88 123
person 0.0166 2 -34 53 405
person 0.0150 20 206 87 381
person 0.0128 32 88 51 144
person 0.0126 0 106 20 401
person 0.0120 21 219 71 289
person 0.0103 55 220 153 326
person 0.0095 69 85 95 125
person 0.0088 354 100 512 257
person 0.0080 404 92 493 220
person 0.0077 26 84 45 150
person 0.0062 51 95 85 138
person 0.0050 57 227 104 290
person 0.0049 243 146 493 307
person 0.0049 149 18 504 268
person 0.0037 0 279 13 376
person 0.0031 25 281 64 374
person 0.0028 438 102 502 253
person 0.0027 86 226 147 284
person 0.0025 78 228 166 362
person 0.0024 431 112 463 211
person 0.0023 5 174 131 369
person 0.0021 41 87 95 143
person 0.0020 17 58 47 149
person 0.0019 10 37 42 274
person 0.0019 11 283 52 374
person 0.0018 24 254 117 363
person 0.0018 0 229 60 375
person 0.0018 87 239 133 299
person 0.0015 0 3 25 315
person 0.0012 77 238 102 283
person 0.0012 483 99 500 254
person 0.0012 410 120 460 231
person 0.0010 232 15 362 114
person 0.0010 409 95 455 190
bicycle 0.0017 -30 167 459 365
car 0.0705 32 81 54 132
car 0.0398 22 77 47 156
car 0.0143 56 86 88 123
car 0.0072 41 81 96 135
car 0.0064 6 -11 97 389
car 0.0061 22 147 79 201
car 0.0055 20 192 183 362
car 0.0049 2 -34 53 405
car 0.0048 28 73 53 100
car 0.0047 29 157 66 189
car 0.0039 8 25 47 145
car 0.0036 15 66 93 157
car 0.0034 49 155 81 194
car 0.0031 51 95 85 138
car 0.0030 41 146 87 174
car 0.0029 39 137 228 306
car 0.0028 69 85 95 125
car 0.0022 -30 167 459 365
car 0.0019 41 125 91 147
car 0.0018 29 146 71 178
car 0.0017 36 137 92 190
car 0.0017 0 53 366 394
car 0.0017 17 46 44 230
car 0.0013 21 186 102 287
car 0.0012 25 61 46 98
car 0.0012 249 19 379 107
bus 0.0013 2 -34 53 405
bus 0.0011 22 77 47 156
boat 0.0151 6 -11 97 389
boat 0.0103 218 13 423 234
boat 0.0084 11 169 489 368
boat 0.0064 20 192 183 362
boat 0.0052 151 -14 505 247
boat 0.0050 41 87 95 143
boat 0.0044 39 137 228 306
boat 0.0042 15 66 93 157
boat 0.0036 36 23 469 343
boat 0.0030 41 146 87 174
boat 0.0022 29 146 71 178
boat 0.0021 41 125 91 147
boat 0.0020 167 5 495 125
boat 0.0019 -18 -17 304 388
boat 0.0016 70 93 97 139
boat 0.0016 32 88 51 144
boat 0.0015 2 -34 53 405
boat 0.0014 51 95 85 138
boat 0.0014 36 137 92 190
boat 0.0010 15 88 92 204
bottle 0.3492 460 169 492 238
bottle 0.0189 487 205 499 260
bottle 0.0170 308 157 338 232
bottle 0.0135 487 167 500 232
bottle 0.0113 95 255 120 295
bottle 0.0104 337 243 385 271
bottle 0.0063 486 232 500 271
bottle 0.0037 294 247 420 309
bottle 0.0020 111 273 136 309
bottle 0.0019 32 88 51 144
bottle 0.0015 304 204 410 261
bottle 0.0014 311 157 334 205
bottle 0.0013 67 251 101 290
bottle 0.0013 483 99 500 254
bottle 0.0011 87 239 133 299
bottle 0.0010 454 113 496 240
chair 0.3076 24 218 181 369
chair 0.0635 444 85 501 233
chair 0.0520 78 281 194 374
chair 0.0306 36 289 164 377
chair 0.0199 24 220 104 372
chair 0.0132 78 228 166 362
chair 0.0082 438 196 461 229
chair 0.0068 141 280 192 376
chair 0.0059 86 226 147 284
chair 0.0042 11 283 52 374
chair 0.0041 25 281 64 374
chair 0.0040 0 279 13 376
chair 0.0037 55 220 153 326
chair 0.0032 420 200 443 235
chair 0.0032 363 121 464 257
chair 0.0031 404 92 493 220
chair 0.0030 -1 201 68 383
chair 0.0028 460 169 492 238
chair 0.0025 0 195 16 389
chair 0.0024 30 281 65 308
chair 0.0021 141 236 496 371
chair 0.0021 400 197 424 231
chair 0.0020 483 99 500 254
chair 0.0019 368 188 395 220
chair 0.0015 293 252 422 319
chair 0.0014 430 131 462 219
chair 0.0014 110 192 215 265
chair 0.0012 252 58 278 113
chair 0.0011 62 232 359 367
chair 0.0010 31 284 56 328
sofa 0.0030 36 23 469 343
sofa 0.0026 24 218 181 369
sofa 0.0019 54 223 525 376
sofa 0.0010 294 247 420 309
pottedplant 0.0016 27 -3 174 155
pottedplant 0.0010 62 77 102 137
diningtable 0.7410 141 236 496 371
diningtable 0.0476 11 169 489 368
diningtable 0.0247 235 191 501 348
diningtable 0.0234 296 221 510 317
diningtable 0.0059 294 247 420 309
diningtable 0.0051 354 220 514 288
diningtable 0.0034 355 179 509 364
diningtable 0.0026 381 240 503 348
diningtable 0.0014 386 208 507 260
