person 0.0162 3 289 136 372
person 0.0017 474 191 499 270
person 0.0013 481 207 500 257
person 0.0012 1 196 61 308
person 0.0011 470 177 499 333
person 0.0011 -1 92 23 265
person 0.0010 0 194 28 225
cat 0.0012 0 194 28 225
cat 0.0012 481 207 500 257
dog 0.0010 450 174 501 256
bottle 0.0012 0 187 29 219
chair 0.9797 369 154 456 243
chair 0.7633 276 134 343 207
chair 0.1993 412 164 499 369
chair 0.1504 -4 286 134 371
chair 0.1074 450 174 501 256
chair 0.0547 203 143 309 210
chair 0.0534 480 112 500 251
chair 0.0501 278 139 325 171
chair 0.0471 0 212 24 301
chair 0.0335 2 175 94 293
chair 0.0213 -1 210 56 302
chair 0.0183 482 128 500 182
chair 0.0118 66 141 307 292
chair 0.0080 478 172 499 258
chair 0.0074 15 217 69 283
chair 0.0050 487 184 500 252
chair 0.0044 229 200 397 318
chair 0.0043 440 115 500 250
chair 0.0038 0 246 18 300
chair 0.0031 430 157 457 239
chair 0.0028 228 180 352 265
chair 0.0024 481 207 500 257
chair 0.0023 182 154 307 273
chair 0.0021 0 194 28 225
chair 0.0021 0 163 31 270
chair 0.0019 256 163 306 189
chair 0.0018 436 165 499 299
chair 0.0017 304 167 337 197
chair 0.0017 394 157 477 267
chair 0.0016 46 203 92 275
chair 0.0016 470 177 499 333
chair 0.0015 -1 229 22 350
chair 0.0014 244 153 311 200
chair 0.0013 359 202 393 272
chair 0.0012 253 147 347 233
chair 0.0011 273 137 297 175
sofa 0.9524 66 141 307 292
sofa 0.3981 3 289 136 372
sofa 0.2412 418 224 498 370
sofa 0.0255 450 174 501 256
sofa 0.0212 274 136 346 207
sofa 0.0132 479 128 500 263
sofa 0.0115 374 153 453 250
sofa 0.0097 0 221 22 313
sofa 0.0080 431 85 501 381
sofa 0.0074 203 143 309 210
sofa 0.0061 106 145 295 214
sofa 0.0058 1 196 61 308
sofa 0.0034 229 200 397 318
sofa 0.0029 158 145 291 274
sofa 0.0027 0 241 99 346
sofa 0.0027 -3 233 176 370
sofa 0.0023 440 115 500 250
sofa 0.0023 2 175 94 293
sofa 0.0017 474 191 499 270
sofa 0.0015 470 177 499 333
sofa 0.0014 436 165 499 299
sofa 0.0013 77 129 488 385
sofa 0.0011 0 246 18 300
sofa 0.0010 487 184 500 252
pottedplant 0.6674 4 156 85 239
pottedplant 0.0760 2 175 94 293
pottedplant 0.0350 0 194 28 225
pottedplant 0.0342 0 161 53 227
pottedplant 0.0237 8 188 36 217
pottedplant 0.0136 -1 92 23 265
pottedplant 0.0083 0 163 31 270
pottedplant 0.0036 1 99 109 286
pottedplant 0.0028 373 152 452 265
pottedplant 0.0027 445 10 501 185
pottedplant 0.0023 40 162 87 272
pottedplant 0.0020 450 174 501 256
pottedplant 0.0017 20 204 71 273
pottedplant 0.0015 30 198 66 226
pottedplant 0.0013 476 34 499 205
pottedplant 0.0012 0 212 24 301
pottedplant 0.0011 3 155 19 208
pottedplant 0.0010 55 200 81 229
diningtable 0.1633 3 289 136 372
diningtable 0.1108 229 200 397 318
diningtable 0.0140 0 212 24 301
diningtable 0.0067 0 202 93 307
diningtable 0.0027 262 138 344 203
diningtable 0.0018 238 186 391 261
diningtable 0.0013 264 157 331 191
