person 0.0126 199 238 229 260
person 0.0079 181 187 216 219
person 0.0029 478 165 499 196
person 0.0018 442 200 470 232
person 0.0016 386 243 411 271
aeroplane 0.4821 53 114 460 293
aeroplane 0.1759 386 136 489 248
aeroplane 0.0498 441 162 501 232
aeroplane 0.0262 478 165 499 196
aeroplane 0.0182 469 158 500 236
aeroplane 0.0060 114 175 336 252
aeroplane 0.0022 446 184 499 211
aeroplane 0.0017 92 199 399 271
aeroplane 0.0016 476 116 499 202
aeroplane 0.0015 448 199 500 231
aeroplane 0.0014 39 28 462 249
aeroplane 0.0014 173 166 385 229
aeroplane 0.0012 349 138 471 221
aeroplane 0.0011 299 95 502 251
aeroplane 0.0010 434 158 475 232
aeroplane 0.0010 131 203 309 260
bottle 0.1372 201 290 219 335
chair 0.0119 386 136 489 248
chair 0.0010 478 165 499 196
