person 0.8268 413 217 440 300
person 0.6233 390 219 410 300
person 0.0920 284 195 311 232
person 0.0880 245 189 267 232
person 0.0589 394 222 423 296
person 0.0516 365 211 385 236
person 0.0443 419 215 442 254
person 0.0363 400 220 419 278
person 0.0228 344 192 365 233
person 0.0183 271 193 291 233
person 0.0145 390 212 407 252
person 0.0142 363 197 384 232
person 0.0133 0 176 21 363
person 0.0074 303 195 329 231
person 0.0070 348 209 370 235
person 0.0066 399 215 421 252
person 0.0063 344 86 372 112
person 0.0041 278 185 321 236
person 0.0038 323 191 344 231
person 0.0029 204 189 224 236
person 0.0029 437 226 453 267
person 0.0026 392 256 408 304
person 0.0020 237 179 271 237
person 0.0020 -1 288 31 360
person 0.0019 230 93 257 124
person 0.0017 434 229 468 299
person 0.0015 129 208 151 237
person 0.0014 -2 129 53 373
person 0.0013 280 80 315 111
person 0.0013 476 203 496 261
person 0.0012 383 192 400 231
person 0.0011 130 112 155 144
person 0.0011 0 208 16 241
person 0.0011 446 196 461 261
bicycle 0.0292 392 230 409 297
bicycle 0.0134 399 238 419 292
bicycle 0.0026 415 237 438 296
bicycle 0.0017 -1 288 31 360
bicycle 0.0010 -1 329 30 362
car 0.0032 392 217 409 282
car 0.0031 390 201 491 290
car 0.0021 413 217 440 300
car 0.0020 0 240 26 364
car 0.0019 399 238 419 292
motorbike 0.0155 392 230 409 297
motorbike 0.0145 399 238 419 292
motorbike 0.0032 413 217 440 300
bus 0.9961 65 58 409 313
bus 0.0806 389 171 497 272
bus 0.0059 392 174 445 246
train 0.1143 389 171 497 272
