person 0.0698 141 -32 500 411
person 0.0227 284 51 431 330
person 0.0086 449 19 501 372
person 0.0052 467 0 499 168
person 0.0043 5 -27 338 408
person 0.0031 6 285 117 372
person 0.0025 395 12 497 372
person 0.0017 -1 0 419 238
person 0.0017 -1 -16 125 385
person 0.0017 260 9 476 209
person 0.0014 0 197 19 313
person 0.0011 289 66 382 174
person 0.0011 325 75 475 370
bicycle 0.0011 141 -32 500 411
motorbike 0.0010 19 -43 472 425
bird 0.0017 5 -27 338 408
cat 0.0581 5 -27 338 408
cat 0.0528 5 -1 255 222
cat 0.0353 291 100 410 179
cat 0.0176 271 256 400 372
cat 0.0136 258 51 417 257
cat 0.0034 141 -32 500 411
cat 0.0011 298 294 425 371
cat 0.0011 0 183 19 365
cat 0.0011 260 9 476 209
cat 0.0010 233 282 371 372
dog 0.4681 5 -27 338 408
dog 0.1947 5 -1 255 222
dog 0.0033 91 69 472 376
dog 0.0029 -1 -16 125 385
dog 0.0017 289 66 382 174
dog 0.0012 0 -32 417 191
dog 0.0011 284 51 431 330
sheep 0.0039 5 -27 338 408
chair 0.0247 141 -32 500 411
chair 0.0210 449 51 500 382
chair 0.0191 398 64 491 376
chair 0.0137 5 -27 338 408
chair 0.0048 468 45 499 159
chair 0.0046 0 183 19 365
chair 0.0046 325 75 475 370
chair 0.0037 363 233 449 370
chair 0.0036 284 51 431 330
chair 0.0023 474 127 499 378
chair 0.0018 385 228 451 279
chair 0.0016 452 38 487 281
chair 0.0013 273 234 451 375
chair 0.0011 470 35 500 320
chair 0.0011 386 225 446 251
chair 0.0010 392 237 441 269
chair 0.0010 400 242 453 336
sofa 0.0155 19 -43 472 425
sofa 0.0035 0 183 19 365
sofa 0.0033 199 -19 520 393
sofa 0.0032 -1 0 419 238
sofa 0.0030 449 19 501 372
sofa 0.0023 23 222 474 376
sofa 0.0014 398 64 491 376
diningtable 0.0050 88 -22 473 407
