person 0.0043 296 0 327 18
person 0.0025 248 0 281 18
person 0.0011 227 0 267 24
bicycle 0.5236 43 31 339 387
bicycle 0.1632 91 27 305 251
bicycle 0.0079 80 141 245 430
bicycle 0.0011 192 19 330 242
motorbike 0.2368 48 43 337 444
motorbike 0.0053 80 141 245 430
motorbike 0.0010 95 51 165 166
boat 0.0067 43 31 339 387
bird 0.0038 296 0 327 18
bird 0.0025 96 91 137 119
bird 0.0023 86 61 162 198
bird 0.0011 94 73 145 130
bird 0.0010 190 119 216 209
cow 0.0026 296 0 327 18
bottle 0.0426 193 140 210 188
bottle 0.0357 190 119 216 209
bottle 0.0279 186 134 209 232
bottle 0.0222 202 116 217 175
bottle 0.0174 191 152 211 204
bottle 0.0104 189 133 218 270
bottle 0.0028 181 167 209 271
bottle 0.0024 171 68 213 223
bottle 0.0021 198 54 225 194
bottle 0.0016 188 168 206 230
bottle 0.0014 209 127 256 198
bottle 0.0011 213 142 246 185
bottle 0.0010 184 194 202 247
chair 0.0012 163 23 308 248
pottedplant 0.0048 43 31 339 387
pottedplant 0.0029 3 14 156 332
pottedplant 0.0010 192 14 293 87
diningtable 0.0018 43 31 339 387
