person 0.0495 81 8 491 297
person 0.0460 316 24 500 283
person 0.0020 331 156 497 298
person 0.0019 403 30 494 131
person 0.0016 408 60 490 162
person 0.0014 314 56 412 189
person 0.0013 478 73 500 287
person 0.0013 230 83 412 292
person 0.0012 223 191 362 292
person 0.0010 308 5 500 163
bicycle 0.0018 81 8 491 297
car 0.0131 81 8 491 297
car 0.0015 23 178 93 295
car 0.0012 3 1 105 302
motorbike 0.0018 81 8 491 297
bus 0.0040 81 8 491 297
train 0.0213 81 8 491 297
cat 0.5391 99 174 189 292
cat 0.0241 91 172 199 233
cat 0.0226 316 24 500 283
cat 0.0148 133 173 191 229
cat 0.0112 86 161 121 231
cat 0.0106 44 173 130 279
cat 0.0054 154 167 252 286
cat 0.0039 142 7 503 303
cat 0.0035 108 217 178 292
cat 0.0031 153 180 186 218
cat 0.0014 148 171 189 205
cat 0.0011 223 41 426 274
dog 0.5598 99 174 189 292
dog 0.0544 91 172 199 233
dog 0.0343 154 167 252 286
dog 0.0248 133 173 191 229
dog 0.0203 68 159 270 300
dog 0.0126 86 161 121 231
dog 0.0108 316 24 500 283
dog 0.0077 142 7 503 303
dog 0.0062 44 173 130 279
dog 0.0035 107 150 230 254
dog 0.0032 153 180 186 218
dog 0.0029 176 197 218 280
dog 0.0019 108 217 178 292
dog 0.0016 223 41 426 274
dog 0.0012 32 59 394 317
dog 0.0011 88 163 125 278
horse 0.0014 213 0 497 310
bottle 0.0064 316 24 500 283
bottle 0.0020 351 153 502 299
chair 0.0489 223 191 362 292
chair 0.0426 70 75 277 291
chair 0.0365 20 27 408 286
chair 0.0095 198 84 380 295
chair 0.0084 33 210 72 294
chair 0.0063 86 156 332 302
chair 0.0035 142 7 503 303
chair 0.0033 254 89 485 289
chair 0.0023 23 178 93 295
chair 0.0016 292 78 372 220
chair 0.0015 351 153 502 299
chair 0.0012 -2 206 74 298
sofa 0.2681 32 59 394 317
sofa 0.0920 70 75 277 291
sofa 0.0348 86 156 332 302
sofa 0.0064 139 87 364 289
sofa 0.0038 142 7 503 303
sofa 0.0013 50 39 368 213
sofa 0.0012 230 83 412 292
diningtable 0.0013 223 214 354 296
diningtable 0.0010 222 228 514 299
tvmonitor 0.0014 20 122 76 200
tvmonitor 0.0011 122 2 449 96
tvmonitor 0.0010 194 22 376 83
