person 0.0440 28 10 209 250
person 0.0428 67 396 249 501
person 0.0034 81 400 162 499
person 0.0021 228 385 296 497
person 0.0020 58 296 299 499
person 0.0018 240 393 281 428
person 0.0012 232 473 285 499
person 0.0012 63 2 175 59
person 0.0010 160 392 235 500
bicycle 0.0055 38 2 257 440
bicycle 0.0013 228 385 296 497
bicycle 0.0013 19 203 276 503
car 0.0936 42 138 254 502
car 0.0058 29 -2 256 132
car 0.0047 30 4 191 92
car 0.0019 45 0 161 62
car 0.0010 59 2 222 52
motorbike 0.3591 38 2 257 440
motorbike 0.0504 28 10 209 250
motorbike 0.0015 29 -2 256 132
motorbike 0.0013 228 385 296 497
motorbike 0.0012 19 203 276 503
aeroplane 0.0015 40 48 256 462
train 0.0256 40 48 256 462
boat 0.0103 40 48 256 462
cat 0.0016 67 396 249 501
dog 0.0015 32 8 247 253
bottle 0.0101 232 473 285 499
bottle 0.0055 48 64 247 510
bottle 0.0028 231 407 285 491
chair 0.0035 64 382 301 497
chair 0.0026 274 219 296 261
chair 0.0019 195 70 262 177
chair 0.0019 40 48 256 462
chair 0.0016 234 390 282 482
chair 0.0015 63 2 175 59
chair 0.0014 259 213 298 270
chair 0.0011 213 110 293 232
chair 0.0011 26 395 140 502
chair 0.0010 8 404 85 494
pottedplant 0.0026 38 2 257 440
diningtable 0.0019 22 383 289 498
diningtable 0.0016 83 476 306 499
tvmonitor 0.0044 39 204 259 505
tvmonitor 0.0024 195 70 262 177
