person 0.0511 -3 64 137 379
person 0.0036 16 -19 490 388
person 0.0027 1 81 64 233
person 0.0015 71 1 213 118
person 0.0015 68 9 272 205
person 0.0014 -3 57 68 388
person 0.0013 -21 -20 229 398
cat 0.1815 16 -19 490 388
cat 0.1362 -3 64 137 379
cat 0.0414 71 0 215 120
cat 0.0070 -21 -20 229 398
cat 0.0049 118 235 200 348
cat 0.0031 38 2 240 207
cat 0.0024 61 66 281 370
cat 0.0022 48 12 524 233
cat 0.0016 49 227 222 375
cat 0.0014 -3 57 68 388
cat 0.0013 129 238 453 370
dog 0.3821 16 -19 490 388
dog 0.0025 -3 64 137 379
dog 0.0012 55 1 221 133
cow 0.0013 53 -20 525 387
chair 0.0083 53 -20 525 387
chair 0.0011 -14 -12 303 392
sofa 0.1927 16 -19 490 388
sofa 0.0048 -3 64 137 379
sofa 0.0024 -17 197 443 391
sofa 0.0022 1 0 111 226
sofa 0.0018 1 81 64 233
sofa 0.0014 -21 -20 229 398
