person 0.0044 480 209 499 338
person 0.0022 483 280 500 381
person 0.0021 94 297 187 360
person 0.0019 0 98 17 302
person 0.0016 0 202 28 345
person 0.0015 408 319 498 371
person 0.0014 247 297 345 371
person 0.0013 477 74 500 321
bottle 0.0439 0 134 14 173
bottle 0.0364 31 7 73 41
bottle 0.0314 0 82 26 107
bottle 0.0254 8 28 41 52
bottle 0.0209 12 136 42 168
bottle 0.0147 0 28 28 52
bottle 0.0131 480 209 499 338
bottle 0.0101 345 222 377 248
bottle 0.0087 56 46 77 94
bottle 0.0085 215 218 235 246
bottle 0.0080 -1 93 15 147
bottle 0.0052 370 249 410 341
bottle 0.0036 46 113 78 150
bottle 0.0035 405 319 500 372
bottle 0.0035 484 238 500 304
bottle 0.0030 117 214 145 250
bottle 0.0030 0 81 20 163
bottle 0.0030 486 264 500 323
bottle 0.0019 22 178 382 366
bottle 0.0019 16 10 44 49
bottle 0.0018 126 201 155 236
bottle 0.0018 0 149 13 200
bottle 0.0017 9 75 47 103
bottle 0.0017 119 216 155 285
bottle 0.0013 0 105 17 253
bottle 0.0012 333 249 372 330
bottle 0.0011 372 240 404 279
bottle 0.0011 197 177 233 245
bottle 0.0010 483 247 499 378
bottle 0.0010 0 125 22 193
bottle 0.0010 0 8 25 50
chair 0.9908 77 113 180 209
chair 0.9829 240 148 346 218
chair 0.9731 351 183 472 275
chair 0.1037 480 209 499 338
chair 0.0763 0 218 31 371
chair 0.0348 0 287 40 371
chair 0.0299 0 193 25 314
chair 0.0224 347 211 459 301
chair 0.0181 484 238 500 304
chair 0.0166 358 183 503 355
chair 0.0162 73 128 109 223
chair 0.0153 308 148 351 219
chair 0.0140 387 249 503 359
chair 0.0125 0 248 24 299
chair 0.0113 271 198 486 267
chair 0.0110 62 124 192 257
chair 0.0100 366 235 419 281
chair 0.0083 2 145 112 374
chair 0.0069 321 163 500 292
chair 0.0068 1 148 90 289
chair 0.0057 269 203 373 270
chair 0.0057 323 -4 500 211
chair 0.0056 486 264 500 323
chair 0.0049 281 151 429 239
chair 0.0049 83 211 124 231
chair 0.0048 84 157 260 225
chair 0.0044 187 100 220 132
chair 0.0043 415 263 478 318
chair 0.0038 144 117 181 202
chair 0.0037 75 166 172 267
chair 0.0037 45 230 147 285
chair 0.0037 -1 193 51 354
chair 0.0034 405 319 500 372
chair 0.0031 381 247 436 298
chair 0.0030 396 182 496 282
chair 0.0026 235 169 356 254
chair 0.0025 240 150 286 203
chair 0.0025 479 103 499 329
chair 0.0025 0 266 21 311
chair 0.0024 361 184 426 247
chair 0.0024 298 226 459 283
chair 0.0023 249 154 305 238
chair 0.0022 0 336 30 375
chair 0.0021 483 247 499 378
chair 0.0021 22 138 180 313
chair 0.0020 448 0 501 361
chair 0.0020 265 157 292 201
chair 0.0020 46 113 78 150
chair 0.0019 468 6 499 194
chair 0.0019 371 29 502 329
chair 0.0017 6 260 103 369
chair 0.0016 0 226 16 291
chair 0.0016 443 200 501 336
chair 0.0015 398 255 431 290
chair 0.0013 488 198 500 277
chair 0.0013 448 187 491 285
chair 0.0013 257 118 476 275
chair 0.0012 156 139 255 218
chair 0.0012 302 173 335 216
chair 0.0011 279 156 312 201
chair 0.0010 351 222 382 248
sofa 0.0013 -1 289 36 370
pottedplant 0.0015 46 111 78 145
diningtable 0.7002 49 194 530 357
diningtable 0.1469 225 235 493 367
diningtable 0.0464 26 172 255 369
diningtable 0.0192 387 249 503 359
diningtable 0.0153 103 184 250 262
diningtable 0.0146 281 294 452 372
diningtable 0.0131 271 198 486 267
diningtable 0.0127 269 203 373 270
diningtable 0.0110 235 180 354 252
diningtable 0.0109 174 191 329 263
diningtable 0.0095 354 246 429 346
diningtable 0.0081 262 179 449 250
diningtable 0.0076 306 251 365 372
diningtable 0.0065 304 193 510 346
diningtable 0.0061 257 284 338 370
diningtable 0.0057 -1 289 36 370
diningtable 0.0041 273 222 434 281
diningtable 0.0041 84 157 260 225
diningtable 0.0037 72 172 181 262
diningtable 0.0035 86 192 199 281
diningtable 0.0031 73 41 505 336
diningtable 0.0029 405 319 500 372
diningtable 0.0028 175 292 306 372
diningtable 0.0027 131 223 373 364
diningtable 0.0025 227 334 343 373
diningtable 0.0025 349 242 439 302
diningtable 0.0024 71 144 208 242
diningtable 0.0022 178 169 479 290
diningtable 0.0022 281 217 352 261
diningtable 0.0019 57 272 371 377
diningtable 0.0019 193 222 320 290
diningtable 0.0017 340 209 375 235
diningtable 0.0015 351 222 382 248
diningtable 0.0013 252 197 303 243
diningtable 0.0012 301 234 427 303
diningtable 0.0011 323 -4 500 211
diningtable 0.0011 243 216 359 286
diningtable 0.0011 480 209 499 338
diningtable 0.0010 145 194 195 240
diningtable 0.0010 314 213 354 229
diningtable 0.0010 195 276 281 340
diningtable 0.0010 335 183 466 261
tvmonitor 0.0187 323 -4 500 211
