person 0.0047 212 83 498 381
person 0.0023 201 224 235 251
person 0.0020 87 259 114 286
bird 0.0035 201 224 235 251
bird 0.0030 192 341 253 372
cat 0.7985 146 90 502 376
cat 0.0190 10 65 352 375
cat 0.0122 86 88 343 289
cat 0.0110 226 81 492 239
cat 0.0021 201 224 235 251
cat 0.0019 314 163 502 371
cat 0.0010 192 341 253 372
cat 0.0010 192 85 381 271
dog 0.0310 212 83 498 381
dog 0.0038 10 65 352 375
dog 0.0011 64 156 518 363
sheep 0.0220 212 83 498 381
sheep 0.0162 314 163 502 371
sheep 0.0029 192 341 253 372
sheep 0.0020 168 313 403 370
sheep 0.0013 349 93 504 275
cow 0.0014 212 83 498 381
chair 0.0116 24 59 411 380
chair 0.0048 212 83 498 381
sofa 0.2691 66 75 516 385
sofa 0.0053 316 90 504 369
sofa 0.0037 221 83 494 290
sofa 0.0017 -1 23 422 294
sofa 0.0010 3 115 255 331
diningtable 0.0019 60 71 452 380
