person 0.8735 460 171 483 245
person 0.2810 361 183 390 249
person 0.0897 127 103 157 136
person 0.0759 321 144 346 168
person 0.0562 366 178 389 211
person 0.0296 98 97 153 143
person 0.0276 0 195 14 235
person 0.0179 343 145 373 171
person 0.0145 355 145 386 168
person 0.0126 385 143 403 178
person 0.0084 363 170 386 195
person 0.0063 379 180 401 215
person 0.0056 363 210 387 249
person 0.0047 107 88 148 119
person 0.0029 127 89 159 118
person 0.0027 0 211 17 250
person 0.0026 51 103 82 143
person 0.0025 121 121 158 145
person 0.0018 396 156 429 192
person 0.0018 0 189 20 280
person 0.0017 0 161 12 235
person 0.0016 402 179 436 216
person 0.0016 84 103 130 140
person 0.0014 316 130 353 158
person 0.0013 45 84 166 153
person 0.0010 418 177 444 215
person 0.0010 50 128 82 150
bicycle 0.0012 462 180 481 243
car 0.0135 418 177 444 215
car 0.0103 459 176 482 227
car 0.0040 439 179 466 206
car 0.0019 0 195 14 235
car 0.0017 474 177 499 213
car 0.0012 50 128 82 150
bus 0.8347 309 115 438 240
bus 0.1360 445 156 500 204
bus 0.0515 459 165 489 241
bus 0.0514 384 148 442 214
bus 0.0250 468 157 500 199
bus 0.0185 440 161 466 198
bus 0.0075 462 157 501 229
bus 0.0045 418 177 444 215
bus 0.0044 416 167 448 197
bus 0.0033 474 177 499 213
bus 0.0033 433 157 505 238
bus 0.0030 396 156 429 192
bus 0.0018 439 179 466 206
bus 0.0015 376 140 415 210
bus 0.0014 365 111 451 219
bus 0.0013 475 150 499 175
bus 0.0012 30 35 266 285
train 0.0196 445 156 500 204
train 0.0074 468 157 500 199
train 0.0021 462 157 501 229
train 0.0021 0 117 43 242
train 0.0015 459 165 489 241
train 0.0012 0 113 21 246
boat 0.0011 445 156 500 204
