cat 0.9254 86 53 416 234
cat 0.0782 59 29 515 334
cat 0.0352 104 40 267 232
cat 0.0062 224 71 496 228
dog 0.0965 58 29 516 274
dog 0.0406 167 78 492 230
dog 0.0010 42 145 530 376
sheep 0.0018 44 210 527 375
chair 0.1790 58 29 516 274
chair 0.0407 238 -3 495 172
chair 0.0028 57 -31 444 201
chair 0.0021 -9 52 435 386
chair 0.0011 224 71 496 228
sofa 0.0782 59 29 515 334
sofa 0.0162 76 1 426 238
sofa 0.0146 238 -3 495 172
sofa 0.0094 -12 -31 378 317
sofa 0.0030 15 148 482 377
sofa 0.0024 167 78 492 230
diningtable 0.0096 59 29 515 334
diningtable 0.0035 44 210 527 375
