person 0.0550 159 122 354 234
person 0.0172 142 113 506 252
person 0.0110 194 135 218 168
person 0.0079 11 38 496 273
person 0.0065 0 7 104 89
person 0.0055 140 71 497 369
car 0.0017 9 78 491 372
cat 0.0120 185 132 337 232
cat 0.0037 194 133 248 188
cat 0.0010 0 7 104 89
dog 0.9630 179 137 335 235
dog 0.0109 194 133 248 188
dog 0.0093 219 220 289 241
dog 0.0032 66 112 356 244
dog 0.0021 142 113 506 252
dog 0.0021 155 120 281 191
dog 0.0020 216 184 335 242
dog 0.0011 107 154 399 276
chair 0.0082 -3 12 105 99
sofa 0.0074 28 59 479 322
sofa 0.0048 0 7 104 89
