person 0.0093 331 100 352 126
person 0.0084 279 203 320 227
person 0.0077 256 180 290 204
person 0.0057 417 183 443 210
person 0.0038 275 199 296 225
person 0.0030 204 359 248 376
person 0.0024 330 83 357 121
person 0.0022 293 204 331 228
person 0.0019 107 67 134 86
bicycle 0.0011 201 0 249 14
car 0.0049 39 71 91 91
car 0.0039 0 66 54 90
car 0.0033 0 61 22 93
car 0.0023 330 83 357 121
car 0.0018 270 181 331 200
car 0.0011 4 287 421 373
car 0.0011 -21 218 443 375
motorbike 0.0018 330 83 357 121
aeroplane 0.3711 56 58 508 226
aeroplane 0.1479 0 21 174 95
aeroplane 0.0594 -23 -7 282 94
aeroplane 0.0305 0 33 61 90
aeroplane 0.0204 0 66 54 90
aeroplane 0.0198 1 51 57 78
aeroplane 0.0108 39 71 91 91
aeroplane 0.0100 0 44 21 88
aeroplane 0.0088 205 142 515 216
aeroplane 0.0082 -22 -4 188 60
aeroplane 0.0081 -10 -44 433 205
aeroplane 0.0044 52 91 518 352
aeroplane 0.0043 30 33 328 197
aeroplane 0.0029 31 67 76 89
aeroplane 0.0023 -19 -7 193 26
aeroplane 0.0020 0 38 25 121
aeroplane 0.0017 280 67 508 224
aeroplane 0.0016 70 150 407 204
aeroplane 0.0016 0 25 19 64
aeroplane 0.0015 113 165 366 223
aeroplane 0.0015 -19 22 219 182
aeroplane 0.0014 1 37 100 119
aeroplane 0.0012 107 67 134 86
aeroplane 0.0011 39 125 403 192
aeroplane 0.0010 23 55 64 77
aeroplane 0.0010 0 -6 24 98
bus 0.0037 333 81 364 120
bus 0.0028 0 21 174 95
chair 0.0038 395 313 502 371
chair 0.0033 333 81 364 120
chair 0.0015 479 259 500 365
chair 0.0013 435 297 461 333
chair 0.0012 483 285 500 336
chair 0.0010 442 277 498 344
diningtable 0.0042 401 332 503 375
