person 0.0175 254 277 331 431
person 0.0039 -10 -5 345 425
person 0.0023 127 282 332 440
person 0.0015 277 357 332 434
car 0.0036 0 396 332 502
bird 0.0483 259 276 332 427
bird 0.0057 130 267 329 417
cat 0.4879 108 283 328 426
cat 0.0090 -4 196 338 453
cat 0.0080 254 277 331 431
cat 0.0012 -10 -5 345 425
cat 0.0011 0 396 332 502
cat 0.0011 120 282 229 398
cat 0.0010 124 320 338 394
dog 0.0032 127 282 332 440
dog 0.0027 259 276 332 427
dog 0.0010 0 396 332 502
horse 0.0022 259 276 332 427
cow 0.0017 259 276 332 427
chair 0.0084 0 396 332 502
chair 0.0059 253 279 333 393
chair 0.0013 -4 196 338 453
sofa 0.0186 0 396 332 502
sofa 0.0027 -4 196 338 453
sofa 0.0017 -31 332 370 488
sofa 0.0012 -10 -5 345 425
diningtable 0.0032 0 396 332 502
diningtable 0.0020 -10 -5 345 425
tvmonitor 0.0019 -14 112 346 465
