person 0.0017 119 61 453 265
person 0.0015 104 48 150 77
person 0.0014 239 0 274 15
person 0.0011 263 -1 299 15
bicycle 0.0890 -11 37 433 289
bicycle 0.0071 2 23 339 152
car 0.6611 0 30 171 153
car 0.2929 136 11 507 117
car 0.0992 5 41 164 85
car 0.0611 144 1 269 33
car 0.0246 2 23 339 152
car 0.0195 -5 69 125 156
car 0.0174 430 76 476 95
car 0.0128 267 38 456 119
car 0.0108 190 0 258 17
car 0.0077 0 66 60 134
car 0.0071 169 2 241 18
car 0.0065 165 10 233 31
car 0.0063 -2 19 72 144
car 0.0063 0 25 20 137
car 0.0050 -27 -10 454 208
car 0.0049 21 43 224 127
car 0.0041 145 10 176 35
car 0.0036 50 38 114 53
car 0.0029 0 51 16 108
car 0.0028 8 25 160 70
car 0.0028 148 1 212 19
car 0.0026 39 37 246 90
car 0.0022 382 15 487 100
car 0.0020 149 29 189 48
car 0.0019 122 3 445 37
car 0.0018 -1 25 105 106
car 0.0017 117 51 460 225
car 0.0017 239 0 274 15
car 0.0016 3 66 50 95
car 0.0015 148 12 256 73
car 0.0014 12 40 257 223
car 0.0014 407 69 461 100
car 0.0013 151 38 282 128
car 0.0012 80 37 135 51
car 0.0011 388 46 474 113
car 0.0010 0 66 13 134
motorbike 0.6785 35 46 467 280
motorbike 0.0229 23 66 177 255
motorbike 0.0023 41 147 142 244
motorbike 0.0023 12 40 257 223
aeroplane 0.0012 -11 37 433 289
bus 0.0534 136 11 507 117
bus 0.0131 -27 14 452 269
bus 0.0091 2 23 339 152
bus 0.0072 -19 -29 438 143
bus 0.0070 0 30 171 153
bus 0.0048 144 1 269 33
bus 0.0014 -5 29 137 92
bus 0.0012 98 -11 491 201
train 0.0023 136 11 507 117
train 0.0011 -10 6 353 114
boat 0.0137 144 1 269 33
boat 0.0060 430 76 476 95
boat 0.0053 169 2 241 18
boat 0.0052 206 0 269 16
boat 0.0035 220 10 481 120
boat 0.0033 148 1 212 19
boat 0.0021 -19 -29 438 143
boat 0.0012 387 41 476 116
