person 0.0269 317 127 346 151
person 0.0070 263 171 290 191
person 0.0047 296 133 347 153
person 0.0047 86 220 125 240
person 0.0046 281 146 351 175
person 0.0028 55 204 108 229
person 0.0026 1 155 20 207
person 0.0023 209 158 268 185
person 0.0021 0 152 18 356
person 0.0020 86 206 117 238
person 0.0017 1 137 65 210
person 0.0017 201 149 244 176
person 0.0016 227 143 289 170
person 0.0016 59 185 222 255
person 0.0016 126 107 157 137
person 0.0015 339 164 372 192
person 0.0015 85 66 486 323
person 0.0014 123 188 168 211
person 0.0010 237 160 285 188
person 0.0010 -1 130 22 222
car 0.6109 8 77 323 361
car 0.5915 200 132 453 296
car 0.1165 93 109 486 327
car 0.0883 478 175 499 214
car 0.0731 0 123 65 351
car 0.0651 -2 126 66 237
car 0.0650 450 165 499 222
car 0.0562 227 139 362 188
car 0.0532 277 145 351 185
car 0.0337 473 161 499 235
car 0.0284 323 82 489 292
car 0.0254 448 175 501 258
car 0.0205 244 137 314 151
car 0.0177 450 181 501 209
car 0.0143 15 71 266 221
car 0.0138 59 185 222 255
car 0.0124 342 165 473 213
car 0.0117 482 186 500 240
car 0.0093 147 217 290 305
car 0.0088 428 190 469 206
car 0.0083 120 183 304 349
car 0.0080 296 133 347 153
car 0.0057 0 152 18 356
car 0.0055 394 162 495 225
car 0.0054 123 188 168 211
car 0.0052 476 162 498 203
car 0.0051 -2 165 102 273
car 0.0036 -1 64 112 321
car 0.0031 342 78 483 196
car 0.0030 247 140 425 204
car 0.0030 185 140 294 188
car 0.0026 115 68 199 91
car 0.0022 452 159 496 199
car 0.0022 312 142 358 166
car 0.0022 100 188 158 215
car 0.0022 487 205 500 264
car 0.0021 439 138 500 241
car 0.0021 383 171 493 272
car 0.0020 479 185 500 281
car 0.0018 263 171 290 191
car 0.0018 -5 112 101 210
car 0.0017 -6 128 69 148
car 0.0016 232 115 358 170
car 0.0016 227 143 289 170
car 0.0012 432 163 475 197
car 0.0012 250 140 302 166
car 0.0011 277 145 327 170
car 0.0010 1 173 205 350
car 0.0010 66 165 206 226
car 0.0010 399 188 465 206
motorbike 0.0079 8 77 323 361
motorbike 0.0010 59 185 222 255
aeroplane 0.0021 2 59 342 340
bus 0.0268 8 77 323 361
bus 0.0039 0 132 71 218
bus 0.0016 15 71 266 221
train 0.0028 4 77 280 361
boat 0.0069 8 77 323 361
pottedplant 0.0016 437 70 503 212
pottedplant 0.0010 469 68 500 211
