person 0.9435 314 82 478 348
person 0.8794 0 73 171 384
person 0.7908 131 72 348 373
person 0.0095 328 140 355 181
person 0.0068 320 92 359 182
person 0.0057 59 221 98 359
person 0.0037 78 129 490 381
person 0.0036 148 67 339 226
person 0.0021 298 282 480 373
person 0.0015 53 129 72 160
person 0.0015 132 308 289 373
person 0.0014 0 130 53 183
person 0.0012 218 87 442 356
person 0.0012 0 132 19 306
person 0.0012 131 147 151 199
person 0.0010 117 324 196 374
bottle 0.0266 476 273 500 342
bottle 0.0067 399 284 452 368
bottle 0.0027 475 199 499 352
bottle 0.0020 59 221 98 359
chair 0.1966 302 293 437 371
chair 0.0326 369 76 451 175
chair 0.0204 294 245 340 308
chair 0.0102 277 258 392 361
chair 0.0099 315 243 362 309
chair 0.0077 475 110 499 287
chair 0.0075 4 126 173 385
chair 0.0071 314 82 478 348
chair 0.0063 454 78 486 166
chair 0.0057 299 273 333 304
chair 0.0054 407 87 451 178
chair 0.0042 474 168 500 341
chair 0.0041 174 244 479 368
chair 0.0033 78 129 490 381
chair 0.0031 304 277 362 341
chair 0.0030 454 76 494 240
chair 0.0029 440 78 472 168
chair 0.0026 394 74 477 205
chair 0.0026 379 66 490 309
chair 0.0025 321 248 349 298
chair 0.0022 318 275 354 310
chair 0.0022 340 272 478 361
chair 0.0020 307 69 425 170
chair 0.0017 272 29 468 186
chair 0.0016 54 80 154 204
chair 0.0015 477 43 500 236
chair 0.0014 206 294 350 369
chair 0.0014 106 22 253 197
chair 0.0012 128 45 218 184
chair 0.0012 445 55 501 311
chair 0.0012 291 237 377 314
chair 0.0011 481 225 499 283
chair 0.0011 48 216 136 371
chair 0.0011 294 298 345 368
chair 0.0011 322 257 385 318
chair 0.0011 457 137 497 293
chair 0.0011 286 315 492 374
chair 0.0010 451 183 489 319
chair 0.0010 6 25 170 201
sofa 0.0319 64 120 431 386
sofa 0.0139 4 126 173 385
sofa 0.0025 -8 221 445 369
sofa 0.0022 130 72 321 378
sofa 0.0022 316 77 476 314
sofa 0.0016 0 302 106 375
sofa 0.0014 192 175 465 362
diningtable 0.3879 313 285 485 373
diningtable 0.0075 382 282 516 370
diningtable 0.0041 365 279 466 360
diningtable 0.0034 399 284 452 368
diningtable 0.0027 353 316 513 377
diningtable 0.0024 301 295 408 370
diningtable 0.0012 335 241 528 367
