person 0.9581 6 203 161 332
person 0.6400 177 51 254 287
person 0.2971 174 52 245 156
person 0.1155 355 80 387 152
person 0.0374 36 211 138 299
person 0.0208 5 263 160 324
person 0.0202 458 162 475 222
person 0.0107 260 75 280 109
person 0.0103 344 62 381 145
person 0.0068 328 79 405 178
person 0.0067 455 151 488 240
person 0.0062 350 91 375 142
person 0.0059 475 154 498 270
person 0.0057 441 173 469 264
person 0.0055 360 76 380 135
person 0.0039 477 184 499 320
person 0.0038 55 208 105 264
person 0.0037 55 7 454 327
person 0.0036 448 187 486 269
person 0.0035 225 51 244 98
person 0.0034 217 48 250 189
person 0.0030 483 203 500 263
person 0.0029 306 58 328 95
person 0.0028 216 67 278 261
person 0.0023 101 233 121 277
person 0.0023 51 255 111 279
person 0.0022 477 163 492 227
person 0.0019 202 85 247 183
person 0.0019 195 52 244 108
person 0.0018 459 190 480 237
person 0.0018 123 63 165 131
person 0.0017 482 183 499 246
person 0.0014 187 56 213 90
person 0.0014 54 233 109 302
person 0.0013 360 76 442 164
person 0.0013 255 66 277 105
person 0.0013 207 55 240 97
person 0.0012 482 247 499 301
person 0.0011 444 174 461 224
person 0.0011 0 177 16 328
person 0.0011 369 58 403 149
person 0.0011 0 238 12 305
person 0.0011 460 209 484 259
person 0.0011 172 109 224 198
person 0.0010 363 58 385 98
person 0.0010 54 242 78 272
person 0.0010 256 63 287 138
car 0.0012 -4 114 212 309
aeroplane 0.0019 55 7 454 327
bus 0.0083 55 7 454 327
bus 0.0058 -4 114 212 309
bus 0.0015 2 -8 421 204
train 0.4960 91 0 487 320
train 0.0019 -5 182 192 327
train 0.0015 2 -8 421 204
boat 0.0016 21 17 409 321
horse 0.0031 449 166 490 262
horse 0.0027 439 116 502 276
horse 0.0024 477 154 499 309
chair 0.0036 18 283 152 330
chair 0.0016 11 208 156 335
pottedplant 0.0011 -1 3 64 112
tvmonitor 0.0075 20 -25 408 297
tvmonitor 0.0013 357 33 449 152
