person 0.2044 46 135 70 177
person 0.1380 143 73 179 100
person 0.0772 42 129 81 185
person 0.0742 18 126 62 194
person 0.0569 9 106 44 184
person 0.0557 149 76 202 101
person 0.0458 179 77 221 99
person 0.0304 255 68 298 96
person 0.0128 216 77 255 98
person 0.0125 30 142 61 186
person 0.0114 15 138 42 185
person 0.0113 30 123 57 168
person 0.0104 270 69 310 94
person 0.0094 153 186 190 214
person 0.0083 139 175 191 216
person 0.0068 60 127 94 166
person 0.0058 265 71 320 133
person 0.0057 233 74 275 101
person 0.0056 6 89 91 198
person 0.0050 215 151 244 177
person 0.0037 18 160 42 200
person 0.0035 18 95 66 162
person 0.0034 253 130 302 156
person 0.0033 245 97 306 156
person 0.0030 96 62 134 159
person 0.0030 302 150 332 185
person 0.0030 290 73 326 97
person 0.0028 16 153 62 205
person 0.0028 299 162 333 193
person 0.0027 289 75 334 133
person 0.0027 315 148 336 181
person 0.0022 7 137 42 221
person 0.0020 226 66 289 107
person 0.0020 244 121 304 170
person 0.0020 33 100 92 159
person 0.0018 26 109 58 147
person 0.0018 253 153 285 180
person 0.0018 61 141 91 180
person 0.0017 152 95 203 118
person 0.0016 227 73 324 175
person 0.0016 56 90 100 162
person 0.0015 253 114 295 141
person 0.0015 7 64 40 147
person 0.0015 105 58 132 82
person 0.0015 257 84 292 118
person 0.0014 17 73 64 137
person 0.0014 137 149 252 205
person 0.0014 275 84 316 118
person 0.0014 124 146 156 176
person 0.0013 261 79 348 183
person 0.0013 23 88 60 119
person 0.0012 62 71 100 102
person 0.0012 14 80 38 126
person 0.0012 12 107 38 147
person 0.0012 14 142 135 210
person 0.0011 140 69 183 137
person 0.0011 22 68 60 94
person 0.0011 278 153 306 179
person 0.0011 236 86 272 115
person 0.0010 303 128 330 167
bicycle 0.0015 153 186 190 214
bicycle 0.0014 139 175 191 216
car 0.0217 355 186 374 213
car 0.0053 -19 96 388 476
bus 0.0792 -9 28 373 335
bus 0.0596 21 38 343 214
bus 0.0085 -10 97 333 474
bus 0.0073 355 186 374 213
bus 0.0016 3 36 85 387
train 0.0013 21 38 343 214
boat 0.0013 2 25 371 396
bottle 0.0040 2 25 371 396
bottle 0.0015 46 135 70 177
chair 0.0252 255 185 326 208
chair 0.0230 215 151 244 177
chair 0.0106 242 156 275 180
chair 0.0071 278 153 306 179
chair 0.0043 253 153 285 180
chair 0.0037 264 175 322 200
chair 0.0033 255 169 287 199
chair 0.0021 271 130 306 160
diningtable 0.0050 2 25 371 396
diningtable 0.0014 -39 280 400 513
tvmonitor 0.0101 -9 28 373 335
