person 0.0207 415 81 446 117
person 0.0119 372 77 420 107
person 0.0083 389 80 430 112
person 0.0071 379 72 439 118
person 0.0051 314 53 358 103
person 0.0050 273 47 449 125
person 0.0040 453 66 496 139
person 0.0024 416 71 448 101
person 0.0021 409 58 453 116
person 0.0020 272 55 328 99
person 0.0018 259 60 304 90
person 0.0016 -7 77 506 309
person 0.0015 395 51 495 140
person 0.0014 361 70 398 103
person 0.0013 424 61 480 133
person 0.0012 476 159 500 304
person 0.0011 350 58 405 105
person 0.0010 279 53 318 79
car 0.6819 42 37 531 315
car 0.0287 273 47 449 125
car 0.0026 415 81 446 117
car 0.0013 372 77 420 107
car 0.0012 389 80 430 112
motorbike 0.3156 -27 34 458 313
aeroplane 0.0170 -13 36 515 315
bus 0.0167 -27 34 458 313
train 0.0036 -27 34 458 313
boat 0.0024 36 231 253 302
boat 0.0020 -27 34 458 313
boat 0.0010 48 244 354 325
dog 0.0022 273 47 449 125
