person 0.0172 222 156 366 251
person 0.0070 281 151 390 207
person 0.0042 263 156 411 228
person 0.0040 126 152 451 264
person 0.0012 54 107 521 309
car 0.0596 60 152 517 322
car 0.0556 223 147 495 276
car 0.0445 283 158 439 244
car 0.0261 -43 244 463 325
car 0.0111 106 197 233 261
car 0.0098 405 170 497 265
car 0.0075 222 196 449 267
car 0.0044 396 197 482 277
car 0.0041 281 151 390 207
car 0.0040 3 181 365 307
car 0.0037 3 220 62 248
car 0.0033 432 171 481 192
car 0.0032 26 152 402 269
car 0.0019 40 201 145 265
car 0.0018 22 214 65 243
car 0.0018 432 174 474 206
car 0.0012 433 174 497 222
motorbike 0.0128 -10 96 508 317
motorbike 0.0059 177 143 475 277
aeroplane 0.0135 -10 96 508 317
aeroplane 0.0026 26 152 402 269
bus 0.0018 -31 154 457 324
train 0.0061 54 107 521 309
train 0.0034 223 147 495 276
train 0.0016 405 170 497 265
train 0.0011 280 151 440 213
boat 0.0070 60 152 517 322
boat 0.0018 126 152 451 264
bottle 0.0011 223 147 495 276
bottle 0.0011 283 158 439 244
chair 0.0035 59 243 510 328
diningtable 0.0034 54 107 521 309
diningtable 0.0012 59 243 510 328
tvmonitor 0.0049 60 152 517 322
