person 0.4093 115 25 208 173
person 0.1433 105 41 465 332
person 0.0503 119 20 239 334
person 0.0280 151 111 430 260
person 0.0079 394 209 423 237
person 0.0017 291 202 437 257
person 0.0014 95 35 412 199
bird 0.4767 115 25 208 173
bird 0.0552 151 111 430 260
bird 0.0435 394 209 423 237
bird 0.0306 119 20 239 334
bird 0.0256 181 123 319 178
bird 0.0120 184 135 315 217
bird 0.0119 105 41 465 332
bird 0.0078 95 35 412 199
bird 0.0074 163 124 399 195
bird 0.0031 114 25 206 73
bird 0.0016 171 123 391 160
bird 0.0015 135 120 270 203
bird 0.0013 133 69 222 208
bird 0.0011 392 209 434 262
