person 0.0746 0 256 20 333
person 0.0069 70 -27 297 456
person 0.0038 0 293 20 336
person 0.0033 283 360 374 497
person 0.0024 40 264 78 339
person 0.0015 276 239 310 430
person 0.0013 -3 249 85 492
bicycle 0.0014 288 370 373 494
bicycle 0.0010 232 193 266 240
car 0.0343 40 264 78 339
car 0.0039 0 293 20 336
car 0.0034 235 283 260 321
car 0.0026 288 370 373 494
car 0.0025 43 264 75 302
car 0.0014 0 304 39 334
car 0.0010 -1 263 40 362
bus 0.0025 66 6 302 494
bird 0.0029 231 190 267 241
bird 0.0012 229 281 258 320
bottle 0.0578 66 6 302 494
bottle 0.0054 1 341 37 489
bottle 0.0014 41 352 79 443
bottle 0.0010 1 339 80 494
chair 0.0063 288 370 373 494
chair 0.0027 40 264 78 339
chair 0.0011 2 331 82 496
diningtable 0.0010 70 -27 297 456
