person 0.3169 369 -1 497 155
person 0.0525 -8 -1 214 153
person 0.0398 -1 5 138 213
person 0.0363 0 30 57 201
person 0.0117 0 12 55 357
person 0.0075 1 -2 124 119
person 0.0065 5 37 163 345
person 0.0061 63 12 434 376
person 0.0060 237 -4 496 153
person 0.0050 47 60 246 143
person 0.0049 105 2 214 41
person 0.0048 -4 258 140 372
person 0.0040 71 -2 218 57
person 0.0032 0 43 25 230
person 0.0029 235 134 330 241
person 0.0027 0 137 24 299
person 0.0024 232 174 318 290
person 0.0023 0 149 139 369
person 0.0016 158 0 427 126
person 0.0013 29 34 245 190
person 0.0013 263 -31 525 404
person 0.0012 268 148 330 206
car 0.0170 63 12 434 376
car 0.0035 159 189 284 312
car 0.0016 7 129 156 323
car 0.0016 109 120 315 319
car 0.0015 96 -2 404 136
motorbike 0.0042 63 12 434 376
aeroplane 0.0010 61 -3 508 389
bird 0.0010 192 254 255 307
bottle 0.0486 271 200 322 276
bottle 0.0220 209 169 311 300
bottle 0.0151 301 206 324 254
bottle 0.0140 258 179 328 295
bottle 0.0105 235 134 330 241
bottle 0.0083 294 202 329 271
bottle 0.0066 290 212 318 258
bottle 0.0064 221 114 254 154
bottle 0.0051 369 -1 497 155
bottle 0.0046 109 120 315 319
bottle 0.0042 44 60 387 381
bottle 0.0030 264 160 326 226
bottle 0.0024 343 210 374 370
bottle 0.0024 1 -2 124 119
bottle 0.0020 299 195 374 359
bottle 0.0019 368 191 459 289
bottle 0.0017 286 199 318 239
bottle 0.0017 0 170 20 218
bottle 0.0015 297 186 332 251
bottle 0.0012 295 157 335 229
bottle 0.0010 0 30 57 201
bottle 0.0010 255 171 310 220
bottle 0.0010 0 149 26 248
bottle 0.0010 156 306 332 375
chair 0.0594 283 205 374 350
chair 0.0333 444 292 499 371
chair 0.0031 239 192 327 315
chair 0.0031 37 9 392 377
chair 0.0029 384 288 500 372
chair 0.0018 96 -2 404 136
chair 0.0017 5 37 163 345
chair 0.0015 371 0 498 301
sofa 0.0016 5 37 163 345
sofa 0.0011 17 -3 246 141
diningtable 0.1839 61 -3 508 389
diningtable 0.0129 7 129 156 323
diningtable 0.0072 158 0 427 126
diningtable 0.0059 379 92 496 354
diningtable 0.0034 69 137 429 374
diningtable 0.0023 47 60 246 143
diningtable 0.0022 370 213 500 376
diningtable 0.0017 95 -46 480 206
diningtable 0.0015 209 2 351 83
diningtable 0.0010 384 288 500 372
