person 0.0206 318 115 345 158
person 0.0174 132 158 155 188
person 0.0155 82 144 101 174
person 0.0121 298 111 346 165
person 0.0118 302 117 334 155
person 0.0088 122 157 141 183
person 0.0063 481 174 499 206
person 0.0050 146 159 172 189
person 0.0049 201 154 240 184
person 0.0045 186 156 227 185
person 0.0041 87 151 112 178
person 0.0032 319 110 339 142
person 0.0031 91 157 116 181
person 0.0027 181 152 231 170
person 0.0023 417 156 437 191
person 0.0020 379 158 407 191
person 0.0019 78 154 97 192
person 0.0017 317 138 351 164
person 0.0016 40 179 67 203
person 0.0015 339 126 381 187
person 0.0015 313 121 353 187
person 0.0015 303 139 335 169
person 0.0013 172 152 241 194
person 0.0013 353 130 375 156
person 0.0012 0 166 25 193
person 0.0012 162 208 206 266
person 0.0011 45 166 78 194
person 0.0011 163 159 194 189
person 0.0010 115 145 137 180
person 0.0010 350 130 373 179
bicycle 0.8326 118 126 447 307
bicycle 0.0163 281 122 430 309
bicycle 0.0018 92 150 282 318
car 0.0171 6 167 42 190
car 0.0143 40 179 67 203
car 0.0108 379 158 407 191
car 0.0049 445 167 496 188
car 0.0043 475 134 500 177
car 0.0037 365 161 396 189
car 0.0035 417 156 437 191
car 0.0031 0 166 25 193
car 0.0029 41 164 67 195
car 0.0027 476 162 500 196
car 0.0024 5 180 42 200
car 0.0022 448 124 501 181
car 0.0014 0 178 26 198
car 0.0013 455 138 486 177
car 0.0011 394 156 426 191
car 0.0011 186 156 227 185
car 0.0011 181 152 231 170
car 0.0010 481 174 499 206
motorbike 0.0015 99 135 419 326
aeroplane 0.0032 447 110 499 175
aeroplane 0.0023 471 99 499 181
bus 0.0082 6 167 42 190
bus 0.0026 379 158 407 191
bus 0.0012 0 166 25 193
boat 0.0032 197 154 244 172
boat 0.0014 298 111 346 165
boat 0.0013 22 1 402 256
boat 0.0012 167 45 248 157
cat 0.0015 164 231 193 268
horse 0.0025 481 174 499 206
horse 0.0014 476 162 500 196
horse 0.0010 472 134 500 210
cow 0.0017 476 162 500 196
bottle 0.0029 240 243 278 270
bottle 0.0015 262 187 301 249
