person 0.0245 81 -4 495 327
person 0.0210 0 -2 15 44
person 0.0070 0 11 20 107
person 0.0060 0 9 13 67
person 0.0031 0 32 15 93
person 0.0023 -2 49 53 112
person 0.0020 128 11 357 223
person 0.0019 1 -3 59 111
person 0.0013 -1 50 24 145
person 0.0011 486 47 500 108
car 0.5431 0 79 64 189
car 0.1523 37 0 175 76
car 0.0811 -1 80 63 127
car 0.0173 -2 49 53 112
car 0.0106 0 36 22 121
car 0.0085 23 0 228 113
car 0.0077 -1 96 91 215
car 0.0077 -1 81 25 162
car 0.0073 0 94 20 139
car 0.0046 -2 19 68 145
car 0.0040 0 81 22 121
car 0.0032 81 -4 495 327
car 0.0031 8 0 118 85
car 0.0028 0 107 18 160
car 0.0027 0 -2 15 44
car 0.0027 28 98 63 135
car 0.0026 11 159 80 208
car 0.0025 -5 32 116 222
car 0.0024 20 85 65 115
car 0.0023 0 89 24 219
car 0.0017 43 132 99 183
car 0.0014 38 1 101 49
car 0.0014 0 32 15 93
car 0.0012 1 129 61 224
motorbike 0.0048 81 -4 495 327
motorbike 0.0021 -1 80 63 127
motorbike 0.0017 -1 83 64 219
motorbike 0.0012 0 11 20 107
aeroplane 0.0011 0 88 64 217
bus 0.0278 47 0 197 80
bus 0.0039 -1 83 64 219
bus 0.0016 218 -12 499 333
bus 0.0015 68 -15 438 267
bus 0.0014 19 0 247 169
bus 0.0013 8 0 118 85
train 0.0076 218 -12 499 333
train 0.0012 333 8 486 316
train 0.0011 68 -15 438 267
boat 0.0027 0 88 64 217
boat 0.0025 11 164 78 215
boat 0.0024 13 159 116 229
cat 0.0016 257 1 472 253
bottle 0.0057 11 164 78 215
bottle 0.0019 18 150 110 243
chair 0.0032 0 -2 15 44
chair 0.0031 95 -3 478 264
chair 0.0015 43 132 99 183
diningtable 0.0479 -4 -7 429 333
tvmonitor 0.0077 47 0 197 80
tvmonitor 0.0075 257 1 472 253
tvmonitor 0.0025 33 0 312 122
tvmonitor 0.0018 68 -15 438 267
tvmonitor 0.0016 52 2 120 53
