person 0.0086 57 82 522 367
person 0.0026 342 115 370 151
person 0.0017 312 26 492 338
boat 0.0019 57 82 522 367
cat 0.1177 210 82 506 362
cat 0.0419 310 8 493 291
cat 0.0016 247 17 481 189
dog 0.0528 216 20 503 357
dog 0.0436 310 8 493 291
dog 0.0034 0 63 348 373
horse 0.0970 57 82 522 367
horse 0.0025 310 8 493 291
horse 0.0017 181 149 476 353
sheep 0.1771 143 210 265 347
sheep 0.1218 0 63 348 373
sheep 0.1018 181 149 476 353
sheep 0.0109 129 222 375 359
sheep 0.0061 61 294 360 377
sheep 0.0058 16 195 487 383
sheep 0.0027 11 177 256 355
sheep 0.0014 143 15 501 367
sheep 0.0013 0 220 61 362
sheep 0.0012 72 325 426 371
sheep 0.0012 310 8 493 291
sheep 0.0010 -1 319 273 368
cow 0.0371 151 85 492 362
cow 0.0300 0 63 348 373
cow 0.0057 310 8 493 291
chair 0.0025 210 82 506 362
sofa 0.0083 57 82 522 367
sofa 0.0010 222 116 506 343
