person 0.8755 217 18 276 202
person 0.0392 216 35 240 196
person 0.0209 178 209 336 317
person 0.0087 221 116 254 203
person 0.0039 314 236 349 314
person 0.0030 461 237 486 276
person 0.0022 480 228 498 279
person 0.0021 170 51 345 324
person 0.0017 421 230 443 277
person 0.0015 459 251 485 287
person 0.0015 477 204 499 302
person 0.0013 439 254 464 290
person 0.0012 480 247 498 298
person 0.0011 219 47 249 124
person 0.0010 241 114 274 202
person 0.0010 453 202 496 275
person 0.0010 482 206 499 266
car 0.0023 392 213 493 308
car 0.0011 453 202 496 275
bird 0.0023 314 236 349 314
cat 0.0015 314 236 349 314
dog 0.0012 175 207 341 305
sheep 0.0225 314 236 349 314
sheep 0.0023 309 235 338 269
sheep 0.0020 237 233 352 313
sheep 0.0017 178 217 340 321
cow 0.0022 170 201 345 319
chair 0.0985 170 201 345 319
chair 0.0011 237 233 352 313
sofa 0.5283 178 209 336 317
sofa 0.0031 181 262 335 318
sofa 0.0012 157 200 481 322
sofa 0.0012 237 233 352 313
pottedplant 0.0013 117 214 161 294
pottedplant 0.0011 109 196 143 281
