person 0.3979 405 151 497 247
person 0.2111 307 -5 407 152
person 0.1315 364 137 503 306
person 0.0635 164 22 324 222
person 0.0633 435 148 501 308
person 0.0359 418 152 471 206
person 0.0208 325 1 480 156
person 0.0191 431 152 463 195
person 0.0181 450 194 498 314
person 0.0176 452 183 498 256
person 0.0170 276 16 351 150
person 0.0157 413 157 453 190
person 0.0124 401 205 504 300
person 0.0117 0 132 22 262
person 0.0104 287 0 386 90
person 0.0096 404 160 466 225
person 0.0094 -1 164 46 265
person 0.0091 460 120 498 201
person 0.0083 450 266 499 322
person 0.0070 470 124 498 269
person 0.0045 354 151 467 248
person 0.0040 470 186 500 285
person 0.0040 478 151 499 200
person 0.0039 7 -23 347 330
person 0.0036 378 19 484 273
person 0.0035 198 3 301 79
person 0.0033 17 -21 178 310
person 0.0032 410 6 432 48
person 0.0031 2 135 40 222
person 0.0029 0 150 15 200
person 0.0027 0 179 17 220
person 0.0024 267 -2 388 201
person 0.0024 194 30 297 123
person 0.0020 355 2 403 84
person 0.0016 286 55 337 145
person 0.0016 0 62 21 214
person 0.0016 240 1 338 87
person 0.0015 66 78 508 376
person 0.0015 461 119 491 148
person 0.0015 484 174 499 225
person 0.0014 186 57 298 179
person 0.0012 482 189 500 243
person 0.0012 258 38 336 177
person 0.0012 0 -12 50 306
person 0.0011 283 26 340 98
person 0.0011 437 220 501 361
person 0.0010 236 0 293 52
car 0.0101 0 179 17 220
car 0.0068 0 186 46 280
car 0.0047 0 132 22 262
car 0.0016 0 147 43 253
boat 0.0042 -1 164 46 265
dog 0.0014 161 35 332 241
horse 0.0017 161 35 332 241
bottle 0.5155 389 21 464 182
bottle 0.4759 246 139 391 333
bottle 0.1335 17 -21 178 310
bottle 0.0443 412 6 435 46
bottle 0.0364 289 -2 419 158
bottle 0.0341 399 28 440 166
bottle 0.0333 325 1 480 156
bottle 0.0286 458 37 497 120
bottle 0.0201 477 9 500 121
bottle 0.0196 339 -3 402 160
bottle 0.0182 409 18 490 147
bottle 0.0162 438 8 497 127
bottle 0.0146 381 12 407 155
bottle 0.0140 378 19 484 273
bottle 0.0124 212 349 238 376
bottle 0.0124 289 148 342 206
bottle 0.0123 199 1 243 54
bottle 0.0107 450 266 499 322
bottle 0.0088 172 228 266 369
bottle 0.0081 252 180 378 279
bottle 0.0072 402 7 448 119
bottle 0.0069 257 125 292 192
bottle 0.0068 221 123 259 198
bottle 0.0059 449 214 498 328
bottle 0.0054 167 175 427 341
bottle 0.0048 145 31 308 245
bottle 0.0047 253 220 384 311
bottle 0.0041 247 136 339 238
bottle 0.0033 262 120 290 161
bottle 0.0031 223 159 255 205
bottle 0.0030 225 119 252 161
bottle 0.0029 148 212 185 348
bottle 0.0028 484 17 500 72
bottle 0.0027 484 36 500 94
bottle 0.0025 266 102 291 143
bottle 0.0025 152 144 271 219
bottle 0.0024 430 32 464 166
bottle 0.0024 318 90 357 158
bottle 0.0021 292 9 453 278
bottle 0.0020 262 158 290 199
bottle 0.0020 254 154 276 198
bottle 0.0019 337 142 496 298
bottle 0.0018 390 218 504 307
bottle 0.0018 220 160 268 235
bottle 0.0017 241 148 283 212
bottle 0.0016 172 232 464 375
bottle 0.0016 157 107 240 212
bottle 0.0016 245 118 274 161
bottle 0.0016 481 49 500 111
bottle 0.0016 255 137 277 186
bottle 0.0014 39 0 138 83
bottle 0.0014 140 219 222 359
bottle 0.0014 246 120 279 191
bottle 0.0013 467 121 500 144
bottle 0.0013 128 92 516 373
bottle 0.0013 203 120 244 194
bottle 0.0013 175 171 224 227
bottle 0.0011 399 101 434 171
bottle 0.0011 -1 164 46 265
bottle 0.0011 472 33 500 162
bottle 0.0011 399 95 481 209
bottle 0.0011 217 110 261 170
bottle 0.0011 183 2 216 79
chair 0.0077 280 51 355 177
chair 0.0071 452 183 498 256
chair 0.0055 400 151 498 286
chair 0.0054 482 189 500 243
chair 0.0037 263 22 337 142
chair 0.0034 285 40 337 122
chair 0.0034 172 228 266 369
chair 0.0033 355 151 465 282
chair 0.0033 145 218 211 342
chair 0.0028 288 98 335 153
chair 0.0026 472 160 498 276
chair 0.0025 161 35 332 241
chair 0.0022 318 90 357 158
chair 0.0021 346 158 370 197
chair 0.0021 460 120 498 201
chair 0.0020 -1 164 46 265
chair 0.0019 478 151 499 200
chair 0.0018 0 179 17 220
chair 0.0017 413 157 453 190
chair 0.0016 360 129 393 153
chair 0.0015 390 218 504 307
chair 0.0015 431 152 463 195
chair 0.0015 484 174 499 225
chair 0.0013 457 193 497 233
chair 0.0012 216 231 263 310
chair 0.0010 437 189 501 330
chair 0.0010 273 32 332 92
chair 0.0010 192 52 315 150
sofa 0.0022 364 137 503 306
sofa 0.0017 435 148 501 308
pottedplant 0.0274 337 142 496 298
pottedplant 0.0080 124 128 312 327
pottedplant 0.0038 157 180 273 268
pottedplant 0.0030 139 135 226 228
pottedplant 0.0024 164 22 324 222
pottedplant 0.0023 157 168 218 224
pottedplant 0.0021 152 144 271 219
pottedplant 0.0019 17 -21 178 310
pottedplant 0.0014 7 -23 347 330
pottedplant 0.0012 147 214 209 342
diningtable 0.1383 172 232 464 375
diningtable 0.0750 8 195 420 406
diningtable 0.0536 -9 237 283 378
diningtable 0.0264 128 125 516 397
diningtable 0.0224 176 315 474 368
diningtable 0.0174 84 288 501 374
diningtable 0.0165 140 226 290 373
diningtable 0.0092 23 317 315 375
diningtable 0.0065 217 171 500 350
diningtable 0.0061 244 159 392 347
diningtable 0.0059 4 269 188 348
diningtable 0.0046 83 188 273 359
diningtable 0.0041 299 233 510 373
diningtable 0.0032 134 216 205 358
diningtable 0.0031 189 246 277 367
diningtable 0.0029 259 258 381 335
diningtable 0.0029 136 301 305 367
diningtable 0.0026 450 266 499 322
diningtable 0.0023 -5 161 195 369
diningtable 0.0021 387 255 503 343
diningtable 0.0019 358 286 503 375
diningtable 0.0018 -1 164 46 265
diningtable 0.0017 -9 92 365 364
diningtable 0.0013 390 218 504 307
diningtable 0.0012 413 157 453 190
diningtable 0.0011 151 326 297 375
tvmonitor 0.0105 467 121 500 144
tvmonitor 0.0023 460 120 498 201
tvmonitor 0.0020 17 -21 178 310
tvmonitor 0.0016 0 -1 17 163
tvmonitor 0.0012 164 22 324 222
