person 0.9807 256 67 446 378
person 0.9405 2 126 110 374
person 0.9113 126 83 306 380
person 0.7536 64 172 84 227
person 0.6845 85 167 110 230
person 0.4395 72 173 97 227
person 0.0512 55 195 78 229
person 0.0253 -10 55 298 392
person 0.0207 86 256 158 375
person 0.0206 81 169 105 195
person 0.0190 0 165 20 384
person 0.0088 419 224 497 317
person 0.0086 0 289 22 374
person 0.0083 64 167 83 201
person 0.0082 0 174 17 220
person 0.0079 291 238 410 368
person 0.0066 45 199 66 230
person 0.0053 86 266 151 310
person 0.0047 114 198 135 236
person 0.0034 57 75 216 379
person 0.0032 480 248 500 334
person 0.0030 4 167 99 299
person 0.0025 4 118 98 242
person 0.0024 112 204 151 268
person 0.0022 88 276 121 309
person 0.0021 474 218 500 302
person 0.0019 118 232 144 268
person 0.0019 0 302 14 366
person 0.0019 2 56 172 329
person 0.0018 221 173 348 368
person 0.0015 65 183 108 233
person 0.0014 108 175 127 228
person 0.0014 118 212 143 251
person 0.0012 120 39 137 83
person 0.0012 0 191 18 233
person 0.0010 257 245 300 374
bicycle 0.0028 114 198 135 236
bicycle 0.0021 55 195 78 229
bicycle 0.0011 118 212 143 251
car 0.0034 87 166 110 230
car 0.0014 0 191 18 233
aeroplane 0.0018 59 -6 518 170
bus 0.0058 116 65 293 255
train 0.0024 116 65 293 255
train 0.0018 59 -6 518 170
train 0.0014 8 -13 350 319
boat 0.0043 399 303 502 371
boat 0.0033 59 -6 518 170
bird 0.0010 120 39 137 83
cat 0.0013 427 224 500 318
dog 0.0010 427 224 500 318
bottle 0.0019 88 276 121 309
bottle 0.0018 480 230 499 321
bottle 0.0015 419 224 497 317
chair 0.0353 55 195 78 229
chair 0.0151 120 197 159 267
chair 0.0107 45 199 66 230
chair 0.0052 399 303 502 371
chair 0.0044 88 190 110 230
chair 0.0038 0 289 22 374
chair 0.0032 130 196 158 236
chair 0.0029 0 302 14 366
chair 0.0029 85 278 163 373
chair 0.0026 253 239 426 370
chair 0.0025 114 198 135 236
chair 0.0020 73 190 100 229
chair 0.0011 118 212 143 251
chair 0.0010 419 224 497 317
chair 0.0010 118 232 144 268
sofa 0.0023 253 239 426 370
diningtable 0.0024 84 265 130 287
diningtable 0.0016 86 256 158 375
diningtable 0.0012 399 303 502 371
tvmonitor 0.0016 331 0 380 55
