person 0.0011 245 17 268 105
bicycle 0.3335 106 49 463 331
bicycle 0.0352 270 68 470 320
bicycle 0.0302 -2 25 288 354
bicycle 0.0103 313 72 421 144
bicycle 0.0091 53 94 377 274
bicycle 0.0069 10 163 260 337
bicycle 0.0028 151 75 424 241
car 0.0010 0 258 16 296
aeroplane 0.0016 29 18 391 360
bus 0.0014 29 18 391 360
train 0.0013 95 94 479 338
boat 0.0092 47 25 449 354
boat 0.0016 476 150 499 322
boat 0.0016 482 215 499 259
boat 0.0010 480 232 499 277
bottle 0.0019 245 17 268 105
bottle 0.0016 117 163 143 194
chair 0.0010 10 163 260 337
