person 0.0013 148 2 179 26
car 0.0235 148 2 179 26
car 0.0014 58 0 104 16
car 0.0010 116 1 163 24
bird 0.0016 300 88 322 125
bird 0.0016 292 86 322 206
bird 0.0015 214 88 321 227
bird 0.0013 60 -1 155 99
dog 0.0165 213 78 314 222
sheep 0.9864 84 74 162 179
sheep 0.9714 79 154 226 400
sheep 0.9690 211 80 322 221
sheep 0.7958 159 129 239 271
sheep 0.0276 111 106 165 181
sheep 0.0061 184 109 252 251
sheep 0.0046 258 114 321 237
sheep 0.0023 60 -1 155 99
sheep 0.0018 193 96 284 227
sheep 0.0015 88 172 208 314
sheep 0.0011 108 124 192 217
sheep 0.0010 292 86 322 206
cow 0.0026 214 88 321 227
