person 0.0028 82 6 357 414
car 0.0079 61 8 335 414
car 0.0039 55 143 485 501
boat 0.0026 82 50 358 428
boat 0.0014 39 359 506 509
boat 0.0010 25 249 438 484
cat 0.0023 103 157 494 486
dog 0.8695 61 8 335 414
dog 0.0149 119 25 319 266
dog 0.0013 216 168 335 411
dog 0.0012 126 0 476 420
dog 0.0012 35 146 362 488
dog 0.0010 91 13 226 270
dog 0.0010 64 117 249 433
horse 0.0019 25 249 438 484
sheep 0.0012 69 55 331 422
chair 0.0238 61 8 335 414
chair 0.0021 6 400 459 494
chair 0.0019 25 249 438 484
chair 0.0017 -3 119 94 400
chair 0.0012 0 139 327 494
sofa 0.0092 82 50 358 428
sofa 0.0019 -13 242 406 488
sofa 0.0012 -42 369 430 504
diningtable 0.0089 -37 294 425 511
diningtable 0.0038 -56 427 440 502
diningtable 0.0024 -24 460 407 501
diningtable 0.0016 60 -1 386 369
tvmonitor 0.0432 -3 119 94 400
tvmonitor 0.0017 55 143 485 501
