person 0.1627 393 1 497 55
person 0.0630 482 -1 500 41
person 0.0220 197 0 320 46
person 0.0197 278 1 313 34
person 0.0069 479 0 500 78
person 0.0052 296 1 325 31
person 0.0033 265 1 301 35
person 0.0030 125 2 304 56
person 0.0023 445 10 500 68
person 0.0019 -2 -3 67 365
person 0.0015 19 -5 154 71
person 0.0014 20 24 152 105
person 0.0013 228 2 287 37
person 0.0010 243 0 314 38
car 0.0032 393 1 497 55
boat 0.0013 2 21 337 372
bird 0.0048 2 21 337 372
bird 0.0025 393 1 497 55
bird 0.0023 482 -1 500 41
bird 0.0021 189 327 250 370
bird 0.0010 479 0 500 78
cat 0.1403 4 72 278 383
cat 0.0042 0 29 136 348
cat 0.0020 393 1 497 55
cat 0.0017 -1 252 87 330
dog 0.7176 4 72 278 383
dog 0.0252 0 29 136 348
dog 0.0028 393 1 497 55
dog 0.0024 482 -1 500 41
dog 0.0021 105 65 457 384
dog 0.0014 10 5 342 130
dog 0.0013 278 1 313 34
dog 0.0010 -2 -3 67 365
dog 0.0010 -1 252 87 330
horse 0.3011 13 70 326 384
horse 0.0033 393 1 497 55
horse 0.0015 479 0 500 78
sheep 0.0218 4 72 278 383
sheep 0.0090 10 5 342 130
sheep 0.0088 -2 -2 136 310
sheep 0.0050 1 258 90 360
sheep 0.0049 278 1 313 34
sheep 0.0040 296 1 325 31
sheep 0.0036 393 1 497 55
sheep 0.0031 482 -1 500 41
sheep 0.0027 279 0 446 64
sheep 0.0022 -2 -13 67 315
sheep 0.0021 479 0 500 78
sheep 0.0015 189 327 250 370
sheep 0.0011 125 2 304 56
sheep 0.0010 322 -2 393 43
cow 0.0545 13 70 326 384
cow 0.0044 0 29 136 348
cow 0.0036 393 1 497 55
cow 0.0018 479 0 500 78
cow 0.0017 482 -1 500 41
cow 0.0015 0 247 90 353
cow 0.0014 -2 -3 67 365
cow 0.0012 278 1 313 34
cow 0.0012 10 5 342 130
chair 0.0019 388 2 490 49
chair 0.0014 4 72 278 383
sofa 0.0020 10 5 342 130
pottedplant 0.0100 393 1 497 55
