person 0.1326 0 72 56 375
person 0.0911 47 289 172 377
person 0.0221 25 232 188 381
person 0.0201 -9 64 131 383
person 0.0090 486 54 499 102
person 0.0033 484 52 499 151
person 0.0027 378 202 398 237
person 0.0022 379 125 418 180
person 0.0015 477 44 500 231
person 0.0014 150 75 351 310
person 0.0011 -4 292 136 378
person 0.0010 377 113 412 245
bicycle 0.0015 25 232 188 381
car 0.0019 25 232 188 381
car 0.0012 53 249 154 367
train 0.0012 106 27 468 363
boat 0.0056 106 27 468 363
bird 0.0027 0 72 56 375
bird 0.0021 486 54 499 102
bird 0.0016 8 70 185 383
cat 0.0103 0 72 56 375
cat 0.0020 -9 64 131 383
dog 0.0208 0 72 56 375
dog 0.0024 40 48 224 305
dog 0.0023 -9 64 131 383
dog 0.0018 150 75 351 310
dog 0.0011 98 76 478 365
horse 0.0447 150 75 351 310
horse 0.0305 106 27 468 363
horse 0.0041 0 72 56 375
horse 0.0026 13 6 345 312
horse 0.0016 74 73 268 293
horse 0.0011 35 40 216 269
horse 0.0010 -9 64 131 383
sheep 0.1807 98 76 478 365
sheep 0.0878 168 116 404 324
sheep 0.0402 0 72 56 375
sheep 0.0155 40 48 224 305
sheep 0.0112 8 70 185 383
sheep 0.0045 13 6 345 312
sheep 0.0037 201 174 445 349
sheep 0.0029 152 72 280 301
sheep 0.0027 332 122 488 343
sheep 0.0016 69 111 272 324
sheep 0.0011 448 7 502 363
sheep 0.0010 -2 27 114 349
sheep 0.0010 218 215 360 317
cow 0.0161 0 72 56 375
cow 0.0033 98 76 478 365
cow 0.0032 -9 64 131 383
cow 0.0018 477 185 499 329
cow 0.0018 447 197 498 312
cow 0.0012 150 75 351 310
cow 0.0011 40 48 224 305
chair 0.0072 53 249 154 367
chair 0.0013 25 232 188 381
diningtable 0.0015 49 255 166 370
