person 0.0038 477 253 500 279
person 0.0013 84 272 113 299
person 0.0010 147 280 174 309
car 0.0892 0 285 32 302
car 0.0244 476 241 500 277
car 0.0116 397 259 439 279
car 0.0014 0 225 31 249
car 0.0012 467 221 499 249
car 0.0010 456 255 495 277
aeroplane 0.9663 -43 136 463 309
aeroplane 0.0484 457 225 498 243
aeroplane 0.0366 380 206 492 270
aeroplane 0.0273 0 225 31 249
aeroplane 0.0229 394 230 503 279
aeroplane 0.0172 457 206 500 274
aeroplane 0.0162 397 259 439 279
aeroplane 0.0132 108 80 525 317
aeroplane 0.0110 330 232 482 285
aeroplane 0.0095 0 246 54 303
aeroplane 0.0085 470 140 500 288
aeroplane 0.0076 -1 217 52 260
aeroplane 0.0072 0 285 32 302
aeroplane 0.0067 476 241 500 277
aeroplane 0.0044 457 240 495 277
aeroplane 0.0044 0 227 51 283
aeroplane 0.0043 -2 239 35 260
aeroplane 0.0040 60 201 82 229
aeroplane 0.0038 402 242 461 270
aeroplane 0.0033 224 134 485 306
aeroplane 0.0033 391 246 440 273
aeroplane 0.0032 319 120 427 236
aeroplane 0.0028 303 241 424 302
aeroplane 0.0026 355 109 504 280
aeroplane 0.0026 389 127 486 258
aeroplane 0.0024 368 257 417 277
aeroplane 0.0021 439 166 499 283
aeroplane 0.0019 277 204 473 270
aeroplane 0.0017 379 238 451 280
aeroplane 0.0016 416 242 484 274
aeroplane 0.0013 480 198 500 241
aeroplane 0.0011 -5 210 105 299
aeroplane 0.0010 400 230 463 250
bus 0.0178 476 241 500 277
bus 0.0048 0 285 32 302
bus 0.0026 406 259 449 278
bus 0.0023 467 221 499 249
bus 0.0019 466 219 501 282
bus 0.0017 457 240 495 277
boat 0.0170 474 118 500 275
boat 0.0021 319 120 427 236
boat 0.0020 467 221 499 249
boat 0.0011 476 241 500 277
boat 0.0011 469 195 499 277
