person 0.0788 78 151 374 495
person 0.0585 -1 166 52 346
person 0.0239 0 266 53 330
person 0.0168 -3 172 87 474
person 0.0108 6 394 93 502
person 0.0073 302 379 374 500
person 0.0064 240 450 371 499
person 0.0047 3 150 89 289
person 0.0046 -3 256 71 404
person 0.0042 318 191 374 238
person 0.0031 330 187 374 219
person 0.0031 235 401 388 504
person 0.0030 3 44 372 388
person 0.0018 315 462 377 501
person 0.0015 1 408 43 495
person 0.0012 176 428 217 500
person 0.0012 15 398 73 467
person 0.0012 110 118 345 319
person 0.0011 133 442 315 498
person 0.0011 285 206 378 510
person 0.0010 80 395 222 499
person 0.0010 184 477 219 499
bird 0.0016 176 428 217 500
cat 0.0017 260 79 297 146
cat 0.0012 176 428 217 500
horse 0.0010 260 79 297 146
bottle 0.1352 260 79 297 146
bottle 0.0775 242 96 263 141
bottle 0.0597 223 97 242 139
bottle 0.0485 207 119 230 158
bottle 0.0411 179 115 204 142
bottle 0.0206 206 54 250 118
bottle 0.0187 203 111 230 143
bottle 0.0180 176 428 217 500
bottle 0.0131 0 324 49 388
bottle 0.0122 218 91 249 162
bottle 0.0105 187 85 207 127
bottle 0.0100 228 127 257 166
bottle 0.0089 2 335 34 373
bottle 0.0069 212 140 230 181
bottle 0.0059 203 113 234 176
bottle 0.0053 166 115 193 139
bottle 0.0052 123 97 147 141
bottle 0.0049 196 77 245 132
bottle 0.0043 117 83 168 158
bottle 0.0038 178 124 207 149
bottle 0.0034 2 317 46 345
bottle 0.0029 104 163 127 191
bottle 0.0026 105 146 130 185
bottle 0.0023 199 93 240 156
bottle 0.0021 43 382 86 407
bottle 0.0016 217 139 244 175
bottle 0.0014 11 453 41 493
bottle 0.0013 126 137 224 208
bottle 0.0013 156 98 278 177
bottle 0.0012 178 94 217 149
bottle 0.0011 342 391 369 433
bottle 0.0011 152 99 172 140
bottle 0.0010 2 347 20 394
chair 0.1689 2 144 127 436
chair 0.1143 10 400 105 500
chair 0.0313 -1 158 69 330
chair 0.0225 12 155 105 273
chair 0.0205 -9 222 89 508
chair 0.0123 -3 234 63 349
chair 0.0117 -4 310 82 417
chair 0.0100 0 305 126 499
chair 0.0067 200 56 246 117
chair 0.0061 0 266 53 330
chair 0.0045 63 218 386 493
chair 0.0042 45 377 263 500
chair 0.0038 0 446 218 499
chair 0.0036 45 485 111 500
chair 0.0033 207 57 238 92
chair 0.0027 5 106 211 328
chair 0.0025 41 144 112 183
chair 0.0024 50 418 105 494
chair 0.0023 -17 65 397 513
chair 0.0021 20 440 98 498
chair 0.0019 154 81 201 133
chair 0.0018 3 157 19 215
chair 0.0018 13 147 110 211
chair 0.0017 36 143 95 160
chair 0.0017 33 403 188 497
chair 0.0016 14 178 98 339
chair 0.0014 261 483 321 499
chair 0.0014 16 223 196 502
chair 0.0013 196 77 245 132
chair 0.0012 0 146 37 301
chair 0.0011 54 378 100 448
chair 0.0011 70 409 98 454
chair 0.0010 75 484 167 500
chair 0.0010 0 156 19 319
sofa 0.0168 129 148 378 503
sofa 0.0087 -17 65 397 513
sofa 0.0026 291 182 375 474
sofa 0.0020 80 306 378 504
sofa 0.0016 106 146 358 348
sofa 0.0013 6 394 93 502
sofa 0.0011 2 144 127 436
pottedplant 0.0019 104 4 134 83
diningtable 0.0183 122 104 254 190
diningtable 0.0090 0 304 81 412
diningtable 0.0085 0 168 126 472
diningtable 0.0069 91 68 292 208
diningtable 0.0067 126 137 224 208
diningtable 0.0059 -5 300 93 499
diningtable 0.0025 3 44 372 388
diningtable 0.0023 111 85 181 184
diningtable 0.0023 118 123 321 212
diningtable 0.0022 53 86 250 253
diningtable 0.0019 5 106 211 328
diningtable 0.0019 1 263 55 363
diningtable 0.0016 66 375 387 501
diningtable 0.0014 67 118 303 309
diningtable 0.0013 173 97 292 187
diningtable 0.0013 3 398 90 500
tvmonitor 0.0030 154 81 201 133
