person 0.0322 0 0 28 47
person 0.0128 0 23 31 65
person 0.0123 2 -4 42 66
person 0.0022 0 -2 28 22
bicycle 0.0787 175 82 256 169
bicycle 0.0104 0 -3 34 63
bicycle 0.0099 108 -7 481 308
bicycle 0.0012 6 3 37 43
car 0.0076 110 -7 477 242
car 0.0072 2 -4 42 66
car 0.0036 0 0 28 47
car 0.0013 191 -1 378 230
car 0.0011 0 -2 28 22
car 0.0010 96 67 487 377
motorbike 0.1127 0 -3 34 63
motorbike 0.0043 5 21 36 67
motorbike 0.0032 175 82 256 169
motorbike 0.0022 6 3 37 43
bus 0.0118 140 -11 513 312
train 0.0102 140 -11 513 312
boat 0.0013 140 -11 513 312
bird 0.0316 186 146 321 288
bird 0.0192 129 97 152 142
bird 0.0037 122 92 157 154
bird 0.0020 0 23 31 65
bird 0.0010 1 3 47 69
bird 0.0010 196 131 249 175
cat 0.1507 181 133 325 296
cat 0.0036 175 82 256 169
cat 0.0035 1 3 47 69
cat 0.0033 21 63 153 224
cat 0.0014 129 97 152 142
cat 0.0012 0 23 31 65
dog 0.0828 181 133 325 296
dog 0.0133 21 63 153 224
dog 0.0023 1 3 47 69
dog 0.0021 175 82 256 169
dog 0.0010 0 23 31 65
sheep 0.9516 21 63 153 224
sheep 0.1562 179 105 321 291
sheep 0.1133 172 87 252 182
sheep 0.0714 196 131 249 175
sheep 0.0092 190 93 296 202
sheep 0.0089 179 119 256 260
sheep 0.0061 -1 14 67 147
sheep 0.0059 0 0 33 163
sheep 0.0040 129 97 152 142
sheep 0.0039 1 3 47 69
sheep 0.0036 7 62 129 164
sheep 0.0028 122 92 157 154
sheep 0.0025 3 28 105 121
sheep 0.0023 78 -5 428 310
sheep 0.0016 103 79 153 159
sheep 0.0011 0 41 30 68
sheep 0.0011 224 132 252 173
cow 0.0202 21 63 153 224
cow 0.0054 175 82 256 169
cow 0.0015 129 97 152 142
chair 0.0028 104 15 483 358
chair 0.0019 175 82 256 169
chair 0.0011 2 -4 42 66
pottedplant 0.0018 -1 3 35 69
