person 0.8857 248 284 285 365
person 0.7995 202 330 241 370
person 0.0056 256 291 284 341
person 0.0028 250 292 274 338
person 0.0027 262 334 286 366
person 0.0021 221 290 290 371
person 0.0018 180 340 214 370
person 0.0016 172 325 234 373
person 0.0015 214 325 248 362
person 0.0013 331 346 370 364
aeroplane 0.1717 20 29 264 393
aeroplane 0.0013 67 1 366 358
boat 0.2638 79 346 380 403
boat 0.0780 23 56 264 420
boat 0.0263 60 120 375 448
boat 0.0082 75 298 160 386
boat 0.0050 60 337 388 452
boat 0.0043 -22 245 411 473
boat 0.0028 150 329 284 386
boat 0.0018 14 316 369 409
boat 0.0013 50 300 78 339
dog 0.0540 202 330 241 370
chair 0.0011 180 340 214 370
chair 0.0011 50 300 78 339
chair 0.0010 212 330 244 369
