person 0.0030 349 341 389 373
person 0.0030 0 147 18 358
person 0.0023 489 189 500 249
person 0.0017 347 278 379 340
person 0.0016 239 285 254 331
person 0.0014 485 207 499 263
person 0.0013 310 342 434 381
person 0.0012 205 202 232 234
person 0.0011 344 353 382 373
dog 0.0011 349 341 389 373
bottle 0.0757 386 238 401 271
bottle 0.0154 358 285 380 338
bottle 0.0143 239 285 254 331
bottle 0.0096 350 279 374 335
bottle 0.0032 482 234 499 270
bottle 0.0028 485 207 499 263
bottle 0.0027 294 297 312 337
bottle 0.0026 489 189 500 249
bottle 0.0012 0 125 13 191
bottle 0.0012 231 317 255 340
bottle 0.0011 195 197 212 233
chair 0.0550 432 333 500 376
chair 0.0219 347 278 379 340
chair 0.0195 294 297 312 337
chair 0.0121 343 318 379 345
chair 0.0055 261 298 289 318
chair 0.0054 308 323 359 354
chair 0.0049 483 286 499 343
chair 0.0030 291 356 349 371
chair 0.0028 350 275 373 321
chair 0.0025 194 352 245 374
chair 0.0025 301 327 366 367
chair 0.0023 303 293 333 324
chair 0.0020 264 357 333 373
chair 0.0019 480 333 500 374
chair 0.0017 252 318 306 371
chair 0.0016 412 287 489 338
chair 0.0016 0 147 18 358
chair 0.0015 199 311 358 378
chair 0.0013 340 304 383 358
chair 0.0013 188 331 256 376
chair 0.0012 257 356 302 374
chair 0.0012 314 260 410 348
chair 0.0011 480 282 500 375
chair 0.0010 349 341 389 373
chair 0.0010 355 278 383 313
chair 0.0010 421 316 482 338
sofa 0.0014 275 331 435 373
pottedplant 0.5119 454 199 497 259
pottedplant 0.2381 267 111 329 136
pottedplant 0.1507 243 103 349 142
pottedplant 0.0923 489 189 500 249
pottedplant 0.0551 289 114 341 136
pottedplant 0.0366 485 207 499 263
pottedplant 0.0344 195 156 253 182
pottedplant 0.0185 183 157 302 197
pottedplant 0.0171 257 109 303 136
pottedplant 0.0099 479 191 498 270
pottedplant 0.0089 190 132 307 180
pottedplant 0.0081 183 107 401 173
pottedplant 0.0071 223 115 370 198
pottedplant 0.0062 256 173 302 193
pottedplant 0.0055 0 114 19 317
pottedplant 0.0042 386 238 401 271
pottedplant 0.0039 0 111 15 213
pottedplant 0.0034 0 125 13 191
pottedplant 0.0032 285 170 308 197
pottedplant 0.0022 400 178 415 220
pottedplant 0.0019 227 169 293 186
pottedplant 0.0018 317 117 348 136
pottedplant 0.0018 190 165 223 185
pottedplant 0.0017 482 234 499 270
pottedplant 0.0017 270 109 321 168
pottedplant 0.0016 284 138 303 181
pottedplant 0.0016 301 121 337 142
pottedplant 0.0015 347 278 379 340
pottedplant 0.0013 277 122 319 196
pottedplant 0.0013 199 150 361 221
pottedplant 0.0012 318 254 344 278
pottedplant 0.0010 343 145 366 176
diningtable 0.1288 208 320 439 373
diningtable 0.1174 323 332 456 375
diningtable 0.0410 432 333 500 376
diningtable 0.0181 358 328 511 374
diningtable 0.0160 268 306 412 367
diningtable 0.0071 406 260 497 340
diningtable 0.0046 203 236 442 376
diningtable 0.0041 213 305 342 364
diningtable 0.0037 303 275 403 351
diningtable 0.0028 380 332 432 375
diningtable 0.0026 302 303 484 367
diningtable 0.0018 401 293 502 362
diningtable 0.0015 301 327 366 367
diningtable 0.0013 347 278 379 340
