person 0.0492 0 253 59 320
person 0.0281 0 170 63 312
person 0.0193 248 136 281 158
person 0.0135 382 124 399 179
person 0.0127 28 265 57 300
person 0.0103 23 259 65 315
person 0.0041 0 224 106 319
person 0.0028 381 114 398 157
person 0.0022 18 252 48 289
person 0.0018 26 259 56 286
person 0.0012 0 246 29 321
person 0.0010 321 108 348 151
car 0.0029 329 160 500 324
car 0.0016 295 138 342 156
train 0.0048 222 151 360 319
train 0.0025 103 56 470 341
bottle 0.0023 177 257 193 307
bottle 0.0021 60 171 76 215
bottle 0.0018 174 254 194 284
bottle 0.0017 28 265 57 300
bottle 0.0017 150 178 172 211
bottle 0.0012 186 253 215 283
chair 0.0135 197 180 236 237
chair 0.0132 91 296 153 318
chair 0.0124 0 253 59 320
chair 0.0111 45 226 148 321
chair 0.0099 230 167 353 291
chair 0.0081 146 255 191 318
chair 0.0057 198 206 235 236
chair 0.0051 0 170 63 312
chair 0.0048 150 178 172 211
chair 0.0038 151 206 203 274
chair 0.0034 244 199 299 257
chair 0.0033 47 282 157 319
chair 0.0032 188 245 293 327
chair 0.0028 261 210 292 250
chair 0.0027 198 179 237 203
chair 0.0024 380 151 402 183
chair 0.0022 382 124 399 179
chair 0.0020 28 265 57 300
chair 0.0015 228 234 288 260
chair 0.0013 158 200 203 218
chair 0.0012 248 136 281 158
chair 0.0011 232 144 401 319
chair 0.0011 207 239 272 261
chair 0.0011 205 240 236 261
chair 0.0011 243 207 281 243
chair 0.0011 0 224 106 319
chair 0.0010 80 244 205 319
chair 0.0010 136 223 217 318
sofa 0.0136 0 253 59 320
sofa 0.0061 0 175 67 312
sofa 0.0011 0 224 106 319
pottedplant 0.0658 158 145 208 202
pottedplant 0.0227 28 265 57 300
pottedplant 0.0132 23 259 65 315
pottedplant 0.0084 0 224 106 319
pottedplant 0.0062 45 226 148 321
pottedplant 0.0053 0 253 59 320
pottedplant 0.0047 145 141 209 260
pottedplant 0.0038 382 124 399 179
pottedplant 0.0032 53 217 92 314
pottedplant 0.0028 0 170 63 312
pottedplant 0.0023 26 259 56 286
pottedplant 0.0010 20 232 70 304
diningtable 0.0435 188 245 293 327
diningtable 0.0095 133 201 365 336
diningtable 0.0027 224 259 282 305
diningtable 0.0019 0 253 59 320
diningtable 0.0013 208 226 362 324
diningtable 0.0011 137 250 269 321
diningtable 0.0010 187 259 247 310
tvmonitor 0.0484 473 106 499 271
tvmonitor 0.0023 150 178 172 211
tvmonitor 0.0020 295 138 342 156
tvmonitor 0.0017 460 95 495 241
tvmonitor 0.0016 1 94 42 124
tvmonitor 0.0015 321 108 348 151
tvmonitor 0.0012 295 97 348 156
tvmonitor 0.0011 323 102 348 123
tvmonitor 0.0011 158 145 208 202
tvmonitor 0.0010 304 120 337 152
