person 0.3194 302 114 325 153
person 0.0813 366 127 392 169
person 0.0381 380 127 407 169
person 0.0309 332 119 352 164
person 0.0217 288 113 313 151
person 0.0164 355 116 395 171
person 0.0134 367 121 413 172
person 0.0096 369 148 410 174
person 0.0057 117 124 141 152
person 0.0050 335 114 378 170
person 0.0044 151 124 174 154
person 0.0039 273 104 329 156
person 0.0032 226 113 254 151
person 0.0025 323 106 355 163
person 0.0024 397 128 420 169
person 0.0022 206 126 227 155
person 0.0017 243 127 266 156
person 0.0016 191 123 216 156
person 0.0012 359 76 397 98
person 0.0012 273 111 296 152
person 0.0012 340 112 369 151
person 0.0010 382 112 407 152
bus 0.8092 56 48 452 248
bus 0.0027 326 68 451 250
chair 0.0015 338 123 366 167
