person 0.0029 0 182 43 245
person 0.0026 82 42 489 349
person 0.0026 0 136 28 253
bicycle 0.0013 88 76 484 362
car 0.0034 -3 38 429 353
car 0.0021 -14 7 375 133
car 0.0019 -27 -25 445 184
motorbike 0.0044 88 76 484 362
boat 0.0061 3 68 425 371
boat 0.0010 0 136 28 253
bird 0.0028 0 182 43 245
cat 0.2778 51 76 458 363
cat 0.0895 13 56 160 158
cat 0.0047 248 105 489 332
cat 0.0012 5 49 255 179
cat 0.0010 0 45 125 119
dog 0.2803 51 76 458 363
dog 0.0536 7 56 168 168
dog 0.0054 6 58 101 151
dog 0.0048 0 58 195 317
horse 0.0513 88 76 484 362
sheep 0.0014 13 56 160 158
sheep 0.0010 3 68 425 371
cow 0.0083 51 76 458 363
cow 0.0022 7 60 118 163
cow 0.0014 0 72 23 250
chair 0.0531 51 76 458 363
chair 0.0010 127 197 444 345
sofa 0.0451 88 76 484 362
sofa 0.0017 -20 5 448 315
diningtable 0.0012 3 68 425 371
