person 0.4720 22 36 403 397
person 0.0180 161 59 495 386
person 0.0053 7 -18 275 340
person 0.0051 56 211 513 372
person 0.0049 232 165 488 359
person 0.0028 421 48 496 180
person 0.0027 460 178 503 288
person 0.0019 380 163 499 361
person 0.0018 472 292 500 375
person 0.0014 397 306 498 374
person 0.0012 294 277 496 376
person 0.0012 0 50 108 388
person 0.0011 442 322 499 375
person 0.0011 405 49 499 323
person 0.0010 470 241 500 348
car 0.0027 75 -8 500 385
train 0.0011 40 2 458 382
cat 0.0019 83 55 491 390
cat 0.0016 2 31 121 275
cat 0.0014 5 15 179 211
bottle 0.0224 434 120 458 159
bottle 0.0211 422 123 447 167
bottle 0.0193 428 50 501 186
bottle 0.0111 443 107 497 168
bottle 0.0099 453 114 486 149
bottle 0.0067 245 154 345 284
bottle 0.0065 424 112 481 170
bottle 0.0049 473 68 499 208
bottle 0.0039 449 61 499 145
bottle 0.0031 1 55 28 144
bottle 0.0028 478 113 499 163
bottle 0.0025 472 164 500 197
bottle 0.0022 469 136 500 216
bottle 0.0019 432 134 461 173
bottle 0.0014 455 164 500 274
bottle 0.0014 479 96 499 144
bottle 0.0011 421 108 497 201
bottle 0.0011 226 43 286 116
bottle 0.0011 75 -8 500 385
bottle 0.0010 219 138 374 308
bottle 0.0010 478 130 499 186
bottle 0.0010 476 277 499 312
chair 0.0196 190 2 286 84
chair 0.0102 209 6 306 122
chair 0.0102 408 199 495 321
chair 0.0045 114 -2 234 66
chair 0.0038 456 183 500 288
chair 0.0034 435 163 500 309
chair 0.0034 173 2 229 48
chair 0.0024 442 322 499 375
chair 0.0023 165 3 335 153
chair 0.0020 153 1 258 80
chair 0.0018 380 163 499 361
chair 0.0016 22 36 403 397
chair 0.0015 437 284 500 334
chair 0.0014 125 1 200 42
chair 0.0012 403 252 500 337
chair 0.0011 166 16 273 116
chair 0.0010 472 292 500 375
sofa 0.0040 435 163 500 309
sofa 0.0031 456 183 500 288
sofa 0.0016 -6 292 414 369
sofa 0.0015 22 36 403 397
pottedplant 0.0187 431 42 499 182
pottedplant 0.0034 114 -2 234 66
pottedplant 0.0019 470 57 499 144
pottedplant 0.0018 422 123 447 167
pottedplant 0.0017 424 112 481 170
pottedplant 0.0017 72 1 219 48
pottedplant 0.0013 116 8 165 32
pottedplant 0.0010 443 107 497 168
diningtable 0.0070 75 -8 500 385
diningtable 0.0027 -6 292 414 369
diningtable 0.0018 456 183 500 288
diningtable 0.0010 209 6 306 122
tvmonitor 0.0071 217 32 305 127
tvmonitor 0.0066 456 183 500 288
tvmonitor 0.0046 417 172 498 301
tvmonitor 0.0037 40 2 458 382
tvmonitor 0.0020 190 2 286 84
tvmonitor 0.0013 165 3 335 153
