person 0.9820 169 138 209 265
person 0.9666 235 143 278 231
person 0.7630 2 152 21 195
person 0.0401 305 187 333 229
person 0.0230 318 182 339 216
person 0.0189 342 195 368 230
person 0.0165 248 104 264 157
person 0.0055 241 151 278 195
person 0.0053 309 183 352 237
person 0.0035 266 165 296 186
person 0.0034 414 40 450 75
person 0.0030 383 48 412 76
person 0.0029 260 146 292 175
person 0.0026 255 155 290 231
person 0.0026 340 185 370 217
person 0.0025 382 34 454 75
person 0.0022 232 155 255 193
person 0.0017 238 143 277 176
person 0.0017 9 161 34 187
person 0.0016 167 149 206 208
person 0.0015 355 194 386 228
person 0.0015 241 176 278 218
person 0.0015 71 143 94 171
person 0.0014 233 175 252 219
person 0.0014 246 108 273 173
person 0.0012 37 157 61 182
bicycle 0.0119 342 195 368 230
bicycle 0.0073 305 187 333 229
bicycle 0.0023 273 193 387 284
bicycle 0.0015 266 165 296 186
bicycle 0.0013 272 167 313 184
bicycle 0.0010 2 152 21 195
car 0.0778 266 165 296 186
car 0.0645 272 167 313 184
car 0.0054 241 151 278 195
car 0.0052 235 142 280 224
car 0.0041 260 146 292 175
car 0.0018 335 13 496 82
motorbike 0.0026 342 195 368 230
motorbike 0.0011 2 152 21 195
motorbike 0.0011 289 187 411 280
motorbike 0.0010 266 165 296 186
aeroplane 0.2478 252 22 496 232
aeroplane 0.0355 179 -3 489 327
aeroplane 0.0037 48 6 452 248
aeroplane 0.0027 247 164 490 298
aeroplane 0.0026 71 143 94 171
aeroplane 0.0014 283 192 427 285
aeroplane 0.0010 203 152 244 171
train 0.0012 252 22 496 232
boat 0.0017 272 167 313 184
