person 0.0156 27 194 46 254
person 0.0126 158 144 193 167
person 0.0080 124 137 155 167
person 0.0074 52 189 80 216
person 0.0048 5 189 32 215
person 0.0031 135 135 177 167
person 0.0022 26 188 56 213
person 0.0020 241 182 293 205
person 0.0016 6 200 28 246
person 0.0014 293 179 330 201
person 0.0012 110 144 137 168
person 0.0010 207 135 226 165
bicycle 0.1197 6 200 28 246
bicycle 0.1049 1 191 36 262
bicycle 0.0430 0 197 20 247
bicycle 0.0315 -1 212 21 265
bicycle 0.0306 5 189 32 215
bicycle 0.0111 -1 186 19 222
bicycle 0.0062 293 179 330 201
bicycle 0.0049 27 194 46 254
bicycle 0.0014 55 183 94 208
bicycle 0.0013 1 173 40 238
car 0.7533 241 182 293 205
car 0.7225 224 181 254 212
car 0.4468 55 183 94 208
car 0.3066 61 179 95 199
car 0.2139 52 189 80 216
car 0.1638 293 179 330 201
car 0.0340 5 189 32 215
car 0.0301 60 99 229 293
car 0.0238 26 188 56 213
car 0.0072 271 184 299 205
car 0.0044 48 178 84 201
car 0.0026 -1 186 19 222
car 0.0020 37 179 89 224
car 0.0017 1 173 40 238
car 0.0015 21 169 55 239
car 0.0013 6 200 28 246
car 0.0010 1 191 36 262
car 0.0010 221 178 295 210
motorbike 0.0030 5 189 32 215
motorbike 0.0017 1 191 36 262
motorbike 0.0013 52 189 80 216
motorbike 0.0011 293 179 330 201
bus 0.0203 66 101 238 291
bus 0.0031 224 181 254 212
bus 0.0029 61 179 95 199
bus 0.0013 241 180 294 202
chair 0.0023 293 179 330 201
chair 0.0023 -1 212 21 265
chair 0.0022 27 194 46 254
chair 0.0012 6 200 28 246
chair 0.0010 0 197 20 247
pottedplant 0.0499 291 180 332 206
diningtable 0.0145 13 324 315 502
diningtable 0.0027 -12 195 345 523
