person 0.0832 33 6 470 370
person 0.0141 310 0 507 144
person 0.0099 95 122 324 332
person 0.0052 371 2 496 113
person 0.0035 16 97 241 358
person 0.0029 75 100 185 186
person 0.0028 333 85 479 152
person 0.0017 5 44 178 266
person 0.0017 336 40 448 123
person 0.0010 301 73 504 247
person 0.0010 316 173 505 339
person 0.0010 141 -13 494 249
bird 0.0014 33 6 470 370
cat 0.0807 33 6 470 370
cat 0.0581 16 97 241 358
cat 0.0221 95 122 324 332
cat 0.0174 178 99 484 273
cat 0.0051 301 73 504 247
cat 0.0018 5 44 178 266
cat 0.0015 316 173 505 339
cat 0.0015 14 94 182 192
cat 0.0013 0 84 132 370
dog 0.2424 304 93 499 269
dog 0.1358 71 12 505 362
dog 0.0204 55 108 294 350
dog 0.0138 316 173 505 339
dog 0.0110 -1 83 194 375
dog 0.0024 339 140 486 250
dog 0.0023 173 131 491 306
dog 0.0020 -13 138 433 376
dog 0.0016 134 132 357 318
dog 0.0014 5 44 178 266
dog 0.0011 14 94 182 192
horse 0.0058 71 12 505 362
sheep 0.0018 33 6 470 370
cow 0.0012 71 12 505 362
chair 0.0070 -4 2 426 376
chair 0.0019 145 0 490 307
sofa 0.0840 -4 2 426 376
sofa 0.0159 309 110 506 333
sofa 0.0040 145 0 490 307
sofa 0.0023 74 -32 500 194
sofa 0.0014 4 82 280 365
sofa 0.0013 163 0 479 148
sofa 0.0012 53 154 532 362
diningtable 0.0031 -7 291 430 373
diningtable 0.0015 11 220 488 367
