person 0.8947 2 256 23 331
person 0.0030 3 252 21 282
person 0.0020 0 258 18 300
person 0.0010 140 281 163 310
person 0.0010 182 263 203 300
bicycle 0.0010 2 262 23 330
car 0.0099 149 291 196 316
car 0.0020 0 267 17 334
bird 0.0036 241 46 309 160
horse 0.0018 148 291 196 339
chair 0.0041 150 294 194 327
chair 0.0024 145 293 196 385
chair 0.0012 2 262 23 330
pottedplant 0.0095 149 291 196 316
pottedplant 0.0052 148 276 198 327
pottedplant 0.0035 140 281 163 310
pottedplant 0.0035 150 242 200 316
pottedplant 0.0019 119 241 147 270
pottedplant 0.0013 141 260 159 304
pottedplant 0.0012 126 200 145 234
pottedplant 0.0010 98 242 136 269
pottedplant 0.0010 123 222 145 263
tvmonitor 0.0013 175 78 218 173
