person 0.0011 386 97 496 362
person 0.0010 -14 -40 427 421
person 0.0010 442 16 498 362
cat 0.6817 34 91 287 375
dog 0.4275 10 80 279 378
bottle 0.0013 354 180 418 244
chair 0.0084 10 80 279 378
chair 0.0052 -12 -34 506 411
chair 0.0021 336 286 413 365
chair 0.0018 463 75 500 153
chair 0.0011 408 317 499 371
sofa 0.0609 23 -58 548 435
sofa 0.0139 1 77 322 382
pottedplant 0.0011 336 286 413 365
diningtable 0.2157 23 -58 548 435
diningtable 0.0268 145 54 491 384
diningtable 0.0057 2 133 414 371
diningtable 0.0036 408 317 499 371
diningtable 0.0035 386 97 496 362
diningtable 0.0025 253 -30 539 404
diningtable 0.0013 376 60 497 231
