person 0.0064 398 11 458 67
person 0.0052 400 8 438 31
person 0.0044 355 8 469 89
person 0.0035 61 13 446 326
person 0.0018 433 8 473 80
person 0.0017 42 24 225 232
person 0.0010 387 14 489 226
bird 0.0080 42 8 402 331
bird 0.0020 400 8 438 31
bird 0.0011 445 138 485 224
cat 0.1706 73 11 503 327
cat 0.0036 238 103 490 316
cat 0.0012 445 138 485 224
dog 0.2246 61 13 446 326
dog 0.0021 445 138 485 224
horse 0.0016 387 5 478 108
sheep 0.2479 61 13 446 326
sheep 0.1289 387 5 478 108
sheep 0.0418 403 49 487 146
sheep 0.0328 387 14 489 226
sheep 0.0231 42 24 225 232
sheep 0.0153 398 62 463 90
sheep 0.0132 200 130 465 330
sheep 0.0102 411 71 484 124
sheep 0.0085 345 40 485 115
sheep 0.0074 315 6 489 182
sheep 0.0073 404 84 494 111
sheep 0.0054 76 12 424 164
sheep 0.0044 398 11 458 67
sheep 0.0038 295 8 446 81
sheep 0.0036 400 25 465 92
sheep 0.0029 406 104 487 221
sheep 0.0029 428 17 477 94
sheep 0.0021 11 21 121 316
sheep 0.0020 83 11 251 89
sheep 0.0014 106 106 380 315
sheep 0.0013 40 66 144 190
sheep 0.0013 395 58 471 77
sheep 0.0013 445 138 485 224
sheep 0.0012 18 6 274 327
cow 0.0099 403 49 487 146
cow 0.0035 403 15 487 102
cow 0.0023 445 138 485 224
cow 0.0019 382 12 489 312
cow 0.0019 42 8 402 331
cow 0.0015 406 104 487 221
cow 0.0013 411 71 484 124
chair 0.1153 387 5 478 108
chair 0.0138 387 14 489 226
chair 0.0071 363 12 466 73
chair 0.0050 315 6 489 182
chair 0.0034 410 85 485 228
chair 0.0028 345 40 485 115
chair 0.0020 295 8 446 81
chair 0.0017 73 11 503 327
chair 0.0015 394 54 483 141
sofa 0.0027 54 139 522 330
diningtable 0.0010 42 8 402 331
