bicycle 0.9633 59 133 285 299
bicycle 0.0036 47 160 163 271
bicycle 0.0028 102 168 279 269
bicycle 0.0011 213 203 277 271
motorbike 0.0040 59 133 285 299
boat 0.0399 32 97 169 123
boat 0.0387 71 100 157 113
boat 0.0300 109 99 170 117
boat 0.0076 41 99 115 116
bird 0.0019 114 157 165 179
bottle 0.0277 177 210 213 236
bottle 0.0237 154 233 184 260
bottle 0.0135 174 223 208 255
bottle 0.0037 126 163 173 191
bottle 0.0022 145 169 206 192
bottle 0.0012 187 205 220 233
bottle 0.0010 196 221 219 261
chair 0.0060 293 98 316 143
chair 0.0018 123 102 175 118
chair 0.0016 216 191 290 293
chair 0.0011 230 173 273 202
sofa 0.0043 55 162 287 303
pottedplant 0.6194 213 121 303 229
pottedplant 0.0492 244 135 302 198
pottedplant 0.0134 189 116 307 291
pottedplant 0.0099 215 173 289 274
pottedplant 0.0083 217 96 304 186
pottedplant 0.0061 232 169 296 228
pottedplant 0.0056 203 134 259 191
pottedplant 0.0043 179 128 293 202
pottedplant 0.0036 224 161 285 209
pottedplant 0.0032 272 192 296 242
pottedplant 0.0029 262 139 302 184
pottedplant 0.0028 247 168 286 200
pottedplant 0.0027 207 144 245 177
pottedplant 0.0027 241 183 294 255
pottedplant 0.0018 267 164 295 195
pottedplant 0.0018 251 180 287 212
pottedplant 0.0015 267 159 301 243
pottedplant 0.0011 269 188 294 222
pottedplant 0.0011 221 172 250 198
