person 0.9107 183 83 254 195
person 0.8776 410 74 481 212
person 0.4910 23 71 96 199
person 0.0994 29 72 74 172
person 0.0226 202 74 260 240
person 0.0203 176 88 221 193
person 0.0128 3 106 26 145
person 0.0107 181 149 205 194
person 0.0086 420 79 472 159
person 0.0072 453 103 486 219
person 0.0066 0 105 27 178
person 0.0044 0 136 17 182
person 0.0039 178 129 213 194
person 0.0037 478 104 500 135
person 0.0036 476 79 500 237
person 0.0031 424 141 480 215
person 0.0027 405 109 461 207
person 0.0021 202 81 253 163
person 0.0016 404 157 423 208
person 0.0015 164 53 266 226
person 0.0013 479 175 497 219
person 0.0012 -1 73 68 187
person 0.0011 435 89 497 237
person 0.0010 1 89 49 156
car 0.0042 478 104 500 135
car 0.0017 181 149 205 194
horse 0.9795 2 112 102 255
horse 0.9353 185 118 256 279
horse 0.9304 407 138 482 304
horse 0.0101 0 105 27 178
horse 0.0071 178 142 215 201
horse 0.0067 0 136 17 182
horse 0.0035 0 107 23 250
horse 0.0030 181 149 205 194
horse 0.0025 3 106 26 145
horse 0.0022 179 134 228 261
horse 0.0017 408 155 454 228
horse 0.0017 448 142 491 288
horse 0.0016 0 149 16 198
horse 0.0015 410 84 482 228
horse 0.0014 479 175 497 219
horse 0.0013 223 178 260 259
horse 0.0011 238 192 257 234
