person 0.0589 189 231 240 290
person 0.0213 478 264 499 294
person 0.0102 -1 246 90 293
person 0.0047 198 187 254 206
person 0.0039 476 216 499 292
person 0.0018 0 110 19 206
person 0.0016 0 159 17 201
person 0.0013 186 235 215 271
bicycle 0.0020 478 264 499 294
car 0.7110 198 187 254 206
car 0.0081 299 257 480 291
car 0.0078 150 181 278 217
car 0.0058 155 190 211 204
car 0.0044 177 187 233 204
car 0.0040 478 264 499 294
car 0.0022 127 188 203 203
car 0.0014 379 247 492 290
car 0.0013 104 175 251 219
car 0.0012 187 163 304 213
car 0.0010 287 230 499 287
boat 0.0032 -28 174 379 284
boat 0.0030 107 230 333 288
boat 0.0020 298 253 502 291
boat 0.0010 35 249 314 289
bird 0.0015 -1 246 90 293
cat 0.0044 -1 246 90 293
dog 0.0026 -1 246 90 293
dog 0.0017 478 264 499 294
dog 0.0011 2 262 93 307
bottle 0.0457 189 231 240 290
bottle 0.0128 0 159 17 201
bottle 0.0020 186 235 215 271
bottle 0.0018 297 237 331 275
bottle 0.0016 0 110 19 206
chair 0.3792 179 229 310 293
chair 0.1031 -1 246 90 293
chair 0.0409 478 264 499 294
chair 0.0279 277 228 328 284
chair 0.0241 155 233 210 251
chair 0.0215 198 187 254 206
chair 0.0195 0 159 17 201
chair 0.0186 231 234 300 288
chair 0.0148 7 162 58 206
chair 0.0138 297 237 331 275
chair 0.0099 186 235 215 271
chair 0.0093 107 209 342 263
chair 0.0082 189 231 240 290
chair 0.0068 406 257 460 286
chair 0.0066 -3 173 109 275
chair 0.0059 283 236 315 275
chair 0.0056 476 216 499 292
chair 0.0053 0 192 64 243
chair 0.0044 298 253 502 291
chair 0.0042 0 110 19 206
chair 0.0041 401 254 433 281
chair 0.0033 209 106 307 196
chair 0.0027 28 167 65 210
chair 0.0027 0 202 62 228
chair 0.0026 379 247 492 290
chair 0.0021 322 56 358 91
chair 0.0020 55 152 91 190
chair 0.0018 0 140 17 181
chair 0.0018 419 266 475 291
chair 0.0018 187 163 304 213
chair 0.0016 43 148 96 204
chair 0.0016 335 265 418 283
chair 0.0016 142 245 191 261
chair 0.0016 40 206 322 243
chair 0.0015 231 222 358 291
chair 0.0014 0 160 95 232
chair 0.0014 -20 244 221 291
chair 0.0014 286 246 309 291
chair 0.0014 150 181 278 217
chair 0.0013 46 182 75 211
chair 0.0012 5 144 136 215
chair 0.0012 80 208 407 292
chair 0.0012 208 130 273 183
chair 0.0011 455 265 497 294
chair 0.0010 205 226 269 242
chair 0.0010 -1 116 95 202
chair 0.0010 383 -9 489 304
sofa 0.1354 -1 246 90 293
sofa 0.0052 -2 175 72 282
sofa 0.0031 -20 244 221 291
sofa 0.0029 298 253 502 291
sofa 0.0018 -50 211 397 291
sofa 0.0013 107 230 333 288
sofa 0.0012 6 165 60 215
sofa 0.0011 0 192 64 243
pottedplant 0.7133 40 36 151 248
pottedplant 0.2603 53 145 126 246
pottedplant 0.2457 251 75 353 202
pottedplant 0.1689 300 105 372 206
pottedplant 0.0711 313 157 367 206
pottedplant 0.0477 285 49 377 193
pottedplant 0.0371 272 159 316 207
pottedplant 0.0168 297 34 412 244
pottedplant 0.0119 271 119 328 205
pottedplant 0.0103 7 162 58 206
pottedplant 0.0096 -1 116 95 202
pottedplant 0.0088 56 91 141 225
pottedplant 0.0079 0 159 17 201
pottedplant 0.0071 293 125 340 199
pottedplant 0.0059 0 110 19 206
pottedplant 0.0052 43 148 96 204
pottedplant 0.0045 0 100 54 220
pottedplant 0.0043 5 144 136 215
pottedplant 0.0041 209 106 307 196
pottedplant 0.0039 144 64 368 221
pottedplant 0.0031 62 13 153 145
pottedplant 0.0029 -1 246 90 293
pottedplant 0.0027 348 -9 461 297
pottedplant 0.0024 11 80 243 286
pottedplant 0.0024 -4 75 133 286
pottedplant 0.0021 334 31 404 206
pottedplant 0.0018 271 146 363 205
pottedplant 0.0016 330 82 373 192
pottedplant 0.0016 255 -9 387 178
pottedplant 0.0015 341 46 362 80
pottedplant 0.0013 0 140 17 181
pottedplant 0.0011 1 -12 58 239
pottedplant 0.0010 98 54 154 114
pottedplant 0.0010 319 52 363 107
diningtable 0.0924 280 260 474 289
diningtable 0.0770 179 229 310 293
diningtable 0.0578 6 165 60 215
diningtable 0.0575 -1 246 90 293
diningtable 0.0504 -28 174 379 284
diningtable 0.0275 124 210 310 253
diningtable 0.0261 40 206 322 243
diningtable 0.0246 35 249 314 289
diningtable 0.0115 2 117 417 329
diningtable 0.0112 0 192 64 243
diningtable 0.0098 94 209 485 294
diningtable 0.0091 -20 244 221 291
diningtable 0.0081 200 242 453 290
diningtable 0.0069 89 235 281 278
diningtable 0.0066 0 160 95 232
diningtable 0.0064 -3 173 109 275
diningtable 0.0055 293 269 459 300
diningtable 0.0044 0 159 17 201
diningtable 0.0036 76 193 293 235
diningtable 0.0030 155 233 210 251
diningtable 0.0019 150 181 278 217
diningtable 0.0015 67 259 226 295
diningtable 0.0014 0 93 60 214
diningtable 0.0014 335 265 418 283
diningtable 0.0013 287 230 499 287
diningtable 0.0012 0 202 62 228
diningtable 0.0012 247 190 338 270
diningtable 0.0011 104 175 251 219
diningtable 0.0011 -6 141 72 221
diningtable 0.0011 187 163 304 213
diningtable 0.0011 231 222 358 291
diningtable 0.0010 0 157 22 235
diningtable 0.0010 277 228 328 284
diningtable 0.0010 54 215 273 259
tvmonitor 0.0042 0 7 19 110
