person 0.0590 395 189 437 210
person 0.0298 401 204 436 233
person 0.0071 395 181 437 232
person 0.0048 396 192 434 283
person 0.0031 22 185 53 207
person 0.0019 83 185 109 210
person 0.0019 29 185 78 208
person 0.0015 394 137 438 229
person 0.0014 43 186 99 209
person 0.0012 373 190 433 305
bicycle 0.0012 -31 173 473 482
car 0.0237 -31 173 473 482
motorbike 0.1285 -31 173 473 482
boat 0.0011 -31 173 473 482
bird 0.0012 235 178 356 251
bird 0.0010 395 189 437 210
dog 0.0012 395 189 437 210
horse 0.0034 395 189 437 210
horse 0.0016 401 204 436 233
horse 0.0011 237 172 435 335
sheep 0.0191 401 204 436 233
sheep 0.0050 395 189 437 210
sheep 0.0016 301 164 354 229
sheep 0.0015 277 194 336 252
sheep 0.0014 250 179 357 261
cow 0.0463 395 189 437 210
cow 0.0111 401 204 436 233
bottle 0.0014 122 199 221 293
chair 0.0099 301 164 354 229
chair 0.0028 401 204 436 233
chair 0.0015 395 189 437 210
chair 0.0014 235 178 356 251
chair 0.0014 -11 170 382 483
sofa 0.0010 395 189 437 210
pottedplant 0.0108 -31 173 473 482
pottedplant 0.0013 0 55 366 207
diningtable 0.0174 -31 173 473 482
diningtable 0.0020 -15 104 387 399
