person 0.9048 -3 116 268 311
person 0.0562 393 248 502 330
person 0.0429 51 88 80 125
person 0.0346 127 115 285 312
person 0.0195 17 196 46 234
person 0.0190 46 94 64 129
person 0.0167 71 87 98 122
person 0.0157 -1 181 197 330
person 0.0088 -1 195 48 241
person 0.0039 86 89 489 331
person 0.0034 71 100 101 132
person 0.0031 8 103 39 131
person 0.0025 0 195 137 294
person 0.0023 390 189 502 321
person 0.0022 45 89 96 132
person 0.0017 151 182 426 329
person 0.0014 -27 -3 236 345
person 0.0014 0 191 46 310
person 0.0014 74 192 188 301
person 0.0012 63 73 108 132
car 0.0013 48 92 77 128
train 0.0010 86 89 489 331
cat 0.0142 17 196 46 234
cat 0.0080 -1 195 48 241
dog 0.0070 17 196 46 234
dog 0.0038 -1 195 48 241
dog 0.0013 48 92 77 128
horse 0.0015 48 92 77 128
chair 0.0876 45 231 380 328
chair 0.0442 -6 159 268 327
chair 0.0304 393 248 502 330
chair 0.0177 17 196 46 234
chair 0.0125 0 197 28 238
chair 0.0109 134 235 285 325
chair 0.0091 101 301 234 329
chair 0.0077 239 197 321 304
chair 0.0072 6 200 185 331
chair 0.0059 -1 195 46 267
chair 0.0051 153 203 267 303
chair 0.0042 205 195 297 308
chair 0.0033 57 289 367 329
chair 0.0030 74 192 188 301
chair 0.0029 131 197 190 225
chair 0.0029 60 239 191 323
chair 0.0023 384 194 501 299
chair 0.0021 -1 189 58 309
chair 0.0020 0 195 137 294
chair 0.0020 115 197 232 296
chair 0.0019 231 203 499 330
chair 0.0015 139 307 225 327
chair 0.0014 209 213 353 323
chair 0.0013 0 230 121 327
chair 0.0013 151 182 426 329
sofa 0.3234 -6 159 268 327
sofa 0.2149 231 203 499 330
sofa 0.1277 59 231 441 328
sofa 0.1000 393 248 502 330
sofa 0.0298 384 194 501 299
sofa 0.0279 6 200 185 331
sofa 0.0230 81 170 496 337
sofa 0.0161 -1 195 46 267
sofa 0.0082 74 192 188 301
sofa 0.0081 60 239 191 323
sofa 0.0070 0 195 137 294
sofa 0.0056 -1 189 58 309
sofa 0.0047 17 196 46 234
sofa 0.0043 0 197 28 238
sofa 0.0039 239 197 321 304
sofa 0.0035 115 197 232 296
sofa 0.0035 205 195 297 308
sofa 0.0022 153 203 267 303
sofa 0.0019 109 243 244 322
sofa 0.0018 0 230 121 327
sofa 0.0018 209 213 353 323
sofa 0.0016 67 175 207 248
sofa 0.0012 272 201 400 307
sofa 0.0011 169 262 392 326
sofa 0.0011 -2 183 183 250
sofa 0.0011 57 289 367 329
sofa 0.0010 378 183 504 243
diningtable 0.0048 99 289 423 331
tvmonitor 0.0062 0 57 114 140
