person 0.2797 80 0 495 374
person 0.0361 317 0 499 221
person 0.0277 15 -4 348 317
person 0.0262 -9 150 434 360
person 0.0132 206 10 440 201
person 0.0129 24 6 238 216
person 0.0102 256 91 483 281
person 0.0098 0 -5 132 237
person 0.0091 19 73 261 294
person 0.0070 9 2 122 125
person 0.0049 381 1 502 92
person 0.0030 6 79 166 373
person 0.0028 340 0 450 118
person 0.0023 379 82 495 301
person 0.0019 177 167 473 354
person 0.0017 265 155 395 224
person 0.0016 310 103 419 203
person 0.0015 341 91 465 214
person 0.0012 263 -16 522 327
person 0.0011 426 -22 502 327
person 0.0010 61 241 441 364
bird 0.0010 175 101 271 167
cat 0.2886 29 81 134 219
cat 0.1018 19 49 163 250
cat 0.0250 326 94 492 270
cat 0.0113 19 73 261 294
cat 0.0068 307 146 432 224
cat 0.0039 341 91 465 214
cat 0.0030 67 68 508 379
cat 0.0028 255 119 483 341
cat 0.0020 315 118 438 203
cat 0.0016 103 141 396 317
cat 0.0016 52 79 211 194
cat 0.0014 252 37 482 256
cat 0.0011 343 160 417 206
cat 0.0010 265 155 395 224
cat 0.0010 387 101 495 353
dog 0.0344 67 68 508 379
dog 0.0211 29 81 134 219
dog 0.0143 326 94 492 270
dog 0.0117 19 49 163 250
dog 0.0039 19 73 261 294
dog 0.0038 142 141 425 317
dog 0.0017 355 106 467 212
dog 0.0016 4 6 355 367
dog 0.0013 370 -5 503 308
dog 0.0012 255 119 483 341
dog 0.0010 252 37 482 256
dog 0.0010 387 101 495 353
dog 0.0010 123 103 370 267
bottle 0.0013 342 116 464 242
bottle 0.0010 165 107 272 174
chair 0.0146 39 0 455 374
chair 0.0021 317 0 499 221
chair 0.0019 1 157 133 374
chair 0.0017 0 -5 132 237
sofa 0.0434 -4 -5 425 315
sofa 0.0127 67 68 508 379
sofa 0.0065 145 -13 499 248
sofa 0.0029 1 157 133 374
sofa 0.0028 0 -5 132 237
sofa 0.0026 317 0 499 221
sofa 0.0017 381 1 502 92
sofa 0.0015 206 10 440 201
diningtable 0.0025 -12 9 436 362
diningtable 0.0011 391 231 495 369
