person 0.6190 21 163 42 205
person 0.3090 39 163 57 205
person 0.2685 0 155 15 209
person 0.0813 60 167 78 202
person 0.0193 78 108 108 199
person 0.0032 10 158 44 209
person 0.0032 -1 158 18 270
person 0.0029 0 194 17 230
person 0.0018 0 333 24 361
person 0.0017 28 166 66 217
person 0.0017 4 340 46 358
person 0.0013 168 22 203 54
person 0.0013 207 19 232 62
person 0.0010 75 165 98 204
car 0.0067 0 171 16 213
car 0.0038 449 110 499 131
car 0.0033 125 28 161 58
car 0.0023 207 19 232 62
car 0.0023 471 104 499 128
car 0.0020 183 24 215 60
car 0.0017 168 22 203 54
car 0.0014 21 167 42 211
car 0.0012 172 11 223 67
car 0.0012 201 10 242 68
train 0.4358 73 37 422 267
train 0.0143 387 123 501 235
train 0.0091 173 78 468 238
train 0.0066 298 105 499 253
train 0.0013 45 7 380 139
train 0.0012 477 120 499 232
train 0.0011 138 40 289 98
boat 0.0059 446 68 499 127
boat 0.0056 449 110 499 131
boat 0.0047 471 104 499 128
boat 0.0015 4 340 46 358
boat 0.0014 469 69 500 172
boat 0.0011 473 83 499 120
bird 0.0026 4 340 46 358
bird 0.0019 0 333 24 361
chair 0.0019 0 171 16 213
chair 0.0013 4 340 46 358
