person 0.0025 4 59 240 251
person 0.0024 10 13 415 360
person 0.0015 0 120 29 349
person 0.0013 97 140 265 304
person 0.0013 260 185 296 244
boat 0.0072 100 174 378 326
bottle 0.0149 205 302 228 373
bottle 0.0015 270 196 292 242
chair 0.5658 360 38 495 85
chair 0.0053 10 13 415 360
chair 0.0036 237 69 504 274
chair 0.0034 -4 61 220 313
chair 0.0024 100 174 378 326
chair 0.0024 0 120 29 349
chair 0.0022 342 221 368 289
chair 0.0021 367 44 463 72
chair 0.0010 258 168 376 260
sofa 0.9577 206 40 515 261
sofa 0.4714 -4 61 220 313
sofa 0.0562 10 13 415 360
sofa 0.0215 156 59 436 181
sofa 0.0033 23 65 318 230
sofa 0.0030 15 31 487 209
sofa 0.0026 -8 142 155 368
sofa 0.0020 0 120 29 349
sofa 0.0018 170 66 322 165
sofa 0.0016 26 138 247 372
sofa 0.0013 95 152 343 304
sofa 0.0012 360 38 495 85
sofa 0.0012 11 69 256 163
sofa 0.0011 100 76 230 160
pottedplant 0.0028 76 0 249 85
diningtable 0.0614 100 174 378 326
diningtable 0.0073 11 150 413 364
diningtable 0.0059 360 38 495 85
diningtable 0.0014 134 174 346 264
tvmonitor 0.0099 359 40 480 83
tvmonitor 0.0036 100 174 378 326
