person 0.8869 193 0 438 403
person 0.0595 13 106 44 148
person 0.0548 433 65 502 338
person 0.0507 258 297 407 401
person 0.0432 377 79 504 400
person 0.0061 326 72 477 337
person 0.0060 374 306 493 389
person 0.0044 275 5 515 395
person 0.0036 228 237 433 401
person 0.0033 426 141 446 169
person 0.0023 450 104 499 202
person 0.0022 429 151 448 193
person 0.0016 308 234 501 396
person 0.0016 115 14 464 261
person 0.0013 20 130 405 411
person 0.0012 186 32 381 230
person 0.0011 0 62 21 174
person 0.0011 165 145 333 400
person 0.0011 49 98 73 139
person 0.0010 28 108 62 150
person 0.0010 2 103 20 154
car 0.0011 13 106 44 148
dog 0.0023 13 106 44 148
dog 0.0016 433 80 502 393
bottle 0.0125 429 151 448 193
bottle 0.0052 426 141 446 169
bottle 0.0044 224 173 255 201
bottle 0.0032 183 158 205 195
bottle 0.0014 13 106 44 148
bottle 0.0012 141 67 270 239
chair 0.0314 224 173 255 201
chair 0.0180 258 297 407 401
chair 0.0134 409 185 448 275
chair 0.0133 368 117 504 420
chair 0.0121 239 172 273 209
chair 0.0104 202 173 240 196
chair 0.0078 429 151 448 193
chair 0.0058 433 80 502 393
chair 0.0057 158 120 195 195
chair 0.0050 426 141 446 169
chair 0.0038 386 306 492 392
chair 0.0036 250 174 460 379
chair 0.0030 393 205 440 282
chair 0.0027 186 166 250 218
chair 0.0025 308 234 501 396
chair 0.0024 0 267 97 369
chair 0.0023 241 128 276 209
chair 0.0022 214 171 270 213
chair 0.0021 326 72 477 337
chair 0.0020 194 300 252 347
chair 0.0019 344 260 444 318
chair 0.0017 367 182 454 313
chair 0.0016 -1 240 65 333
chair 0.0016 384 222 479 341
chair 0.0014 402 134 432 166
chair 0.0014 183 158 205 195
chair 0.0012 149 76 262 191
chair 0.0011 404 228 457 304
chair 0.0011 139 146 229 232
chair 0.0010 423 185 444 235
chair 0.0010 0 323 31 352
chair 0.0010 179 161 222 225
chair 0.0010 415 204 442 249
chair 0.0010 343 273 461 369
sofa 0.0061 258 297 407 401
sofa 0.0061 322 170 490 383
sofa 0.0051 433 80 502 393
sofa 0.0038 313 306 491 394
sofa 0.0023 228 237 433 401
pottedplant 0.0069 426 141 446 169
pottedplant 0.0026 429 151 448 193
diningtable 0.0251 13 219 260 399
diningtable 0.0208 429 151 448 193
diningtable 0.0037 -5 199 429 411
diningtable 0.0026 426 141 446 169
diningtable 0.0016 202 173 240 196
diningtable 0.0014 420 138 450 200
diningtable 0.0011 122 162 300 388
diningtable 0.0010 239 172 273 209
tvmonitor 0.6997 78 73 164 196
tvmonitor 0.2152 1 77 89 235
tvmonitor 0.0880 87 81 151 145
tvmonitor 0.0349 10 62 180 257
tvmonitor 0.0300 9 100 48 155
tvmonitor 0.0118 0 0 19 76
tvmonitor 0.0089 5 3 107 85
tvmonitor 0.0063 96 117 158 176
tvmonitor 0.0026 149 76 262 191
tvmonitor 0.0025 142 110 223 218
tvmonitor 0.0025 154 118 188 195
tvmonitor 0.0020 102 140 151 168
tvmonitor 0.0018 11 99 77 162
tvmonitor 0.0015 128 94 152 135
tvmonitor 0.0013 94 116 145 145
tvmonitor 0.0013 87 67 262 243
tvmonitor 0.0012 19 146 84 194
