person 0.9075 88 35 231 348
person 0.6708 3 74 45 160
person 0.6687 212 29 386 349
person 0.5335 202 67 231 105
person 0.4154 399 106 427 140
person 0.2409 197 66 236 128
person 0.1610 418 104 437 145
person 0.1052 380 104 406 134
person 0.0947 436 115 461 154
person 0.0880 481 119 500 164
person 0.0795 425 112 442 152
person 0.0345 186 81 250 210
person 0.0198 4 65 28 105
person 0.0162 2 75 28 122
person 0.0111 319 87 339 129
person 0.0107 193 70 278 167
person 0.0106 355 241 424 345
person 0.0101 131 73 448 360
person 0.0077 484 94 499 156
person 0.0061 479 96 500 216
person 0.0056 206 126 241 224
person 0.0050 251 103 276 134
person 0.0036 427 111 464 165
person 0.0035 96 117 121 155
person 0.0035 158 56 249 185
person 0.0033 205 67 267 130
person 0.0032 232 323 285 376
person 0.0031 0 97 25 143
person 0.0030 311 84 335 125
person 0.0028 385 102 438 144
person 0.0025 137 46 268 334
person 0.0023 208 92 271 148
person 0.0022 196 102 239 128
person 0.0020 39 30 314 358
person 0.0020 253 324 301 375
person 0.0018 385 115 411 147
person 0.0016 240 47 340 153
person 0.0016 2 58 46 119
person 0.0015 362 104 397 131
person 0.0015 251 45 274 83
person 0.0014 183 72 233 165
person 0.0013 412 98 457 149
person 0.0013 15 123 38 161
person 0.0012 480 117 500 313
person 0.0012 4 56 26 81
person 0.0011 338 104 370 127
person 0.0011 255 58 275 98
person 0.0010 252 85 275 120
person 0.0010 174 62 200 101
person 0.0010 218 100 264 175
person 0.0010 108 109 135 143
person 0.0010 174 83 201 112
person 0.0010 191 84 224 113
person 0.0010 212 161 433 371
person 0.0010 -3 59 67 154
bicycle 0.5878 155 246 425 376
bicycle 0.4139 3 74 45 160
bicycle 0.2645 20 92 75 144
bicycle 0.1947 16 298 157 371
bicycle 0.1240 31 97 68 133
bicycle 0.0994 36 98 95 142
bicycle 0.0756 43 110 79 140
bicycle 0.0505 198 291 367 373
bicycle 0.0357 44 229 288 370
bicycle 0.0289 61 271 213 360
bicycle 0.0242 4 313 240 378
bicycle 0.0241 -4 245 193 371
bicycle 0.0211 0 97 25 143
bicycle 0.0201 52 279 371 373
bicycle 0.0187 184 148 401 374
bicycle 0.0166 72 108 107 138
bicycle 0.0165 251 249 390 373
bicycle 0.0148 8 98 46 136
bicycle 0.0144 329 236 424 357
bicycle 0.0111 90 169 231 364
bicycle 0.0100 15 123 38 161
bicycle 0.0091 284 319 344 373
bicycle 0.0090 119 193 218 322
bicycle 0.0081 53 103 111 146
bicycle 0.0074 308 321 371 375
bicycle 0.0068 246 313 386 376
bicycle 0.0065 139 327 187 376
bicycle 0.0064 305 290 406 375
bicycle 0.0059 162 271 348 356
bicycle 0.0053 270 320 323 375
bicycle 0.0044 2 75 28 122
bicycle 0.0034 96 254 198 340
bicycle 0.0033 102 276 156 355
bicycle 0.0032 1 270 129 363
bicycle 0.0032 137 279 189 345
bicycle 0.0031 72 322 297 373
bicycle 0.0030 32 357 130 376
bicycle 0.0028 481 119 500 164
bicycle 0.0026 399 106 427 140
bicycle 0.0025 380 104 406 134
bicycle 0.0024 342 326 398 376
bicycle 0.0023 358 338 394 374
bicycle 0.0022 131 300 321 365
bicycle 0.0022 14 345 170 380
bicycle 0.0021 4 65 28 105
bicycle 0.0020 82 109 129 169
bicycle 0.0020 87 108 117 144
bicycle 0.0017 0 117 24 152
bicycle 0.0014 3 104 94 166
bicycle 0.0014 -3 59 67 154
bicycle 0.0013 253 324 301 375
bicycle 0.0013 338 104 370 127
bicycle 0.0012 319 87 339 129
bicycle 0.0012 232 323 285 376
bicycle 0.0012 328 273 377 346
bicycle 0.0012 0 98 33 169
bicycle 0.0010 96 117 121 155
bicycle 0.0010 143 348 183 376
bicycle 0.0010 331 298 377 368
car 0.0723 380 104 406 134
car 0.0196 399 106 427 140
car 0.0166 481 119 500 164
car 0.0149 338 104 370 127
car 0.0045 418 104 437 145
car 0.0019 362 104 397 131
car 0.0016 369 102 420 116
car 0.0010 384 100 440 115
motorbike 0.0093 155 246 425 376
motorbike 0.0017 152 300 334 365
motorbike 0.0016 481 119 500 164
motorbike 0.0014 90 169 231 364
motorbike 0.0013 399 106 427 140
motorbike 0.0013 184 148 401 374
motorbike 0.0012 0 97 25 143
motorbike 0.0011 355 241 424 345
bus 0.0029 380 104 406 134
bus 0.0014 399 106 427 140
train 0.0013 158 18 420 368
boat 0.0022 481 119 500 164
boat 0.0013 155 246 425 376
bird 0.0010 481 119 500 164
dog 0.0062 14 139 38 164
dog 0.0024 0 117 24 152
dog 0.0016 355 241 424 345
dog 0.0010 3 97 43 167
horse 0.0025 399 106 427 140
bottle 0.1258 261 331 290 371
bottle 0.0443 253 324 301 375
bottle 0.0264 270 320 323 375
bottle 0.0255 278 332 310 372
bottle 0.0143 232 323 285 376
bottle 0.0091 119 266 158 288
bottle 0.0066 302 328 339 371
bottle 0.0061 281 317 316 344
bottle 0.0057 169 337 201 373
bottle 0.0051 112 258 148 285
bottle 0.0050 143 335 181 374
bottle 0.0046 341 330 371 368
bottle 0.0035 240 352 272 376
bottle 0.0031 308 291 341 324
bottle 0.0030 202 338 237 372
bottle 0.0026 122 278 171 297
bottle 0.0020 248 315 305 345
bottle 0.0020 316 335 354 371
bottle 0.0016 278 349 306 376
bottle 0.0015 284 319 344 373
bottle 0.0013 339 325 373 350
bottle 0.0012 337 289 363 325
bottle 0.0011 319 277 357 316
chair 0.1600 338 104 370 127
chair 0.0942 380 104 406 134
chair 0.0206 362 104 397 131
chair 0.0186 206 126 241 224
chair 0.0095 90 169 231 364
chair 0.0088 399 106 427 140
chair 0.0074 119 193 218 322
chair 0.0061 481 119 500 164
chair 0.0054 319 97 341 129
chair 0.0052 45 239 377 366
chair 0.0040 436 115 461 154
chair 0.0036 214 189 235 232
chair 0.0030 97 115 229 196
chair 0.0025 210 171 240 296
chair 0.0019 212 131 238 185
chair 0.0019 13 316 162 374
chair 0.0019 418 104 437 145
chair 0.0018 213 217 237 253
chair 0.0017 32 357 130 376
chair 0.0016 0 97 25 143
chair 0.0016 222 105 262 131
chair 0.0014 355 241 424 345
chair 0.0011 195 75 242 201
chair 0.0011 425 112 442 152
chair 0.0010 218 100 264 175
sofa 0.0015 39 66 386 370
pottedplant 0.0177 437 109 458 144
pottedplant 0.0104 441 74 496 128
pottedplant 0.0048 399 106 427 140
pottedplant 0.0040 427 86 465 150
pottedplant 0.0035 432 81 463 116
pottedplant 0.0029 480 85 500 164
pottedplant 0.0013 418 104 437 145
pottedplant 0.0012 110 2 231 89
pottedplant 0.0010 427 111 464 165
diningtable 0.0013 55 161 447 360
