person 0.0508 104 8 233 87
person 0.0350 236 187 506 385
person 0.0338 135 15 196 68
person 0.0228 143 26 174 62
person 0.0223 190 38 220 75
person 0.0209 15 65 155 121
person 0.0186 165 27 195 64
person 0.0110 77 156 496 403
person 0.0106 0 2 271 118
person 0.0059 203 36 232 81
person 0.0039 135 24 161 63
person 0.0038 102 10 145 70
person 0.0034 113 11 174 67
person 0.0033 114 24 142 66
person 0.0024 1 99 30 174
person 0.0022 -2 43 202 123
person 0.0022 18 4 165 101
person 0.0021 0 79 22 121
person 0.0020 186 30 209 65
person 0.0020 0 115 23 231
person 0.0019 0 155 17 191
person 0.0019 153 29 205 77
person 0.0017 1 143 119 342
person 0.0017 142 39 183 67
person 0.0012 349 76 411 129
person 0.0011 -17 44 310 380
person 0.0011 334 72 422 164
person 0.0010 162 123 257 208
person 0.0010 -10 49 131 276
car 0.0041 6 112 417 385
cat 0.4688 6 112 417 385
cat 0.0030 2 177 90 313
cat 0.0022 122 185 445 371
cat 0.0022 324 133 417 195
cat 0.0015 306 167 498 232
cat 0.0010 365 73 418 136
dog 0.1109 19 135 322 364
dog 0.0227 77 156 496 403
dog 0.0091 324 133 417 195
dog 0.0063 350 66 431 180
dog 0.0046 365 73 418 136
bottle 0.2227 145 119 171 157
bottle 0.1697 130 117 155 156
bottle 0.1086 170 113 196 152
bottle 0.0133 132 105 165 160
bottle 0.0131 134 100 161 134
bottle 0.0124 91 80 127 156
bottle 0.0100 5 88 41 172
bottle 0.0066 25 115 74 164
bottle 0.0049 270 145 319 172
bottle 0.0048 27 121 57 159
bottle 0.0046 118 114 137 157
bottle 0.0033 136 123 182 183
bottle 0.0032 0 120 24 158
bottle 0.0030 141 158 190 184
bottle 0.0026 33 74 156 158
bottle 0.0023 0 79 22 121
bottle 0.0019 20 116 41 162
bottle 0.0019 140 140 177 168
bottle 0.0018 255 94 275 143
bottle 0.0018 5 81 42 123
bottle 0.0016 0 97 22 136
bottle 0.0016 96 113 124 155
bottle 0.0015 125 89 154 118
bottle 0.0015 143 26 174 62
bottle 0.0013 0 79 110 161
bottle 0.0012 0 118 27 187
bottle 0.0012 0 155 17 191
bottle 0.0012 135 15 196 68
chair 0.0402 7 64 160 126
chair 0.0292 256 89 391 163
chair 0.0177 442 49 501 189
chair 0.0139 324 75 419 174
chair 0.0096 409 35 493 151
chair 0.0085 399 27 495 85
chair 0.0078 -15 149 438 392
chair 0.0057 104 8 233 87
chair 0.0046 8 2 106 110
chair 0.0040 479 61 500 207
chair 0.0034 481 116 500 233
chair 0.0032 487 142 500 203
chair 0.0030 275 76 391 131
chair 0.0028 267 4 362 104
chair 0.0028 0 0 62 117
chair 0.0022 0 79 22 121
chair 0.0022 0 79 110 161
chair 0.0021 353 47 429 144
chair 0.0019 279 95 352 116
chair 0.0018 354 53 401 76
chair 0.0018 413 46 480 103
chair 0.0018 125 89 154 118
chair 0.0017 0 -8 14 125
chair 0.0015 350 54 406 102
chair 0.0014 1 23 11 99
chair 0.0014 58 -3 289 115
chair 0.0012 73 40 504 381
chair 0.0011 485 171 500 223
chair 0.0011 4 80 43 124
chair 0.0011 29 66 106 118
chair 0.0011 236 187 506 385
chair 0.0010 267 57 454 204
chair 0.0010 146 149 264 232
sofa 0.0438 73 92 500 396
sofa 0.0315 236 187 506 385
sofa 0.0125 7 64 160 126
sofa 0.0032 -8 85 283 246
sofa 0.0026 256 89 391 163
sofa 0.0024 -13 13 282 152
sofa 0.0023 5 107 291 385
sofa 0.0019 242 107 506 303
sofa 0.0015 -30 220 455 402
sofa 0.0014 -34 319 456 408
sofa 0.0011 442 49 501 189
sofa 0.0010 0 79 110 161
diningtable 0.0035 0 99 95 171
diningtable 0.0023 6 112 417 385
diningtable 0.0022 1 99 30 174
diningtable 0.0016 0 120 24 158
diningtable 0.0013 -8 85 283 246
tvmonitor 0.0567 104 8 233 87
tvmonitor 0.0153 58 -3 289 115
tvmonitor 0.0018 267 4 362 104
tvmonitor 0.0012 135 15 196 68
