person 0.0252 83 69 490 376
person 0.0142 272 163 476 349
person 0.0014 127 57 437 178
person 0.0013 290 0 360 23
person 0.0011 18 35 409 285
cat 0.2040 59 59 353 250
cat 0.1021 42 56 457 385
cat 0.0190 266 130 477 336
cat 0.0173 127 57 437 178
cat 0.0054 99 67 333 165
cat 0.0031 133 92 439 270
cat 0.0016 180 74 387 161
cat 0.0015 63 82 188 165
dog 0.3648 266 130 477 336
dog 0.0628 42 56 457 385
dog 0.0035 204 76 515 373
dog 0.0022 64 82 348 266
dog 0.0011 127 57 437 178
dog 0.0011 141 114 440 336
sheep 0.0021 272 163 476 349
bottle 0.0010 295 -1 361 25
chair 0.0149 33 36 465 281
chair 0.0013 -1 127 63 248
chair 0.0013 3 56 360 385
chair 0.0010 395 158 488 280
sofa 0.1111 42 56 457 385
sofa 0.0042 14 27 356 291
sofa 0.0037 204 76 515 373
sofa 0.0033 -5 162 275 365
sofa 0.0022 391 8 500 206
sofa 0.0019 272 163 476 349
sofa 0.0012 61 201 520 375
sofa 0.0010 371 153 499 363
pottedplant 0.0150 295 -1 361 25
diningtable 0.0058 408 8 499 80
diningtable 0.0014 391 8 500 206
