car 0.0039 48 25 454 317
car 0.0036 73 302 355 333
boat 0.0024 73 302 355 333
bird 0.0029 48 25 454 317
bird 0.0021 102 170 137 206
bird 0.0016 202 138 235 165
bird 0.0012 74 107 359 294
bird 0.0012 250 103 295 128
bird 0.0010 277 101 312 128
chair 0.0383 73 302 355 333
chair 0.0015 47 223 376 332
pottedplant 0.2803 48 25 454 317
pottedplant 0.0086 134 99 362 306
pottedplant 0.0010 201 148 377 330
diningtable 0.0376 73 302 355 333
diningtable 0.0063 31 206 545 341
diningtable 0.0021 -3 18 426 323
diningtable 0.0018 143 295 414 328
diningtable 0.0015 142 222 429 334
