person 0.0223 -11 48 439 524
person 0.0074 5 16 58 76
person 0.0022 1 139 98 224
person 0.0019 38 23 63 70
person 0.0016 1 122 111 459
person 0.0015 102 -1 328 39
person 0.0013 15 23 46 69
person 0.0012 0 7 117 111
person 0.0011 4 2 252 52
person 0.0010 -3 33 122 226
car 0.0080 3 403 44 498
car 0.0058 1 84 101 178
car 0.0038 1 139 98 224
car 0.0031 24 81 82 133
car 0.0017 -11 48 439 524
motorbike 0.0031 -11 48 439 524
aeroplane 0.0011 3 403 44 498
bird 0.0060 15 76 350 500
cat 0.0704 -11 48 439 524
cat 0.0020 5 4 291 420
cat 0.0013 203 26 426 473
dog 0.5665 -14 -2 435 425
dog 0.0044 203 26 426 473
dog 0.0024 67 143 427 489
horse 0.0039 -11 48 439 524
cow 0.0062 -11 48 439 524
chair 0.0210 1 84 101 178
chair 0.0087 -7 29 430 469
chair 0.0084 3 48 106 150
chair 0.0048 3 403 44 498
chair 0.0045 1 139 98 224
chair 0.0042 24 81 82 133
chair 0.0034 0 227 60 411
chair 0.0030 -9 5 194 176
chair 0.0021 2 169 120 487
chair 0.0017 0 7 117 111
chair 0.0010 150 299 427 502
chair 0.0010 5 400 118 499
chair 0.0010 -3 33 122 226
sofa 0.0255 -7 29 430 469
sofa 0.0032 157 0 428 55
sofa 0.0019 2 169 120 487
sofa 0.0016 0 227 60 411
sofa 0.0012 -24 -4 451 214
diningtable 0.0020 3 403 44 498
diningtable 0.0017 13 3 172 51
diningtable 0.0012 -10 -4 200 132
tvmonitor 0.0025 157 0 428 55
