person 0.0010 115 67 298 157
cat 0.0011 130 97 200 142
dog 0.0019 130 97 200 142
dog 0.0018 95 63 315 145
chair 0.1467 98 70 319 199
chair 0.0050 117 63 312 144
chair 0.0043 244 91 331 192
chair 0.0023 88 81 202 199
sofa 0.5955 98 70 319 199
sofa 0.0094 117 63 312 144
pottedplant 0.1448 105 92 308 196
pottedplant 0.1352 115 67 298 157
pottedplant 0.0293 130 97 200 142
pottedplant 0.0066 215 121 264 144
pottedplant 0.0063 217 108 257 140
pottedplant 0.0057 207 98 271 147
pottedplant 0.0051 202 106 239 136
pottedplant 0.0038 241 121 284 144
pottedplant 0.0030 162 107 202 138
pottedplant 0.0016 242 106 279 138
pottedplant 0.0016 181 125 223 191
pottedplant 0.0016 187 107 216 139
pottedplant 0.0014 109 78 212 158
pottedplant 0.0012 201 122 246 144
pottedplant 0.0012 88 81 202 199
pottedplant 0.0011 100 58 309 118
diningtable 0.0014 117 113 292 197
diningtable 0.0010 73 94 344 261
diningtable 0.0010 18 84 401 360
