person 0.0064 308 174 336 223
person 0.0010 283 32 306 62
car 0.0012 468 24 500 52
bird 0.0529 413 172 440 201
bird 0.0021 308 174 336 223
bird 0.0013 378 169 441 209
bird 0.0011 322 162 385 213
cat 0.0024 416 168 443 200
cat 0.0014 322 158 386 209
dog 0.0871 322 158 386 209
dog 0.0076 308 174 336 223
dog 0.0072 413 172 440 201
dog 0.0025 95 151 141 191
horse 0.0237 413 172 440 201
horse 0.0038 378 169 441 209
horse 0.0019 322 162 385 213
sheep 0.9906 246 120 317 228
sheep 0.9729 132 129 200 195
sheep 0.8957 322 158 386 209
sheep 0.8005 95 150 141 193
sheep 0.7101 308 174 336 223
sheep 0.0370 254 127 304 149
sheep 0.0324 287 126 319 157
sheep 0.0241 166 128 199 154
sheep 0.0204 310 165 366 218
sheep 0.0106 135 126 186 153
sheep 0.0094 413 172 440 201
sheep 0.0051 90 148 131 175
sheep 0.0049 170 131 199 172
sheep 0.0047 306 167 331 196
sheep 0.0040 282 198 316 222
sheep 0.0017 269 126 317 193
sheep 0.0017 262 135 297 171
sheep 0.0016 269 159 323 223
sheep 0.0015 313 161 361 189
sheep 0.0014 126 130 173 189
sheep 0.0012 294 136 385 218
sheep 0.0012 299 132 321 171
sheep 0.0011 129 159 158 191
sheep 0.0011 285 179 315 219
sheep 0.0010 249 126 315 160
cow 0.0696 95 150 141 193
cow 0.0324 413 172 440 201
cow 0.0087 132 129 200 195
cow 0.0061 322 162 385 213
cow 0.0010 378 169 441 209
