person 0.0666 418 40 453 129
person 0.0517 271 95 335 140
person 0.0068 225 84 346 152
person 0.0061 215 82 269 131
person 0.0050 283 96 327 121
person 0.0042 168 68 325 152
person 0.0040 478 52 498 100
person 0.0021 394 28 473 132
person 0.0018 185 80 209 122
person 0.0017 209 82 240 121
person 0.0013 360 60 383 106
person 0.0013 192 79 247 131
person 0.0010 319 253 380 299
person 0.0010 316 259 350 298
car 0.5211 60 46 438 311
car 0.2602 61 43 204 100
car 0.1160 449 38 498 96
car 0.1132 451 53 496 80
car 0.1012 64 69 149 107
car 0.0434 90 17 202 70
car 0.0229 66 69 97 102
car 0.0101 365 85 391 106
car 0.0058 406 16 492 129
car 0.0054 478 52 498 100
car 0.0046 418 40 453 129
car 0.0031 67 61 196 129
car 0.0023 42 20 299 135
car 0.0019 181 243 303 292
car 0.0018 79 45 365 188
car 0.0013 451 62 499 137
car 0.0013 82 78 136 109
car 0.0012 449 36 467 76
car 0.0010 161 108 336 166
motorbike 0.0064 50 33 388 329
motorbike 0.0016 365 85 391 106
aeroplane 0.0011 60 46 438 311
bus 0.0042 60 46 438 311
bus 0.0023 61 43 204 100
bus 0.0013 449 38 498 96
train 0.0082 60 46 438 311
bottle 0.0059 449 36 467 76
bottle 0.0026 418 40 453 129
bottle 0.0017 451 53 496 80
bottle 0.0017 75 171 127 230
chair 0.0037 451 49 498 103
chair 0.0030 451 62 499 137
chair 0.0012 87 22 206 64
chair 0.0011 477 54 500 181
tvmonitor 0.0012 90 17 202 70
