person 0.0067 27 22 188 271
person 0.0055 48 92 86 154
person 0.0045 271 214 289 265
person 0.0045 70 146 92 247
person 0.0042 17 113 44 205
person 0.0036 22 98 66 176
person 0.0034 23 147 42 204
person 0.0020 241 149 312 249
person 0.0019 22 126 42 181
person 0.0017 16 88 86 191
person 0.0012 17 75 48 169
person 0.0010 48 37 207 123
person 0.0010 251 151 304 210
bicycle 0.7857 37 44 459 340
bicycle 0.0476 305 32 504 331
bicycle 0.0155 51 72 299 301
bicycle 0.0087 133 91 439 286
bicycle 0.0072 48 37 207 123
bicycle 0.0030 29 130 104 251
bicycle 0.0023 27 22 188 271
car 0.0045 25 40 405 343
motorbike 0.0088 48 37 207 123
motorbike 0.0011 34 67 463 360
bus 0.0122 65 38 509 343
train 0.0013 74 68 500 362
boat 0.0045 74 68 500 362
bird 0.0220 251 151 304 210
bird 0.0031 283 148 305 177
bird 0.0023 258 159 293 199
cat 0.0859 251 151 304 210
cat 0.0182 239 146 338 241
cat 0.0013 258 159 293 199
dog 0.0059 251 151 304 210
dog 0.0045 241 149 312 249
dog 0.0040 29 130 104 251
dog 0.0029 48 92 86 154
dog 0.0017 23 93 94 205
dog 0.0013 22 98 66 176
horse 0.0140 48 37 207 123
horse 0.0012 74 68 500 362
bottle 0.3773 251 151 304 210
bottle 0.0655 283 148 305 177
bottle 0.0443 258 159 293 199
bottle 0.0136 241 149 312 249
bottle 0.0103 257 173 288 213
bottle 0.0055 271 147 300 181
bottle 0.0031 48 37 207 123
bottle 0.0029 271 214 289 265
bottle 0.0028 249 164 284 204
bottle 0.0016 358 123 380 158
bottle 0.0013 200 139 237 221
bottle 0.0013 210 156 231 207
bottle 0.0010 254 170 296 257
chair 0.0031 312 120 496 315
chair 0.0026 48 37 207 123
chair 0.0020 487 263 500 333
chair 0.0014 483 187 500 360
chair 0.0013 121 31 217 102
chair 0.0011 20 123 42 166
sofa 0.0021 54 83 374 301
pottedplant 0.0173 444 320 500 373
pottedplant 0.0120 435 251 502 374
pottedplant 0.0037 483 242 500 382
pottedplant 0.0027 488 278 500 339
pottedplant 0.0019 10 8 88 154
diningtable 0.0016 74 68 500 362
