person 0.0300 16 89 39 120
person 0.0039 0 48 53 121
person 0.0037 0 70 16 124
person 0.0018 136 201 190 226
person 0.0018 142 184 179 216
person 0.0017 1 -1 66 127
person 0.0014 0 1 22 127
person 0.0013 474 126 499 346
person 0.0011 453 338 491 371
person 0.0011 161 163 207 223
bicycle 0.8433 95 22 473 356
bicycle 0.0160 24 124 186 314
bicycle 0.0082 263 104 472 333
bicycle 0.0071 25 112 182 172
bicycle 0.0053 27 71 243 243
bicycle 0.0049 39 135 166 236
bicycle 0.0048 50 81 390 293
bicycle 0.0027 218 14 427 301
bicycle 0.0026 395 3 492 377
bicycle 0.0019 163 32 410 190
bicycle 0.0018 39 153 143 291
bicycle 0.0014 59 240 185 309
bicycle 0.0012 0 150 59 308
bicycle 0.0012 32 117 214 202
bicycle 0.0011 0 18 191 193
bicycle 0.0011 -6 43 300 339
bicycle 0.0010 1 3 65 128
car 0.0017 103 197 226 271
motorbike 0.2220 8 61 429 372
motorbike 0.0018 59 240 185 309
aeroplane 0.0017 57 72 447 362
boat 0.0058 57 72 447 362
boat 0.0028 444 294 499 371
boat 0.0022 453 338 491 371
boat 0.0013 478 336 499 374
boat 0.0011 473 249 500 373
bird 0.0038 453 338 491 371
bird 0.0013 478 336 499 374
bottle 0.0055 364 178 383 218
bottle 0.0028 125 181 161 213
bottle 0.0013 223 204 245 236
bottle 0.0011 142 184 179 216
bottle 0.0010 129 165 165 192
bottle 0.0010 344 145 379 245
chair 0.0042 1 -1 66 127
pottedplant 0.0033 442 -6 496 387
pottedplant 0.0013 393 -5 496 306
