person 0.8375 0 55 165 358
person 0.4451 430 125 479 363
person 0.0376 121 304 273 357
person 0.0196 279 302 307 359
person 0.0181 431 6 480 300
person 0.0131 453 117 479 300
person 0.0117 384 21 477 339
person 0.0078 356 131 410 179
person 0.0062 428 128 446 178
person 0.0057 345 134 369 166
person 0.0046 437 110 481 188
person 0.0044 360 136 398 162
person 0.0040 436 247 479 309
person 0.0038 455 193 478 325
person 0.0034 233 80 258 121
person 0.0030 373 141 418 173
person 0.0029 9 15 406 340
person 0.0027 380 63 408 94
person 0.0020 0 45 65 379
person 0.0017 454 271 479 357
person 0.0017 36 221 299 358
person 0.0016 0 157 21 335
person 0.0014 424 116 453 182
person 0.0014 138 54 169 75
person 0.0014 0 107 21 267
person 0.0013 359 122 398 153
person 0.0013 377 61 417 126
person 0.0013 124 259 269 352
person 0.0012 354 62 398 124
person 0.0012 249 92 278 129
person 0.0010 353 113 407 160
person 0.0010 452 128 480 174
car 0.3030 127 54 160 78
car 0.2503 138 54 169 75
car 0.2358 121 304 273 357
car 0.1872 157 53 185 72
car 0.0378 186 28 483 318
car 0.0178 25 64 54 82
car 0.0129 445 111 480 187
car 0.0092 164 54 222 72
car 0.0089 436 75 480 201
car 0.0060 12 4 404 301
car 0.0059 3 29 158 351
car 0.0058 0 63 17 85
car 0.0052 106 64 134 88
car 0.0049 432 18 480 343
car 0.0044 140 298 356 362
car 0.0030 188 54 232 71
car 0.0027 121 119 149 149
car 0.0026 113 39 166 80
car 0.0024 117 156 150 219
car 0.0021 384 21 477 339
car 0.0021 448 109 480 129
car 0.0017 122 171 147 213
car 0.0017 36 221 299 358
car 0.0016 363 7 389 32
car 0.0013 101 49 141 76
car 0.0013 74 278 406 358
car 0.0012 360 136 398 162
motorbike 0.0064 129 294 265 355
motorbike 0.0017 36 221 299 358
motorbike 0.0014 365 132 423 180
motorbike 0.0013 435 79 480 259
motorbike 0.0010 59 169 186 352
bus 0.0094 445 111 480 187
bus 0.0055 436 75 480 201
bus 0.0025 124 304 269 359
bus 0.0023 432 18 480 343
train 0.0035 445 111 480 187
train 0.0020 436 75 480 201
boat 0.0905 124 304 269 359
boat 0.0053 36 221 299 358
dog 0.0023 432 18 480 343
dog 0.0012 449 84 480 294
bottle 0.2300 279 302 307 359
bottle 0.0104 469 237 480 290
bottle 0.0060 459 260 479 301
bottle 0.0050 286 305 306 342
bottle 0.0045 428 128 446 178
bottle 0.0039 441 268 473 301
bottle 0.0037 305 308 353 358
bottle 0.0036 128 314 188 356
bottle 0.0013 469 216 480 274
bottle 0.0013 135 307 172 338
bottle 0.0010 276 334 308 361
chair 0.0053 124 304 269 359
chair 0.0014 307 311 365 360
chair 0.0011 431 159 483 347
chair 0.0010 454 271 479 357
chair 0.0010 136 319 184 350
pottedplant 0.0024 279 302 307 359
diningtable 0.0021 121 304 273 357
