person 0.9971 155 72 362 375
person 0.0054 275 121 293 149
person 0.0030 1 193 66 330
person 0.0025 94 118 120 152
person 0.0023 10 297 37 332
person 0.0021 0 248 69 372
person 0.0019 53 236 80 272
person 0.0016 100 275 122 318
person 0.0016 17 251 40 295
person 0.0013 181 299 217 372
person 0.0012 0 221 27 328
bicycle 0.0210 2 180 115 362
bicycle 0.0145 1 225 191 372
bicycle 0.0092 0 248 69 372
bicycle 0.0026 96 233 139 323
bicycle 0.0019 0 253 24 336
bicycle 0.0016 1 193 66 330
bicycle 0.0012 -1 296 103 373
bicycle 0.0010 0 261 55 334
car 0.0127 -1 296 103 373
car 0.0123 45 321 158 370
car 0.0052 0 248 69 372
car 0.0043 119 85 381 361
car 0.0039 0 329 62 377
car 0.0031 1 193 66 330
car 0.0025 1 225 191 372
car 0.0020 -1 189 61 239
car 0.0019 0 221 27 328
car 0.0013 14 227 74 283
car 0.0011 0 358 58 378
car 0.0010 -19 312 156 376
motorbike 0.0047 0 248 69 372
motorbike 0.0032 2 180 115 362
motorbike 0.0010 119 85 381 361
boat 0.0205 2 180 115 362
boat 0.0181 0 193 87 278
boat 0.0180 119 85 381 361
boat 0.0179 -1 189 61 239
boat 0.0115 1 225 191 372
boat 0.0103 -17 -26 289 399
boat 0.0030 -4 11 135 359
boat 0.0028 51 322 199 371
boat 0.0024 131 201 201 372
boat 0.0022 28 227 67 251
boat 0.0021 14 227 74 283
boat 0.0019 102 319 239 373
boat 0.0016 315 159 492 374
boat 0.0016 51 18 221 352
boat 0.0013 -17 188 373 396
boat 0.0012 0 249 91 371
boat 0.0011 100 229 410 364
bird 0.0107 132 190 202 364
bird 0.0052 299 212 367 373
cat 0.1840 132 190 202 364
cat 0.0098 301 211 366 371
dog 0.8653 299 212 367 373
dog 0.2501 129 190 199 360
dog 0.0088 309 212 361 263
dog 0.0085 64 222 134 326
dog 0.0050 96 233 139 323
dog 0.0046 181 141 366 375
dog 0.0043 52 174 221 367
dog 0.0024 170 234 400 366
dog 0.0014 3 197 91 327
horse 0.0019 129 190 199 360
horse 0.0012 119 85 381 361
sheep 0.0028 132 190 202 364
bottle 0.0022 134 332 161 371
bottle 0.0020 100 275 122 318
bottle 0.0013 157 184 181 213
bottle 0.0010 17 251 40 295
chair 0.0632 0 358 58 378
chair 0.0429 3 197 91 327
chair 0.0162 86 235 137 322
chair 0.0158 52 323 155 373
chair 0.0096 14 227 74 283
chair 0.0072 1 225 191 372
chair 0.0062 16 201 76 270
chair 0.0060 0 249 91 371
chair 0.0049 53 236 80 272
chair 0.0045 56 234 140 360
chair 0.0044 0 329 62 377
chair 0.0037 134 330 199 375
chair 0.0033 2 290 60 372
chair 0.0026 20 237 67 310
chair 0.0026 70 233 105 267
chair 0.0025 22 355 63 374
chair 0.0023 88 234 131 263
chair 0.0022 1 335 27 376
chair 0.0015 69 233 105 323
chair 0.0015 59 225 110 288
chair 0.0013 40 227 87 279
chair 0.0013 28 227 67 251
chair 0.0013 0 289 19 334
chair 0.0012 -2 349 35 378
chair 0.0012 25 235 72 267
chair 0.0011 -1 187 67 282
diningtable 0.0197 0 358 58 378
diningtable 0.0077 0 329 62 377
diningtable 0.0041 -1 296 103 373
diningtable 0.0036 131 201 201 372
diningtable 0.0025 45 321 158 370
diningtable 0.0024 147 326 207 373
diningtable 0.0018 164 316 204 342
diningtable 0.0018 7 320 47 343
diningtable 0.0014 22 355 63 374
diningtable 0.0014 1 225 191 372
diningtable 0.0012 3 197 91 327
diningtable 0.0011 -19 312 156 376
