cat 0.0032 270 36 489 256
cat 0.0014 38 84 303 274
cat 0.0011 16 19 335 356
bottle 0.0020 159 77 176 119
chair 0.0319 216 266 416 347
chair 0.0049 206 323 518 375
chair 0.0036 404 229 499 353
chair 0.0026 404 183 496 281
chair 0.0025 193 182 464 347
chair 0.0020 16 19 335 356
chair 0.0016 0 326 66 374
chair 0.0014 208 252 502 364
sofa 0.0031 -8 190 334 355
pottedplant 0.0529 15 96 263 357
pottedplant 0.0493 134 16 518 358
pottedplant 0.0307 211 49 305 159
pottedplant 0.0279 270 36 489 256
pottedplant 0.0140 178 48 314 243
pottedplant 0.0079 21 225 233 370
pottedplant 0.0068 108 63 310 295
pottedplant 0.0063 -12 66 433 377
pottedplant 0.0034 72 143 197 222
pottedplant 0.0018 215 86 272 154
pottedplant 0.0017 11 192 250 249
pottedplant 0.0015 191 35 378 196
pottedplant 0.0015 292 110 503 341
pottedplant 0.0014 227 64 284 137
pottedplant 0.0010 185 55 389 320
diningtable 0.0557 134 16 518 358
diningtable 0.0493 171 333 503 374
diningtable 0.0272 -32 157 453 375
diningtable 0.0118 185 301 472 370
diningtable 0.0083 0 326 66 374
diningtable 0.0055 -8 290 433 376
diningtable 0.0050 193 182 464 347
diningtable 0.0038 16 225 309 369
diningtable 0.0031 -12 318 118 373
diningtable 0.0027 16 19 335 356
diningtable 0.0025 -8 304 213 370
diningtable 0.0013 267 83 490 277
tvmonitor 0.1143 152 4 281 52
tvmonitor 0.0010 16 19 335 356
tvmonitor 0.0010 110 60 307 237
