person 0.0295 0 81 18 188
person 0.0132 181 15 387 220
person 0.0123 154 235 243 341
person 0.0072 436 34 470 119
person 0.0056 0 -2 20 170
person 0.0056 0 94 21 338
person 0.0020 0 0 46 379
person 0.0018 197 252 239 324
person 0.0018 449 35 467 82
person 0.0015 147 -13 500 255
person 0.0013 351 5 464 123
person 0.0010 453 22 478 61
bicycle 0.0019 313 7 412 129
car 0.0061 147 -13 500 255
car 0.0052 0 64 18 185
car 0.0014 107 43 467 387
motorbike 0.0012 150 -10 493 319
train 0.0056 0 81 18 188
boat 0.0016 0 81 18 188
boat 0.0012 151 238 247 342
bird 0.2418 144 231 247 326
bird 0.0105 160 265 216 325
bird 0.0087 197 252 239 324
bird 0.0024 206 256 231 305
bird 0.0011 0 81 18 188
cat 0.0364 137 231 240 323
cat 0.0016 160 265 216 325
cat 0.0014 286 74 383 249
dog 0.2572 143 228 251 328
dog 0.2215 184 28 385 243
dog 0.0437 286 74 383 249
dog 0.0148 163 256 236 325
dog 0.0133 105 -15 471 397
dog 0.0068 197 252 239 324
dog 0.0039 271 50 440 245
dog 0.0015 307 126 393 236
horse 0.0296 137 231 240 323
horse 0.0019 0 64 18 185
horse 0.0014 184 28 385 243
cow 0.1732 144 231 247 326
cow 0.0073 158 257 245 355
cow 0.0054 160 265 216 325
cow 0.0018 197 252 239 324
bottle 0.0075 0 64 18 185
bottle 0.0036 164 17 351 209
chair 0.0187 181 15 387 220
chair 0.0084 160 10 273 137
chair 0.0082 198 2 453 154
chair 0.0060 105 -15 471 397
chair 0.0037 307 1 375 42
chair 0.0022 310 -4 491 136
chair 0.0019 0 28 18 178
chair 0.0014 284 0 385 74
chair 0.0014 160 13 282 68
sofa 0.0106 105 -15 471 397
sofa 0.0038 181 15 387 220
sofa 0.0010 198 2 453 154
pottedplant 0.0010 0 64 18 185
