person 0.5303 38 2 318 395
person 0.3374 224 57 499 376
person 0.0060 -5 305 106 379
person 0.0039 1 223 84 364
person 0.0027 476 174 500 370
person 0.0025 483 234 499 388
person 0.0023 -8 208 129 379
person 0.0022 448 207 494 339
person 0.0015 374 139 503 334
person 0.0010 39 323 96 375
chair 0.0436 76 145 139 198
chair 0.0399 388 153 501 370
chair 0.0166 444 157 499 360
chair 0.0105 483 234 499 388
chair 0.0085 -5 305 106 379
chair 0.0074 338 248 422 371
chair 0.0061 476 174 500 370
chair 0.0049 488 295 500 370
chair 0.0034 28 39 318 382
chair 0.0033 39 323 96 375
chair 0.0026 348 167 449 273
chair 0.0024 0 40 27 237
chair 0.0024 0 127 24 227
chair 0.0019 -1 238 96 367
chair 0.0019 72 138 179 215
chair 0.0017 82 145 122 180
chair 0.0017 224 57 499 376
chair 0.0016 76 155 101 194
chair 0.0016 0 217 270 375
chair 0.0016 447 245 495 333
chair 0.0014 0 14 111 373
chair 0.0013 101 144 142 174
chair 0.0011 -2 127 58 250
sofa 0.0576 388 153 501 370
sofa 0.0229 28 39 318 382
sofa 0.0127 187 46 477 383
sofa 0.0101 446 157 500 350
sofa 0.0085 -5 305 106 379
sofa 0.0071 -24 225 447 367
sofa 0.0060 73 159 505 358
sofa 0.0060 -1 238 96 367
sofa 0.0034 226 155 435 375
sofa 0.0024 339 250 437 366
sofa 0.0021 308 110 502 350
sofa 0.0016 348 167 449 273
sofa 0.0015 6 211 175 376
sofa 0.0014 476 174 500 370
sofa 0.0013 76 145 139 198
sofa 0.0010 0 207 67 332
diningtable 0.0038 -24 225 447 367
