person 0.9169 424 155 448 261
person 0.8394 398 153 431 261
person 0.7132 453 154 480 263
person 0.6980 479 129 499 295
person 0.5372 321 120 349 151
person 0.5128 365 162 385 242
person 0.1719 181 119 224 152
person 0.1366 183 101 219 131
person 0.0668 204 104 232 134
person 0.0632 375 174 403 244
person 0.0624 202 115 237 151
person 0.0491 424 158 445 198
person 0.0457 455 155 478 201
person 0.0414 130 116 147 155
person 0.0399 282 121 320 150
person 0.0393 404 157 428 198
person 0.0328 442 155 469 261
person 0.0302 474 134 500 223
person 0.0275 152 119 175 153
person 0.0205 222 117 250 150
person 0.0190 446 158 465 198
person 0.0185 292 120 340 150
person 0.0160 448 162 466 220
person 0.0153 481 166 498 222
person 0.0144 365 161 383 197
person 0.0140 478 149 498 196
person 0.0116 484 186 500 241
person 0.0099 159 108 215 155
person 0.0099 247 119 282 150
person 0.0087 122 119 140 153
person 0.0081 223 105 252 137
person 0.0070 257 121 298 151
person 0.0070 165 107 205 137
person 0.0065 296 105 336 138
person 0.0064 485 187 499 308
person 0.0053 400 168 425 217
person 0.0052 189 92 217 120
person 0.0050 320 109 351 142
person 0.0047 247 104 280 137
person 0.0047 458 195 482 230
person 0.0045 377 161 454 255
person 0.0042 405 147 428 178
person 0.0034 278 108 325 135
person 0.0028 259 104 294 134
person 0.0028 422 179 441 243
person 0.0027 94 117 113 150
person 0.0026 475 78 500 193
person 0.0025 102 121 137 196
person 0.0025 454 208 481 260
person 0.0023 129 114 149 198
person 0.0022 130 123 144 181
person 0.0022 273 102 328 148
person 0.0021 114 133 134 186
person 0.0021 92 108 121 136
person 0.0019 0 211 15 251
person 0.0015 399 192 429 228
person 0.0013 483 119 500 161
person 0.0013 449 125 498 283
person 0.0013 232 114 290 154
person 0.0012 98 128 128 220
person 0.0011 482 87 499 142
person 0.0011 489 210 499 296
person 0.0011 315 138 357 161
person 0.0011 254 101 306 148
person 0.0011 337 118 362 151
person 0.0010 101 133 122 185
bicycle 0.0096 369 179 387 242
bicycle 0.0013 377 186 400 243
bicycle 0.0010 383 207 403 246
car 0.2475 378 173 405 218
car 0.2082 377 186 400 243
car 0.2022 365 162 385 242
car 0.0243 397 152 431 250
car 0.0067 400 168 425 217
car 0.0066 375 168 403 193
car 0.0057 365 161 383 197
car 0.0048 377 161 454 255
car 0.0030 413 143 459 169
car 0.0023 426 164 445 218
car 0.0020 383 207 403 246
car 0.0017 399 192 429 228
car 0.0012 404 157 428 198
car 0.0010 364 143 507 338
motorbike 0.0173 369 179 387 242
motorbike 0.0074 377 186 400 243
motorbike 0.0011 383 207 403 246
bus 0.6014 134 56 378 299
bus 0.0337 413 143 459 169
bus 0.0181 361 97 385 213
bus 0.0081 361 117 379 164
bus 0.0063 367 130 386 176
bus 0.0034 374 141 402 175
bus 0.0032 371 127 415 184
bus 0.0027 358 78 385 164
bus 0.0015 374 124 409 150
bus 0.0011 405 147 428 178
chair 0.0025 369 179 387 242
chair 0.0018 377 186 400 243
pottedplant 0.0010 0 211 15 251
tvmonitor 0.0014 413 143 459 169
