person 0.9117 99 121 251 314
person 0.8827 252 122 397 279
person 0.0973 241 142 419 374
person 0.0306 254 122 338 240
person 0.0239 319 124 398 271
person 0.0121 251 119 269 166
person 0.0111 106 118 181 278
person 0.0107 243 118 270 190
person 0.0088 126 113 241 246
person 0.0084 189 128 316 231
person 0.0074 109 156 297 361
person 0.0044 152 110 342 271
person 0.0043 305 133 325 174
person 0.0026 300 126 337 233
person 0.0010 260 194 390 274
bottle 0.2496 243 118 270 190
bottle 0.0650 251 119 269 166
bottle 0.0238 232 166 253 198
bottle 0.0187 243 156 263 189
bottle 0.0085 222 176 244 210
bottle 0.0018 225 138 264 211
bottle 0.0011 330 169 353 220
chair 0.8185 344 218 441 371
chair 0.3709 88 231 175 377
chair 0.1621 92 217 161 320
chair 0.1120 92 215 119 298
chair 0.0271 115 329 217 376
chair 0.0254 140 323 382 368
chair 0.0159 303 216 413 381
chair 0.0154 85 219 245 373
chair 0.0134 321 218 434 297
chair 0.0117 94 215 115 264
chair 0.0102 305 133 325 174
chair 0.0089 241 142 419 374
chair 0.0075 279 211 380 287
chair 0.0069 320 160 358 234
chair 0.0058 102 134 178 308
chair 0.0055 306 197 398 275
chair 0.0043 92 296 193 371
chair 0.0040 104 211 238 303
chair 0.0036 0 328 16 373
chair 0.0035 117 286 162 305
chair 0.0032 278 149 318 178
chair 0.0029 118 342 165 372
chair 0.0029 299 157 336 236
chair 0.0028 330 227 384 283
chair 0.0027 15 219 178 372
chair 0.0025 282 119 395 270
chair 0.0023 330 169 353 220
chair 0.0023 383 214 437 288
chair 0.0021 305 161 334 195
chair 0.0018 186 219 230 242
chair 0.0018 99 121 251 314
chair 0.0017 254 122 338 240
chair 0.0017 323 323 362 372
chair 0.0017 163 221 200 246
chair 0.0016 274 162 325 191
chair 0.0014 129 324 276 372
chair 0.0012 267 147 297 175
chair 0.0012 195 222 238 237
chair 0.0012 266 150 329 208
chair 0.0011 105 242 176 307
chair 0.0011 251 119 269 166
chair 0.0011 152 224 185 246
chair 0.0010 0 310 13 360
chair 0.0010 382 232 408 269
sofa 0.0042 125 115 266 337
sofa 0.0016 159 319 367 374
sofa 0.0013 172 171 391 362
sofa 0.0013 254 122 338 240
sofa 0.0010 147 128 257 238
sofa 0.0010 0 328 16 373
diningtable 0.3055 147 187 366 356
diningtable 0.0118 168 210 337 316
diningtable 0.0090 140 323 382 368
diningtable 0.0047 189 128 316 231
diningtable 0.0044 210 112 383 352
diningtable 0.0033 260 194 390 274
diningtable 0.0032 255 202 341 264
diningtable 0.0019 191 187 317 275
diningtable 0.0016 148 258 372 331
diningtable 0.0011 254 122 338 240
diningtable 0.0010 80 131 415 382
diningtable 0.0010 152 110 342 271
tvmonitor 0.0096 47 198 92 273
