person 0.7790 281 185 376 265
person 0.5874 0 156 33 388
person 0.5322 21 145 44 180
person 0.0428 261 144 281 172
person 0.0373 -1 174 33 268
person 0.0272 419 143 459 205
person 0.0254 485 195 500 244
person 0.0172 19 146 43 213
person 0.0135 9 182 196 335
person 0.0120 16 21 200 265
person 0.0075 32 7 223 61
person 0.0074 382 215 407 254
person 0.0073 422 195 452 272
person 0.0070 421 143 457 178
person 0.0064 401 200 431 272
person 0.0058 328 183 374 250
person 0.0048 305 185 413 273
person 0.0039 482 179 500 294
person 0.0038 244 255 413 293
person 0.0028 489 171 500 227
person 0.0028 10 149 39 240
person 0.0028 275 229 392 275
person 0.0027 279 243 313 263
person 0.0027 259 -2 411 52
person 0.0025 -8 1 434 364
person 0.0024 303 206 370 262
person 0.0021 0 174 28 208
person 0.0020 -30 15 231 363
person 0.0019 262 208 327 262
person 0.0019 461 256 480 288
person 0.0018 299 3 362 44
person 0.0017 482 75 500 124
person 0.0017 201 0 240 59
person 0.0016 0 174 123 367
person 0.0015 3 196 101 308
person 0.0015 340 195 368 234
person 0.0015 293 113 348 138
person 0.0013 434 236 461 274
person 0.0012 484 134 499 255
person 0.0011 376 210 421 267
person 0.0011 254 153 467 306
person 0.0011 28 144 54 176
person 0.0010 280 224 313 255
person 0.0010 10 140 47 185
person 0.0010 385 207 410 238
bicycle 0.0011 244 255 413 293
car 0.0011 485 195 500 244
boat 0.0012 309 233 368 264
boat 0.0011 243 257 430 293
dog 0.0011 21 145 44 180
bottle 0.2091 422 195 452 272
bottle 0.0725 427 196 451 241
bottle 0.0275 401 200 431 272
bottle 0.0240 456 200 482 242
bottle 0.0198 426 183 472 256
bottle 0.0196 435 199 466 238
bottle 0.0116 454 198 484 276
bottle 0.0116 448 189 494 245
bottle 0.0113 429 215 471 288
bottle 0.0112 485 195 500 244
bottle 0.0088 419 139 456 250
bottle 0.0085 431 213 468 253
bottle 0.0071 419 180 442 214
bottle 0.0069 434 236 461 274
bottle 0.0057 382 215 407 254
bottle 0.0056 418 228 440 273
bottle 0.0056 461 230 479 284
bottle 0.0038 408 197 429 232
bottle 0.0034 461 256 480 288
bottle 0.0032 418 182 484 293
bottle 0.0026 489 171 500 227
bottle 0.0022 261 144 281 172
bottle 0.0019 486 145 500 203
bottle 0.0014 465 138 485 186
bottle 0.0012 437 179 466 204
bottle 0.0011 244 255 413 293
bottle 0.0010 444 187 490 205
bottle 0.0010 484 134 499 255
bottle 0.0010 449 138 498 254
bottle 0.0010 406 178 429 217
chair 0.5399 19 310 198 373
chair 0.0157 244 255 413 293
chair 0.0147 21 280 178 316
chair 0.0076 309 233 368 264
chair 0.0049 281 185 376 265
chair 0.0034 0 283 24 375
chair 0.0030 303 206 370 262
chair 0.0030 280 224 313 255
chair 0.0027 246 230 392 274
chair 0.0022 260 276 338 294
chair 0.0022 279 243 313 263
chair 0.0021 250 228 297 250
chair 0.0020 32 7 223 61
chair 0.0020 300 219 330 251
chair 0.0017 9 182 196 335
chair 0.0014 251 242 298 262
chair 0.0013 0 68 19 170
chair 0.0012 2 189 40 388
chair 0.0012 262 208 327 262
chair 0.0010 289 201 344 262
chair 0.0010 289 236 346 263
sofa 0.0098 244 255 413 293
sofa 0.0064 281 185 376 265
sofa 0.0062 19 310 198 373
sofa 0.0040 136 254 526 369
sofa 0.0017 246 230 392 274
pottedplant 0.0086 263 259 438 293
pottedplant 0.0024 311 269 406 287
diningtable 0.0091 136 254 526 369
diningtable 0.0072 244 255 413 293
diningtable 0.0034 -6 216 506 380
diningtable 0.0023 10 295 493 371
diningtable 0.0018 257 298 493 368
diningtable 0.0017 9 182 196 335
diningtable 0.0015 19 310 198 373
diningtable 0.0013 22 229 191 297
diningtable 0.0012 21 280 178 316
diningtable 0.0010 -25 47 451 388
tvmonitor 0.9417 257 31 421 180
tvmonitor 0.6609 21 35 197 189
tvmonitor 0.1390 246 4 416 58
tvmonitor 0.1374 309 233 368 264
tvmonitor 0.1127 32 7 223 61
tvmonitor 0.0586 11 149 198 318
tvmonitor 0.0499 419 69 479 130
tvmonitor 0.0143 22 229 191 297
tvmonitor 0.0071 45 188 207 263
tvmonitor 0.0050 90 8 489 356
tvmonitor 0.0033 85 1 152 44
tvmonitor 0.0018 0 57 19 149
tvmonitor 0.0018 -30 15 231 363
tvmonitor 0.0018 486 145 500 203
tvmonitor 0.0015 244 255 413 293
tvmonitor 0.0014 36 18 296 202
tvmonitor 0.0013 281 185 376 265
tvmonitor 0.0013 415 23 498 136
tvmonitor 0.0012 266 102 396 173
tvmonitor 0.0010 153 16 284 280
tvmonitor 0.0010 19 310 198 373
tvmonitor 0.0010 118 289 535 374
