person 0.9862 208 80 303 166
person 0.9833 126 96 218 193
person 0.8176 300 85 495 368
person 0.6347 296 80 382 163
person 0.4447 9 106 157 348
person 0.1309 470 133 499 230
person 0.0980 17 122 117 271
person 0.0308 475 120 499 310
person 0.0131 69 106 281 341
person 0.0089 45 104 217 287
person 0.0083 273 74 475 246
person 0.0080 461 11 495 82
person 0.0077 467 50 499 230
person 0.0068 -1 94 16 263
person 0.0059 81 110 124 213
person 0.0057 0 125 10 190
person 0.0047 59 107 139 243
person 0.0032 366 54 497 256
person 0.0028 0 126 26 276
person 0.0028 439 143 499 327
person 0.0027 111 126 134 161
person 0.0026 464 12 494 156
person 0.0023 0 156 101 368
person 0.0023 478 195 499 390
person 0.0017 110 123 137 205
person 0.0017 387 95 494 203
person 0.0014 310 75 433 158
person 0.0014 -1 144 11 205
person 0.0014 86 88 332 211
person 0.0013 236 92 424 282
person 0.0013 253 84 384 185
person 0.0012 485 187 500 247
person 0.0010 303 35 502 196
bottle 0.2799 323 245 349 293
bottle 0.0111 344 243 368 275
bottle 0.0019 261 189 297 210
bottle 0.0018 138 319 161 344
bottle 0.0016 341 248 362 285
bottle 0.0013 320 217 349 249
chair 0.7611 0 156 101 368
chair 0.2983 470 133 499 230
chair 0.2230 -3 329 77 372
chair 0.2226 377 310 503 370
chair 0.0955 380 252 499 369
chair 0.0731 0 171 43 259
chair 0.0529 -1 257 89 370
chair 0.0234 475 120 499 310
chair 0.0231 372 144 499 374
chair 0.0186 110 123 137 205
chair 0.0137 6 130 165 377
chair 0.0130 125 97 215 205
chair 0.0116 112 149 127 202
chair 0.0111 115 129 132 185
chair 0.0108 284 149 316 175
chair 0.0098 0 125 10 190
chair 0.0091 120 111 159 201
chair 0.0087 15 133 112 291
chair 0.0085 211 146 240 168
chair 0.0072 0 163 65 312
chair 0.0062 15 295 178 372
chair 0.0060 302 215 505 375
chair 0.0052 469 126 499 153
chair 0.0052 -1 172 29 374
chair 0.0052 467 50 499 230
chair 0.0051 -1 94 16 263
chair 0.0044 482 167 499 229
chair 0.0042 443 134 499 381
chair 0.0041 -1 144 11 205
chair 0.0040 485 187 500 247
chair 0.0040 461 11 495 82
chair 0.0039 0 126 26 276
chair 0.0034 51 100 451 363
chair 0.0030 32 256 147 367
chair 0.0030 111 126 134 161
chair 0.0029 421 267 486 319
chair 0.0027 473 132 499 184
chair 0.0026 369 50 407 108
chair 0.0024 36 217 218 376
chair 0.0023 -1 269 33 355
chair 0.0022 205 84 302 178
chair 0.0021 81 110 124 213
chair 0.0021 478 195 499 390
chair 0.0020 -11 317 139 377
chair 0.0020 72 113 175 212
chair 0.0019 71 261 191 366
chair 0.0019 395 222 500 318
chair 0.0019 0 131 45 227
chair 0.0018 396 176 499 268
chair 0.0018 191 138 217 179
chair 0.0017 209 119 235 163
chair 0.0016 102 155 121 204
chair 0.0016 1 170 45 193
chair 0.0014 483 284 499 374
chair 0.0013 279 125 309 156
chair 0.0013 464 139 489 173
chair 0.0012 -3 276 65 348
chair 0.0012 446 125 502 261
chair 0.0011 204 106 243 168
sofa 0.0274 51 100 451 363
sofa 0.0077 470 133 499 230
sofa 0.0047 -2 156 105 313
sofa 0.0037 -3 329 77 372
sofa 0.0034 0 171 43 259
sofa 0.0032 372 144 499 374
sofa 0.0032 205 84 302 178
sofa 0.0014 88 106 342 274
sofa 0.0014 17 122 117 271
sofa 0.0012 125 97 215 205
sofa 0.0011 0 278 74 381
diningtable 0.0948 59 139 442 379
diningtable 0.0145 79 175 358 337
diningtable 0.0081 301 115 495 388
diningtable 0.0027 -3 329 77 372
diningtable 0.0023 215 165 432 358
tvmonitor 0.0015 0 -6 211 165
tvmonitor 0.0010 464 14 494 95
