person 0.0540 408 226 499 370
person 0.0059 397 293 501 369
person 0.0056 397 45 501 384
person 0.0033 9 -31 421 410
person 0.0025 -18 0 238 384
person 0.0019 -1 131 103 334
person 0.0010 478 238 500 385
car 0.0018 65 -31 515 408
bird 0.0068 65 -31 515 408
cat 0.0492 9 -31 421 410
cat 0.0019 388 4 502 368
cat 0.0016 -1 242 91 336
cat 0.0011 -1 131 103 334
cat 0.0010 142 51 493 381
dog 0.3754 65 -31 515 408
dog 0.0189 17 57 343 378
dog 0.0019 -1 131 103 334
dog 0.0018 397 45 501 384
dog 0.0013 -1 25 198 358
dog 0.0010 8 -4 423 248
horse 0.0093 65 -31 515 408
sheep 0.0237 35 -28 469 406
cow 0.0348 65 -31 515 408
cow 0.0010 17 57 343 378
chair 0.0061 9 -31 421 410
chair 0.0015 397 45 501 384
sofa 0.0311 35 -28 469 406
sofa 0.0015 388 4 502 368
pottedplant 0.0011 429 194 500 353
