person 0.0156 100 84 193 205
person 0.0044 417 0 497 42
person 0.0024 450 6 493 39
person 0.0021 348 193 451 271
person 0.0019 348 152 446 231
person 0.0016 -1 276 35 353
person 0.0016 142 85 186 166
person 0.0013 421 1 454 34
person 0.0012 394 185 426 218
person 0.0011 0 292 29 455
person 0.0011 483 -9 500 181
bicycle 0.0050 54 14 451 372
bicycle 0.0044 0 330 108 443
bicycle 0.0030 1 235 112 458
bicycle 0.0012 0 266 65 422
car 0.0111 33 38 393 415
car 0.0040 51 14 527 297
car 0.0037 88 157 490 442
car 0.0028 218 49 494 406
car 0.0022 417 0 497 42
car 0.0018 340 240 458 311
car 0.0014 440 73 500 460
car 0.0013 450 6 493 39
car 0.0012 348 193 451 271
motorbike 0.0014 1 235 112 458
motorbike 0.0010 80 92 499 437
aeroplane 0.0016 33 38 393 415
bus 0.0027 33 38 393 415
bus 0.0016 218 49 494 406
train 0.0020 33 38 393 415
bird 0.0127 0 274 44 349
bird 0.0062 0 242 65 364
bird 0.0031 0 249 61 307
bird 0.0020 46 47 456 404
bird 0.0014 28 277 68 313
bird 0.0012 1 235 112 458
bird 0.0010 2 286 92 421
cat 0.0230 0 274 44 349
cat 0.0119 0 242 65 364
cat 0.0029 -1 275 33 390
cat 0.0026 1 235 112 458
cat 0.0020 -1 322 95 430
cat 0.0019 46 47 456 404
cat 0.0017 4 276 83 400
cat 0.0015 0 290 27 341
cat 0.0014 -1 173 68 448
horse 0.0011 46 47 456 404
sheep 0.0017 0 274 44 349
cow 0.0012 46 47 456 404
chair 0.0029 0 330 108 443
chair 0.0024 -2 308 177 457
chair 0.0020 1 235 112 458
pottedplant 0.0172 0 114 53 181
pottedplant 0.0144 0 99 58 225
pottedplant 0.0121 0 27 48 145
pottedplant 0.0052 -1 44 64 341
pottedplant 0.0042 0 184 64 245
pottedplant 0.0036 0 8 31 126
pottedplant 0.0026 0 75 102 464
pottedplant 0.0023 0 119 23 165
pottedplant 0.0011 0 290 133 455
pottedplant 0.0010 0 274 44 349
pottedplant 0.0010 0 74 28 179
diningtable 0.0013 46 47 456 404
tvmonitor 0.0044 140 55 502 400
tvmonitor 0.0018 16 72 408 446
