person 0.1687 430 18 449 60
person 0.0160 486 7 500 56
person 0.0037 435 31 456 63
person 0.0028 13 37 255 309
person 0.0019 1 276 105 321
person 0.0019 462 294 490 314
person 0.0014 420 5 456 61
person 0.0012 0 265 23 315
car 0.0031 386 0 430 20
car 0.0027 294 -2 338 11
car 0.0022 247 -3 307 12
car 0.0013 277 0 321 17
car 0.0010 422 0 451 27
boat 0.0021 -8 53 284 324
bird 0.0357 330 132 386 175
bird 0.0062 313 96 346 120
bird 0.0036 309 92 348 162
bird 0.0027 462 294 490 314
cat 0.0141 330 132 386 175
dog 0.5979 248 67 350 191
dog 0.5497 -8 53 284 324
dog 0.0159 330 132 386 175
dog 0.0091 137 46 346 213
dog 0.0076 56 23 429 310
dog 0.0032 309 92 348 162
dog 0.0014 247 64 348 132
horse 0.0126 -8 53 284 324
horse 0.0012 486 7 500 56
sheep 0.0127 330 132 386 175
sheep 0.0079 248 67 350 191
sheep 0.0015 -8 53 284 324
sheep 0.0013 309 92 348 162
cow 0.0305 6 52 327 322
cow 0.0141 330 132 386 175
cow 0.0123 248 67 350 191
cow 0.0032 313 96 346 120
cow 0.0019 486 7 500 56
cow 0.0017 -3 247 105 323
cow 0.0013 309 92 348 162
bottle 0.0028 313 96 346 120
bottle 0.0012 330 132 386 175
sofa 0.0011 -8 53 284 324
