person 0.6633 273 31 463 199
person 0.0172 49 18 443 287
person 0.0093 80 22 333 218
person 0.0031 360 78 467 204
person 0.0018 171 27 416 203
boat 0.0076 49 18 443 287
bird 0.0192 11 26 340 289
bird 0.0042 69 26 280 207
bird 0.0033 273 31 463 199
bird 0.0019 361 74 465 182
cat 0.0037 233 108 325 202
cat 0.0036 6 75 263 294
cat 0.0026 33 16 386 298
cat 0.0021 80 22 333 218
dog 0.4063 6 75 263 294
dog 0.1316 33 16 386 298
dog 0.0652 270 46 464 231
dog 0.0373 134 102 347 288
dog 0.0257 80 22 333 218
dog 0.0062 192 111 319 213
dog 0.0013 193 87 463 280
horse 0.0100 11 26 340 289
horse 0.0032 69 26 280 207
sheep 0.0358 11 26 340 289
sheep 0.0302 270 46 464 231
sheep 0.0024 193 87 463 280
cow 0.1034 11 26 340 289
cow 0.0025 69 26 280 207
sofa 0.0068 33 16 386 298
