person 0.0133 263 229 277 261
person 0.0049 262 226 284 293
person 0.0030 273 222 288 295
person 0.0030 234 235 251 261
person 0.0028 273 259 288 296
person 0.0017 275 224 288 262
car 0.0587 244 285 270 299
car 0.0274 225 294 287 375
car 0.0059 237 288 276 304
car 0.0046 251 282 285 299
car 0.0029 2 294 272 381
car 0.0013 272 270 287 298
car 0.0012 -31 228 318 389
car 0.0011 69 291 116 302
bus 0.0012 2 294 272 381
bus 0.0011 225 294 287 375
train 0.0022 2 294 272 381
chair 0.0100 2 294 272 381
sofa 0.0013 2 294 272 381
diningtable 0.0013 3 284 29 298
tvmonitor 0.0032 72 90 93 121
tvmonitor 0.0026 85 126 102 146
tvmonitor 0.0011 2 294 272 381
