person 0.0038 320 87 494 367
person 0.0012 318 86 400 357
bird 0.0010 10 46 41 62
cat 0.8302 125 66 285 369
cat 0.0026 117 68 455 376
bottle 0.0027 318 86 400 357
chair 0.0351 318 86 400 357
chair 0.0146 320 87 494 367
chair 0.0034 125 66 285 369
chair 0.0020 27 -1 330 377
chair 0.0014 387 152 499 373
chair 0.0011 117 68 455 376
sofa 0.0033 27 -1 330 377
sofa 0.0012 100 69 275 369
sofa 0.0010 433 88 501 210
sofa 0.0010 320 87 494 367
diningtable 0.0028 375 81 503 368
diningtable 0.0017 466 217 500 243
tvmonitor 0.0138 402 -3 500 40
tvmonitor 0.0041 436 162 497 220
tvmonitor 0.0031 126 69 282 309
tvmonitor 0.0013 2 -24 345 336
