person 0.8232 117 67 306 330
person 0.0071 123 25 453 332
person 0.0029 10 31 341 314
person 0.0012 122 172 216 289
person 0.0010 -4 153 135 340
car 0.0181 2 147 49 175
car 0.0169 0 147 50 201
car 0.0067 5 131 105 218
car 0.0033 66 142 108 171
car 0.0031 57 60 89 93
car 0.0026 17 143 73 169
car 0.0022 16 132 75 185
car 0.0018 46 142 92 169
car 0.0013 5 84 100 178
car 0.0012 -2 117 61 230
car 0.0010 0 145 25 176
boat 0.0020 28 59 326 342
bottle 0.0068 121 175 205 257
bottle 0.0017 116 179 177 239
bottle 0.0013 200 235 228 260
chair 0.1246 236 287 310 330
chair 0.0877 0 302 62 333
chair 0.0222 200 155 365 333
chair 0.0185 233 238 323 333
chair 0.0181 117 67 306 330
chair 0.0100 97 290 324 331
chair 0.0054 0 252 59 333
chair 0.0052 111 172 185 298
chair 0.0032 206 82 442 328
chair 0.0032 130 260 168 288
chair 0.0030 60 206 352 336
chair 0.0021 47 145 454 323
chair 0.0011 104 254 294 328
sofa 0.6142 107 82 464 321
sofa 0.0210 152 63 329 326
sofa 0.0125 69 159 294 331
sofa 0.0114 0 298 60 335
sofa 0.0036 276 92 438 331
sofa 0.0020 200 155 365 333
sofa 0.0019 0 252 59 333
sofa 0.0015 -6 241 177 336
sofa 0.0011 97 290 324 331
diningtable 0.0036 0 302 62 333
