person 0.0190 292 218 420 325
person 0.0110 41 229 296 375
person 0.0041 250 194 424 357
person 0.0037 257 230 398 297
person 0.0027 367 216 422 263
person 0.0020 476 24 500 252
person 0.0016 57 234 207 308
person 0.0015 227 300 321 370
person 0.0015 -1 135 33 298
person 0.0010 0 69 29 215
bicycle 0.0117 226 296 317 374
bicycle 0.0011 123 236 368 375
car 0.0010 255 111 312 126
motorbike 0.0013 226 296 317 374
aeroplane 0.0031 255 111 312 126
train 0.0015 18 81 397 379
bird 0.0067 255 111 312 126
cat 0.0024 319 244 386 264
cat 0.0020 310 242 360 260
cat 0.0013 1 203 44 301
cat 0.0011 17 247 40 296
dog 0.0032 319 244 386 264
dog 0.0026 310 242 360 260
dog 0.0011 227 300 321 370
horse 0.0052 66 236 339 377
cow 0.0015 66 236 339 377
bottle 0.0225 376 182 390 221
bottle 0.0104 226 296 317 374
bottle 0.0048 301 326 319 372
bottle 0.0027 255 111 312 126
bottle 0.0011 278 275 307 301
bottle 0.0010 261 320 298 347
bottle 0.0010 20 191 38 248
chair 0.3135 284 221 422 367
chair 0.0436 41 229 296 375
chair 0.0262 1 203 44 301
chair 0.0208 226 296 317 374
chair 0.0084 257 230 398 297
chair 0.0037 -3 210 67 374
chair 0.0033 256 247 310 292
chair 0.0030 149 233 269 293
chair 0.0028 10 173 41 267
chair 0.0020 197 264 318 365
chair 0.0017 309 201 419 270
chair 0.0012 143 251 274 359
chair 0.0012 1 119 43 275
chair 0.0011 278 275 307 301
chair 0.0011 -4 192 98 317
sofa 0.5916 41 229 296 375
sofa 0.4654 284 221 422 367
sofa 0.0066 251 230 420 288
sofa 0.0029 -3 210 67 374
sofa 0.0029 149 233 269 293
sofa 0.0028 172 237 413 371
sofa 0.0028 18 81 397 379
sofa 0.0023 48 232 294 306
sofa 0.0021 2 251 106 367
sofa 0.0019 227 300 321 370
sofa 0.0017 402 245 504 372
sofa 0.0015 1 203 44 301
sofa 0.0013 197 264 318 365
pottedplant 0.0031 341 203 363 225
pottedplant 0.0010 1 203 44 301
diningtable 0.0070 227 300 321 370
diningtable 0.0015 240 235 396 284
tvmonitor 0.0653 67 143 117 189
tvmonitor 0.0296 476 24 500 252
tvmonitor 0.0026 0 207 29 304
tvmonitor 0.0024 450 -8 498 383
tvmonitor 0.0021 457 30 498 249
tvmonitor 0.0019 1 120 43 207
tvmonitor 0.0010 177 171 264 230
