person 0.4309 117 74 240 253
person 0.2634 135 80 229 191
person 0.0124 252 157 332 490
person 0.0057 300 134 332 270
person 0.0032 114 53 295 381
person 0.0025 143 113 245 222
person 0.0025 7 94 322 484
person 0.0024 282 19 331 412
person 0.0015 141 159 330 486
person 0.0011 136 103 182 159
car 0.0112 7 94 322 484
car 0.0026 252 157 332 490
car 0.0024 141 159 330 486
car 0.0017 -5 218 124 437
car 0.0012 102 164 257 472
motorbike 0.0439 7 94 322 484
aeroplane 0.0941 7 94 322 484
train 0.0151 7 94 322 484
boat 0.0097 7 94 322 484
horse 0.0023 20 44 321 463
chair 0.1068 228 162 286 211
chair 0.0113 64 290 289 496
chair 0.0054 141 159 330 486
chair 0.0049 0 300 119 488
chair 0.0046 246 121 334 473
chair 0.0041 143 113 245 222
chair 0.0041 -14 457 294 498
chair 0.0035 300 134 332 270
chair 0.0035 235 156 321 273
chair 0.0028 7 94 322 484
chair 0.0011 205 148 296 266
sofa 0.0015 -14 457 294 498
diningtable 0.0058 -30 461 298 498
diningtable 0.0051 235 156 321 273
diningtable 0.0039 0 300 119 488
diningtable 0.0019 55 472 330 498
diningtable 0.0010 228 162 286 211
tvmonitor 0.0020 109 158 301 482
