person 0.0046 196 75 229 101
person 0.0028 340 178 372 254
person 0.0014 1 194 16 244
person 0.0013 252 102 267 141
bird 0.0013 196 75 229 101
bird 0.0011 252 102 267 141
cat 0.0017 196 75 229 101
dog 0.0011 196 75 229 101
horse 0.0031 196 75 229 101
horse 0.0027 252 102 267 141
bottle 0.0070 1 285 22 343
bottle 0.0055 0 270 15 321
bottle 0.0037 0 206 16 258
bottle 0.0020 0 245 13 303
bottle 0.0011 0 189 19 283
chair 0.3006 421 252 495 372
chair 0.2944 340 178 372 254
chair 0.0909 -1 249 265 372
chair 0.0871 88 235 209 306
chair 0.0535 341 193 367 236
chair 0.0451 369 200 393 236
chair 0.0431 475 249 499 372
chair 0.0407 345 177 372 219
chair 0.0231 2 250 100 347
chair 0.0227 1 285 22 343
chair 0.0176 353 185 393 248
chair 0.0167 298 162 323 192
chair 0.0160 256 186 292 212
chair 0.0139 341 211 363 259
chair 0.0133 3 245 50 297
chair 0.0128 258 159 290 186
chair 0.0127 217 203 238 228
chair 0.0059 255 150 294 211
chair 0.0057 371 179 405 247
chair 0.0048 69 236 89 270
chair 0.0048 343 167 376 195
chair 0.0046 344 141 374 173
chair 0.0045 259 203 293 233
chair 0.0042 298 178 326 212
chair 0.0042 1 278 48 347
chair 0.0040 299 194 324 237
chair 0.0037 254 159 276 189
chair 0.0036 283 185 319 214
chair 0.0034 120 191 164 213
chair 0.0033 291 168 333 227
chair 0.0033 297 146 324 176
chair 0.0032 0 206 16 258
chair 0.0031 284 202 321 234
chair 0.0030 382 171 405 223
chair 0.0028 423 286 486 348
chair 0.0027 113 166 164 215
chair 0.0025 41 262 100 326
chair 0.0024 167 205 201 221
chair 0.0022 382 162 402 196
chair 0.0022 314 182 364 247
chair 0.0021 82 208 197 263
chair 0.0021 250 200 279 231
chair 0.0020 -3 182 58 322
chair 0.0020 411 192 429 228
chair 0.0018 90 218 151 279
chair 0.0017 -5 174 102 354
chair 0.0017 11 223 188 310
chair 0.0016 359 176 381 220
chair 0.0015 0 231 14 279
chair 0.0015 319 180 354 213
chair 0.0013 0 270 15 321
chair 0.0012 284 182 378 258
chair 0.0012 322 195 355 229
chair 0.0012 308 168 363 225
chair 0.0012 340 142 377 215
chair 0.0011 295 148 329 208
chair 0.0010 222 186 244 219
chair 0.0010 242 250 276 374
chair 0.0010 0 245 13 303
chair 0.0010 289 217 320 238
sofa 0.7655 -1 249 265 372
sofa 0.0383 89 239 209 306
sofa 0.0136 2 250 100 347
sofa 0.0036 340 178 372 254
sofa 0.0019 0 275 23 347
sofa 0.0016 114 167 162 193
sofa 0.0015 345 177 372 219
sofa 0.0014 421 252 495 372
pottedplant 0.3569 0 169 58 298
pottedplant 0.0697 0 168 56 234
pottedplant 0.0297 252 102 267 141
pottedplant 0.0214 -3 107 58 255
pottedplant 0.0078 0 189 19 283
pottedplant 0.0071 -1 120 23 276
pottedplant 0.0070 3 221 51 294
pottedplant 0.0065 258 159 290 186
pottedplant 0.0041 -3 103 96 347
pottedplant 0.0032 255 150 294 211
pottedplant 0.0029 1 194 16 244
pottedplant 0.0027 298 162 323 192
pottedplant 0.0020 297 146 324 176
pottedplant 0.0019 196 75 229 101
pottedplant 0.0018 254 159 276 189
pottedplant 0.0017 0 88 18 188
pottedplant 0.0015 382 162 402 196
pottedplant 0.0015 0 173 17 225
pottedplant 0.0015 254 148 275 179
pottedplant 0.0013 0 131 16 180
pottedplant 0.0011 369 200 393 236
pottedplant 0.0010 0 245 20 343
pottedplant 0.0010 299 194 324 237
diningtable 0.0312 162 207 334 249
diningtable 0.0202 101 237 216 302
diningtable 0.0084 256 186 292 212
diningtable 0.0080 2 250 100 347
diningtable 0.0070 167 205 201 221
diningtable 0.0069 258 159 290 186
diningtable 0.0066 283 185 319 214
diningtable 0.0057 1 285 22 343
diningtable 0.0054 284 202 321 234
diningtable 0.0053 106 207 220 260
diningtable 0.0047 203 191 371 246
diningtable 0.0033 298 162 323 192
diningtable 0.0030 129 203 197 219
diningtable 0.0026 475 249 499 372
diningtable 0.0026 298 178 326 212
diningtable 0.0024 119 229 299 306
diningtable 0.0023 254 168 294 222
diningtable 0.0023 427 257 501 371
diningtable 0.0021 369 200 393 236
diningtable 0.0021 312 166 359 197
diningtable 0.0021 269 172 370 224
diningtable 0.0018 145 193 301 240
diningtable 0.0018 340 178 372 254
diningtable 0.0017 -2 188 62 323
diningtable 0.0014 -1 249 265 372
diningtable 0.0013 284 182 378 258
diningtable 0.0013 343 167 376 195
diningtable 0.0011 125 201 162 217
diningtable 0.0010 259 203 293 233
diningtable 0.0010 1 278 48 347
diningtable 0.0010 345 177 372 219
tvmonitor 0.0027 114 167 162 193
tvmonitor 0.0024 477 249 499 337
tvmonitor 0.0019 345 177 372 219
