person 0.0062 475 69 499 245
person 0.0023 0 240 21 339
person 0.0021 361 28 396 53
person 0.0018 481 146 499 280
person 0.0017 219 189 309 276
person 0.0017 0 291 24 329
person 0.0013 -1 253 65 363
person 0.0011 0 183 89 314
person 0.0011 109 116 138 133
person 0.0010 421 191 492 239
car 0.0016 402 182 497 259
bird 0.0014 361 28 396 53
cat 0.0027 421 191 492 239
cat 0.0010 481 146 499 280
horse 0.0015 361 28 396 53
bottle 0.0065 481 153 499 243
bottle 0.0028 9 296 43 324
bottle 0.0021 421 203 446 236
bottle 0.0021 1 310 67 355
bottle 0.0020 476 245 500 271
bottle 0.0016 0 311 24 350
bottle 0.0011 421 191 492 239
chair 0.7669 219 189 309 276
chair 0.4062 392 292 444 374
chair 0.3429 -1 178 90 296
chair 0.0878 378 229 454 368
chair 0.0764 386 286 489 373
chair 0.0291 142 252 222 368
chair 0.0261 48 293 76 323
chair 0.0195 481 153 499 243
chair 0.0168 388 114 502 344
chair 0.0136 308 158 340 229
chair 0.0132 438 292 500 371
chair 0.0111 142 151 209 245
chair 0.0063 473 354 500 375
chair 0.0062 402 182 497 259
chair 0.0053 475 236 499 353
chair 0.0048 450 165 484 197
chair 0.0041 443 337 469 374
chair 0.0041 31 234 224 376
chair 0.0036 0 217 20 332
chair 0.0034 0 320 69 365
chair 0.0033 8 292 78 331
chair 0.0033 185 224 211 254
chair 0.0031 126 204 162 230
chair 0.0031 397 292 438 325
chair 0.0030 0 173 24 302
chair 0.0029 0 242 16 297
chair 0.0028 0 313 132 369
chair 0.0025 44 288 81 337
chair 0.0022 386 216 497 329
chair 0.0022 426 158 500 244
chair 0.0022 3 157 89 244
chair 0.0021 360 211 384 299
chair 0.0020 280 162 306 193
chair 0.0018 363 251 382 301
chair 0.0015 445 232 501 353
chair 0.0015 303 142 335 165
chair 0.0015 1 261 45 327
chair 0.0014 225 194 303 240
chair 0.0014 259 152 275 193
chair 0.0013 378 226 415 323
chair 0.0012 311 179 338 219
chair 0.0012 475 69 499 245
chair 0.0012 483 266 500 321
chair 0.0012 420 326 443 373
chair 0.0011 440 169 475 199
chair 0.0011 309 160 338 187
sofa 0.8873 -4 181 99 299
sofa 0.1343 -3 230 211 373
sofa 0.0768 142 252 222 368
sofa 0.0272 219 189 309 276
sofa 0.0232 402 182 497 259
sofa 0.0182 388 114 502 344
sofa 0.0046 0 173 24 302
sofa 0.0042 69 233 191 279
sofa 0.0035 481 153 499 243
sofa 0.0034 0 271 108 353
sofa 0.0030 426 158 500 244
sofa 0.0025 26 236 185 302
sofa 0.0017 0 217 20 332
sofa 0.0015 -1 163 72 355
sofa 0.0010 -7 149 198 312
sofa 0.0010 12 298 155 372
sofa 0.0010 121 223 300 372
pottedplant 0.3416 142 151 209 245
pottedplant 0.0342 194 155 215 187
pottedplant 0.0148 303 142 335 165
pottedplant 0.0056 170 151 198 181
pottedplant 0.0031 196 177 216 226
pottedplant 0.0025 189 155 219 240
pottedplant 0.0017 149 173 174 222
pottedplant 0.0016 402 182 497 259
pottedplant 0.0010 169 199 196 240
pottedplant 0.0010 481 146 499 280
diningtable 0.5979 389 217 503 371
diningtable 0.1925 12 298 155 372
diningtable 0.0926 -3 230 211 373
diningtable 0.0741 69 233 191 279
diningtable 0.0582 386 286 489 373
diningtable 0.0458 429 247 502 366
diningtable 0.0364 402 182 497 259
diningtable 0.0348 384 220 447 366
diningtable 0.0252 394 211 502 297
diningtable 0.0166 6 281 167 341
diningtable 0.0147 388 114 502 344
diningtable 0.0062 0 271 108 353
diningtable 0.0059 2 300 82 363
diningtable 0.0054 128 166 211 255
diningtable 0.0052 53 251 169 295
diningtable 0.0052 475 236 499 353
diningtable 0.0024 63 238 220 298
diningtable 0.0019 53 266 167 324
diningtable 0.0014 440 227 501 322
diningtable 0.0014 392 292 444 374
diningtable 0.0014 371 205 461 312
diningtable 0.0014 280 162 306 193
diningtable 0.0012 -22 272 166 384
diningtable 0.0011 80 211 208 265
tvmonitor 0.9992 83 123 176 191
tvmonitor 0.0266 481 153 499 243
tvmonitor 0.0051 225 194 303 240
tvmonitor 0.0045 402 182 497 259
tvmonitor 0.0019 426 158 500 244
tvmonitor 0.0016 303 142 335 165
tvmonitor 0.0016 434 48 502 323
tvmonitor 0.0014 280 162 306 193
