person 0.0213 223 163 268 225
person 0.0112 232 167 261 208
person 0.0038 239 158 266 183
person 0.0026 0 158 27 177
person 0.0013 89 129 390 212
person 0.0010 213 194 271 223
car 0.0067 185 115 221 131
car 0.0062 125 117 159 130
car 0.0032 107 117 141 130
car 0.0028 129 110 157 127
car 0.0024 166 119 206 135
car 0.0016 0 158 27 177
car 0.0016 0 119 26 143
aeroplane 0.8472 106 136 382 206
aeroplane 0.7697 117 165 374 219
aeroplane 0.0511 98 62 397 202
aeroplane 0.0280 114 128 401 173
aeroplane 0.0095 111 172 262 209
aeroplane 0.0079 131 109 366 164
aeroplane 0.0043 99 181 309 224
aeroplane 0.0039 59 9 513 233
aeroplane 0.0029 250 142 391 174
aeroplane 0.0029 200 169 390 209
aeroplane 0.0023 266 186 366 204
aeroplane 0.0022 136 184 226 205
aeroplane 0.0021 271 192 358 207
aeroplane 0.0018 145 142 416 186
aeroplane 0.0014 0 158 27 177
bus 0.0012 0 158 27 177
boat 0.0144 108 122 375 182
boat 0.0042 286 149 390 163
boat 0.0032 299 153 377 172
boat 0.0028 98 62 397 202
boat 0.0027 185 115 221 131
boat 0.0015 266 186 366 204
boat 0.0014 125 117 159 130
boat 0.0014 219 142 417 165
boat 0.0013 224 145 288 162
boat 0.0013 107 117 141 130
boat 0.0010 117 165 374 219
