person 0.0326 0 -7 22 245
person 0.0213 -1 -3 61 251
person 0.0017 0 0 17 120
person 0.0011 0 0 196 257
bicycle 0.9364 108 13 461 310
bicycle 0.3801 25 15 329 317
bicycle 0.0360 21 114 256 299
bicycle 0.0054 90 12 259 263
bicycle 0.0028 -2 236 114 333
bicycle 0.0025 255 35 453 273
bicycle 0.0025 345 39 443 197
bicycle 0.0023 0 0 196 257
bicycle 0.0013 -1 150 135 333
motorbike 0.0011 -2 236 114 333
train 0.0010 16 8 250 259
horse 0.0115 75 17 425 312
horse 0.0024 0 -7 22 245
cow 0.0103 0 -7 22 245
cow 0.0012 -1 -3 61 251
bottle 0.0115 261 163 289 195
bottle 0.0077 258 161 293 227
bottle 0.0031 285 159 306 192
bottle 0.0023 345 109 376 197
bottle 0.0020 0 0 17 49
bottle 0.0014 223 136 252 251
bottle 0.0014 209 140 241 245
bottle 0.0013 236 156 281 223
bottle 0.0012 232 155 254 203
bottle 0.0010 238 159 276 198
chair 0.2484 -2 236 114 333
chair 0.0422 3 285 114 332
chair 0.0085 59 300 113 330
chair 0.0039 -1 250 55 329
chair 0.0035 -7 10 279 317
chair 0.0033 15 259 144 325
chair 0.0023 -5 139 222 327
chair 0.0020 42 297 97 330
chair 0.0018 0 288 21 331
chair 0.0016 18 275 72 332
chair 0.0013 50 269 120 322
chair 0.0011 27 312 112 332
chair 0.0011 6 286 48 329
chair 0.0010 59 280 107 305
chair 0.0010 0 271 20 314
pottedplant 0.2263 -2 236 114 333
pottedplant 0.0058 3 285 114 332
pottedplant 0.0031 -1 250 55 329
pottedplant 0.0028 -1 150 135 333
pottedplant 0.0018 0 221 32 327
pottedplant 0.0015 0 0 196 257
