person 0.0166 331 0 363 24
person 0.0105 311 0 343 26
person 0.0055 281 47 359 142
person 0.0053 343 0 377 22
person 0.0023 285 63 335 136
person 0.0021 271 1 367 124
person 0.0015 315 4 395 116
person 0.0014 325 56 361 122
person 0.0012 222 0 344 101
bicycle 0.0023 93 283 239 372
bicycle 0.0017 281 45 367 134
motorbike 0.0076 281 45 367 134
boat 0.0032 0 368 46 464
bird 0.0078 281 47 359 142
bird 0.0011 271 1 367 124
cat 0.0070 281 47 359 142
cat 0.0020 -5 46 336 450
dog 0.0038 281 47 359 142
dog 0.0011 285 63 335 136
horse 0.0013 281 45 367 134
bottle 0.0037 298 263 405 395
bottle 0.0034 281 47 359 142
bottle 0.0025 332 62 359 118
chair 0.0031 298 263 405 395
chair 0.0018 277 41 349 138
pottedplant 0.3116 290 108 404 393
pottedplant 0.1251 315 4 395 116
pottedplant 0.1064 9 82 322 489
pottedplant 0.0221 3 186 90 469
pottedplant 0.0209 271 1 367 124
pottedplant 0.0168 266 22 389 325
pottedplant 0.0167 3 150 164 426
pottedplant 0.0135 295 141 401 277
pottedplant 0.0127 285 246 407 397
pottedplant 0.0104 298 36 387 143
pottedplant 0.0087 187 127 379 367
pottedplant 0.0056 44 188 281 393
pottedplant 0.0052 233 189 326 311
pottedplant 0.0049 181 249 283 338
pottedplant 0.0043 14 -6 387 354
pottedplant 0.0039 325 56 361 122
pottedplant 0.0038 271 185 378 307
pottedplant 0.0033 54 306 282 493
pottedplant 0.0033 140 269 259 370
pottedplant 0.0031 -2 264 90 383
pottedplant 0.0028 145 198 329 375
pottedplant 0.0024 189 196 285 309
pottedplant 0.0018 361 208 401 273
pottedplant 0.0017 121 60 410 437
pottedplant 0.0017 319 0 374 68
pottedplant 0.0016 3 220 93 349
pottedplant 0.0014 272 218 312 301
pottedplant 0.0014 235 153 336 275
pottedplant 0.0014 222 0 344 101
pottedplant 0.0012 228 230 315 346
pottedplant 0.0011 277 110 371 242
pottedplant 0.0011 312 191 405 288
pottedplant 0.0011 0 300 83 447
pottedplant 0.0011 252 0 371 58
pottedplant 0.0010 325 13 393 76
diningtable 0.0601 -22 279 422 519
diningtable 0.0106 -13 91 414 485
diningtable 0.0089 39 376 431 500
diningtable 0.0018 52 457 275 501
diningtable 0.0013 100 306 356 494
