person 0.0097 335 9 350 77
person 0.0064 307 2 348 110
person 0.0036 333 12 350 132
person 0.0030 277 0 350 141
person 0.0020 337 34 349 75
person 0.0015 257 3 307 100
person 0.0012 8 31 288 186
person 0.0012 -10 142 305 273
car 0.0026 60 17 344 244
car 0.0014 0 2 244 92
car 0.0011 8 31 288 186
bird 0.0013 150 54 305 172
cat 0.6434 150 54 305 172
cat 0.3924 8 31 288 186
cat 0.0394 60 17 344 244
cat 0.0111 0 70 133 234
cat 0.0045 181 131 273 179
cat 0.0027 163 69 347 241
cat 0.0021 19 141 329 274
cat 0.0015 180 91 274 172
cat 0.0011 -20 3 171 256
dog 0.0482 8 31 288 186
dog 0.0048 150 54 305 172
dog 0.0011 0 2 244 92
sheep 0.0060 8 31 288 186
sheep 0.0018 150 54 305 172
chair 0.0311 59 25 341 191
chair 0.0216 312 14 342 123
chair 0.0207 335 9 350 77
chair 0.0187 0 2 244 92
chair 0.0158 286 2 346 109
chair 0.0144 -9 39 305 267
chair 0.0120 333 12 350 132
chair 0.0093 337 34 349 75
chair 0.0029 -3 10 144 193
chair 0.0029 306 -2 351 152
chair 0.0021 224 -1 279 69
chair 0.0018 330 62 349 160
chair 0.0016 257 3 307 100
chair 0.0014 0 0 16 139
chair 0.0013 338 52 350 82
chair 0.0012 150 54 305 172
chair 0.0012 19 141 329 274
chair 0.0012 15 36 229 182
chair 0.0011 0 -5 30 99
chair 0.0010 238 -7 339 118
sofa 0.0598 -9 39 305 267
sofa 0.0217 0 2 244 92
sofa 0.0108 59 25 341 191
sofa 0.0080 19 141 329 274
sofa 0.0016 14 -23 333 137
diningtable 0.0082 271 -5 349 122
diningtable 0.0057 19 141 329 274
diningtable 0.0017 51 37 353 272
diningtable 0.0017 335 9 350 77
diningtable 0.0012 307 2 348 110
tvmonitor 0.0265 0 2 244 92
tvmonitor 0.0021 22 5 324 165
