person 0.3133 -5 204 86 301
person 0.0315 -3 215 165 305
person 0.0248 316 225 400 298
person 0.0246 0 208 45 295
person 0.0219 263 229 386 296
person 0.0188 301 166 323 188
person 0.0100 240 242 332 297
person 0.0077 213 260 255 277
person 0.0061 13 250 151 299
person 0.0056 243 182 401 300
person 0.0056 339 216 390 255
person 0.0044 135 243 215 291
person 0.0043 282 166 324 187
person 0.0031 247 241 292 281
person 0.0023 352 213 374 231
person 0.0021 327 209 399 267
person 0.0020 22 207 49 233
person 0.0019 271 175 300 194
person 0.0019 210 248 267 279
person 0.0019 117 242 282 297
person 0.0018 240 251 269 278
person 0.0018 243 218 345 274
person 0.0018 132 188 380 297
person 0.0016 0 108 54 304
person 0.0016 -8 121 107 288
person 0.0015 71 271 100 297
person 0.0015 50 215 83 231
person 0.0014 258 241 284 268
person 0.0013 0 204 22 300
person 0.0012 0 213 15 251
person 0.0011 382 227 400 299
person 0.0010 273 167 299 188
car 0.0248 -12 4 350 295
car 0.0053 -23 -31 358 153
car 0.0026 226 214 344 254
car 0.0025 64 265 165 300
car 0.0021 251 225 318 240
car 0.0016 212 190 360 247
car 0.0015 7 2 274 106
car 0.0013 212 250 321 295
car 0.0013 178 222 347 272
car 0.0011 127 243 318 292
car 0.0010 86 231 369 300
motorbike 0.0020 -12 4 350 295
aeroplane 0.0179 -12 4 350 295
aeroplane 0.0061 70 91 391 324
aeroplane 0.0020 7 2 274 106
bus 0.0074 -12 4 350 295
train 0.0037 7 2 392 295
boat 0.1911 67 209 170 232
boat 0.0645 234 178 362 247
boat 0.0575 167 199 251 238
boat 0.0531 48 233 362 300
boat 0.0379 -2 207 163 297
boat 0.0373 118 246 222 292
boat 0.0303 85 255 188 297
boat 0.0275 76 224 155 234
boat 0.0262 85 199 143 211
boat 0.0217 68 189 167 225
boat 0.0205 132 188 380 297
boat 0.0201 67 154 397 319
boat 0.0164 50 215 83 231
boat 0.0156 62 216 227 249
boat 0.0153 42 223 95 234
boat 0.0152 19 218 195 264
boat 0.0134 243 218 345 274
boat 0.0132 191 226 225 243
boat 0.0122 69 214 99 230
boat 0.0115 128 206 168 226
boat 0.0114 157 145 357 274
boat 0.0113 76 204 209 238
boat 0.0113 13 250 151 299
boat 0.0111 73 193 98 208
boat 0.0106 53 224 115 233
boat 0.0096 246 150 398 279
boat 0.0095 135 221 265 268
boat 0.0092 179 209 240 230
boat 0.0083 212 250 321 295
boat 0.0081 280 213 310 228
boat 0.0079 73 195 122 210
boat 0.0079 130 201 165 215
boat 0.0077 163 212 193 233
boat 0.0069 170 185 290 242
boat 0.0064 261 213 384 284
boat 0.0062 293 175 332 194
boat 0.0059 67 215 133 228
boat 0.0057 -12 4 350 295
boat 0.0053 267 226 326 242
boat 0.0046 86 226 234 274
boat 0.0046 127 243 318 292
boat 0.0044 273 166 328 205
boat 0.0040 136 225 184 238
boat 0.0040 39 200 293 294
boat 0.0039 143 211 174 233
boat 0.0037 155 206 259 255
boat 0.0035 263 195 309 216
boat 0.0033 201 227 239 243
boat 0.0032 5 199 156 239
boat 0.0027 73 184 101 201
boat 0.0025 178 195 234 214
boat 0.0024 28 157 243 269
boat 0.0023 157 222 196 238
boat 0.0020 38 222 73 235
boat 0.0020 205 212 336 254
boat 0.0019 182 222 211 242
boat 0.0019 270 182 324 226
boat 0.0014 204 150 308 257
boat 0.0014 164 208 216 230
boat 0.0013 139 240 184 257
boat 0.0011 289 192 346 211
boat 0.0010 -9 138 167 281
boat 0.0010 307 166 391 248
bird 0.0117 301 166 323 188
bird 0.0015 282 166 324 187
bird 0.0011 293 175 332 194
dog 0.0245 0 208 52 299
dog 0.0031 -3 222 89 301
dog 0.0010 264 233 364 296
horse 0.0241 22 264 148 299
horse 0.0070 -2 207 163 297
horse 0.0029 324 220 398 301
horse 0.0023 -3 222 89 301
horse 0.0017 269 229 390 299
horse 0.0011 0 208 52 299
sheep 0.0012 -5 204 86 301
bottle 0.0012 260 243 285 278
chair 0.0203 22 264 148 299
chair 0.0179 118 243 340 297
chair 0.0116 7 2 274 106
chair 0.0105 135 243 215 291
chair 0.0085 209 261 326 299
chair 0.0070 211 261 242 276
chair 0.0063 71 271 100 297
chair 0.0042 85 255 188 297
chair 0.0042 39 0 217 34
chair 0.0037 -23 -31 358 153
chair 0.0037 201 227 239 243
chair 0.0034 40 11 420 287
chair 0.0030 98 191 369 299
chair 0.0026 240 251 269 278
chair 0.0025 141 231 305 274
chair 0.0024 193 208 246 228
chair 0.0020 293 175 332 194
chair 0.0019 70 268 135 298
chair 0.0019 191 226 225 243
chair 0.0019 167 199 251 238
chair 0.0017 195 239 317 292
chair 0.0017 128 282 167 300
chair 0.0015 -3 215 165 305
chair 0.0015 316 225 400 298
chair 0.0012 232 243 281 280
chair 0.0011 245 174 359 237
chair 0.0011 273 166 328 205
chair 0.0011 282 166 324 187
sofa 0.0124 13 250 151 299
sofa 0.0013 -3 215 165 305
sofa 0.0011 118 243 340 297
diningtable 0.0080 178 222 347 272
diningtable 0.0026 191 205 316 262
diningtable 0.0021 253 4 396 56
diningtable 0.0021 118 243 340 297
diningtable 0.0017 224 168 348 241
diningtable 0.0016 13 250 151 299
diningtable 0.0014 251 225 318 240
diningtable 0.0012 263 195 309 216
diningtable 0.0010 98 191 369 299
tvmonitor 0.0075 32 1 201 33
tvmonitor 0.0041 0 104 48 214
tvmonitor 0.0034 253 4 396 56
tvmonitor 0.0013 61 0 258 41
tvmonitor 0.0013 109 0 413 73
