person 0.7048 -3 22 418 320
person 0.1244 308 79 500 299
person 0.0327 205 16 498 315
person 0.0046 -6 227 186 318
person 0.0042 437 91 498 245
person 0.0033 -12 90 194 303
person 0.0012 470 105 500 202
chair 0.0725 -19 49 443 323
chair 0.0133 -12 90 194 303
chair 0.0044 7 100 118 227
chair 0.0044 0 84 22 225
chair 0.0022 14 96 154 162
chair 0.0018 54 186 446 301
chair 0.0010 12 144 99 240
sofa 0.0257 -19 49 443 323
diningtable 0.2308 57 274 522 322
diningtable 0.1555 -116 255 543 319
diningtable 0.0466 7 266 501 302
diningtable 0.0221 -2 261 333 314
diningtable 0.0050 29 207 538 329
diningtable 0.0032 -6 227 186 318
diningtable 0.0014 208 254 519 307
diningtable 0.0012 65 25 514 315
diningtable 0.0010 399 240 505 308
