person 0.0020 206 179 273 203
car 0.0175 240 179 282 202
car 0.0063 206 179 273 203
car 0.0045 474 171 500 195
car 0.0030 197 144 286 201
car 0.0018 202 180 239 203
car 0.0014 290 171 317 192
aeroplane 0.0064 -2 0 133 197
aeroplane 0.0023 198 143 287 205
bus 0.0055 474 171 500 195
bus 0.0050 -1 12 140 220
bus 0.0023 198 142 288 209
train 0.6475 -1 12 140 220
train 0.5698 198 143 287 205
train 0.0282 0 151 179 229
train 0.0085 474 171 500 195
train 0.0077 192 154 305 225
train 0.0069 202 180 239 203
train 0.0058 206 179 273 203
train 0.0055 187 137 372 211
train 0.0037 10 84 240 238
train 0.0028 116 119 222 208
train 0.0026 328 171 353 192
train 0.0022 240 179 282 202
train 0.0021 290 171 317 192
train 0.0018 49 128 211 214
train 0.0014 345 167 370 192
train 0.0011 207 172 358 228
train 0.0010 159 118 199 199
train 0.0010 -13 25 366 298
boat 0.0111 -2 0 133 197
horse 0.0018 198 142 288 209
horse 0.0016 240 179 282 202
horse 0.0015 206 179 273 203
sheep 0.0038 198 143 287 205
sheep 0.0014 240 179 282 202
cow 0.0026 240 179 282 202
