bicycle 0.0464 -2 13 297 414
bicycle 0.0105 -19 158 255 493
bicycle 0.0058 -5 181 149 385
car 0.0010 3 10 271 185
aeroplane 0.0020 -6 5 250 185
bus 0.0018 -1 71 297 435
train 0.0010 -6 5 250 185
boat 0.0045 -1 131 297 461
bottle 0.4794 359 185 373 266
bottle 0.0159 326 249 348 275
bottle 0.0119 303 245 326 278
bottle 0.0045 349 219 366 265
bottle 0.0038 3 472 34 499
bottle 0.0033 24 470 57 499
bottle 0.0023 276 238 308 277
bottle 0.0021 333 253 361 274
bottle 0.0020 46 372 72 408
bottle 0.0019 261 234 283 276
bottle 0.0019 358 185 375 333
bottle 0.0014 345 181 371 266
bottle 0.0014 70 468 116 501
bottle 0.0012 301 263 334 283
bottle 0.0011 37 374 62 411
bottle 0.0010 -1 443 51 500
chair 0.0051 70 468 116 501
chair 0.0047 106 161 268 491
chair 0.0031 3 472 34 499
chair 0.0031 128 439 240 495
chair 0.0031 36 475 74 500
chair 0.0024 24 470 57 499
chair 0.0019 261 232 314 280
chair 0.0013 337 443 373 501
chair 0.0012 339 476 374 499
pottedplant 0.2102 4 412 125 498
pottedplant 0.1704 5 164 291 491
pottedplant 0.1237 -1 443 51 500
pottedplant 0.1029 54 441 116 500
pottedplant 0.0820 70 468 116 501
pottedplant 0.0798 70 257 243 472
pottedplant 0.0359 130 399 245 493
pottedplant 0.0265 20 438 175 502
pottedplant 0.0258 -7 308 153 501
pottedplant 0.0199 0 472 25 499
pottedplant 0.0178 24 470 57 499
pottedplant 0.0149 52 401 158 498
pottedplant 0.0126 0 463 125 501
pottedplant 0.0121 100 365 268 499
pottedplant 0.0110 3 452 37 491
pottedplant 0.0100 27 440 95 498
pottedplant 0.0099 90 419 141 482
pottedplant 0.0094 160 155 267 492
pottedplant 0.0086 7 -1 352 425
pottedplant 0.0050 20 358 144 475
pottedplant 0.0049 159 39 285 390
pottedplant 0.0047 -18 436 79 502
pottedplant 0.0033 110 333 205 471
pottedplant 0.0031 36 475 74 500
pottedplant 0.0027 62 348 166 468
pottedplant 0.0025 95 433 133 466
pottedplant 0.0025 82 458 113 496
pottedplant 0.0024 15 462 72 502
pottedplant 0.0024 -5 181 149 385
pottedplant 0.0024 75 386 208 480
pottedplant 0.0024 87 442 143 500
pottedplant 0.0022 2 442 43 470
pottedplant 0.0020 46 372 72 408
pottedplant 0.0018 147 359 241 472
pottedplant 0.0018 125 49 247 141
pottedplant 0.0017 240 240 261 283
pottedplant 0.0017 37 374 62 411
pottedplant 0.0016 90 434 115 470
pottedplant 0.0015 -2 395 52 474
pottedplant 0.0015 68 453 102 494
pottedplant 0.0015 -1 357 89 473
pottedplant 0.0014 0 439 22 471
pottedplant 0.0012 4 368 221 498
pottedplant 0.0012 97 355 144 471
pottedplant 0.0011 58 435 93 471
pottedplant 0.0011 49 362 76 397
pottedplant 0.0011 3 10 271 185
pottedplant 0.0011 136 291 289 496
pottedplant 0.0010 64 293 151 429
pottedplant 0.0010 9 422 72 492
pottedplant 0.0010 25 360 67 420
pottedplant 0.0010 192 82 242 158
diningtable 0.0271 136 439 236 501
diningtable 0.0040 43 441 262 497
diningtable 0.0033 14 466 268 501
diningtable 0.0031 -2 13 297 414
diningtable 0.0018 82 149 349 496
diningtable 0.0015 0 463 125 501
diningtable 0.0010 150 458 374 500
tvmonitor 0.0536 -6 5 250 185
tvmonitor 0.0030 261 232 314 280
tvmonitor 0.0014 337 443 373 501
