person 0.5313 77 28 413 333
person 0.0195 0 141 189 316
person 0.0127 2 232 191 375
person 0.0111 8 210 184 300
person 0.0049 -10 30 149 342
person 0.0039 -2 179 135 362
person 0.0030 -1 26 290 344
person 0.0029 1 261 89 373
person 0.0024 53 263 159 363
person 0.0013 -1 223 105 304
person 0.0012 226 5 485 363
boat 0.0012 41 237 529 367
bottle 0.1111 0 255 87 374
bottle 0.0044 279 328 355 367
bottle 0.0036 0 283 20 373
bottle 0.0013 236 320 491 370
bottle 0.0010 484 325 500 373
chair 0.1172 296 131 441 315
chair 0.1051 95 15 461 351
chair 0.0244 124 37 375 275
chair 0.0189 132 125 378 181
chair 0.0178 324 -4 475 316
chair 0.0145 59 178 509 354
chair 0.0133 97 148 344 307
chair 0.0111 1 261 89 373
chair 0.0058 130 165 225 284
chair 0.0056 87 261 480 362
chair 0.0041 144 192 416 334
chair 0.0033 196 164 312 275
chair 0.0030 179 152 325 228
chair 0.0021 306 102 330 142
chair 0.0021 237 320 282 367
chair 0.0018 292 160 374 296
chair 0.0018 138 149 278 240
chair 0.0014 189 323 380 368
chair 0.0014 326 271 475 347
chair 0.0013 485 320 500 352
chair 0.0012 238 46 420 327
chair 0.0011 199 283 245 307
sofa 0.0211 296 131 441 315
sofa 0.0186 95 15 461 351
sofa 0.0077 59 178 509 354
sofa 0.0044 1 261 89 373
sofa 0.0027 324 -4 475 316
sofa 0.0020 174 150 384 316
sofa 0.0020 124 37 375 275
sofa 0.0018 132 125 378 181
sofa 0.0012 284 322 516 371
sofa 0.0010 2 232 191 375
diningtable 0.2454 -17 297 452 368
diningtable 0.0617 54 315 368 370
diningtable 0.0399 0 234 494 372
diningtable 0.0122 132 125 378 181
diningtable 0.0104 237 328 445 369
diningtable 0.0041 81 357 394 378
diningtable 0.0026 50 284 370 335
diningtable 0.0023 197 276 477 347
diningtable 0.0022 60 328 269 366
diningtable 0.0019 207 309 470 362
diningtable 0.0016 53 263 159 363
diningtable 0.0013 284 322 516 371
diningtable 0.0013 124 37 375 275
diningtable 0.0011 152 360 290 371
diningtable 0.0011 76 314 191 366
diningtable 0.0011 96 272 474 395
diningtable 0.0010 68 269 261 314
diningtable 0.0010 24 203 406 330
tvmonitor 0.0017 78 20 422 302
