person 0.1074 205 1 299 225
person 0.0972 270 171 298 329
person 0.0829 159 147 297 440
person 0.0739 18 45 271 416
person 0.0208 260 0 297 15
person 0.0152 270 174 296 256
person 0.0093 203 3 298 96
person 0.0075 117 -3 256 90
person 0.0074 67 5 210 82
person 0.0073 282 224 300 417
person 0.0056 254 146 297 451
person 0.0056 229 0 300 15
person 0.0053 130 0 246 48
person 0.0050 197 66 297 388
person 0.0047 271 179 291 221
person 0.0044 72 190 212 461
person 0.0043 198 1 298 47
person 0.0042 228 182 296 321
person 0.0041 282 211 299 329
person 0.0039 107 -4 262 194
person 0.0037 92 0 122 19
person 0.0035 110 -2 308 384
person 0.0025 8 -16 292 267
person 0.0022 271 270 298 443
person 0.0018 257 7 300 369
person 0.0018 58 51 82 79
person 0.0015 41 0 195 55
person 0.0015 67 0 112 20
person 0.0015 -2 187 107 350
person 0.0014 158 0 231 14
person 0.0014 28 308 48 347
person 0.0013 286 296 299 348
person 0.0013 0 54 12 107
person 0.0012 285 238 298 304
person 0.0012 188 0 236 17
person 0.0012 1 255 69 349
person 0.0012 -2 333 55 451
person 0.0011 47 0 96 22
person 0.0010 -3 216 86 447
person 0.0010 59 397 171 453
bicycle 0.0021 -3 216 86 447
bicycle 0.0012 41 -6 255 196
bicycle 0.0010 14 21 232 370
car 0.0145 0 209 91 311
car 0.0065 5 47 236 411
car 0.0050 48 4 200 80
car 0.0026 41 -6 255 196
car 0.0019 -2 333 55 451
car 0.0016 260 0 297 15
motorbike 0.0037 18 45 271 416
boat 0.0040 22 21 270 371
cat 0.0046 35 37 198 214
cat 0.0023 150 274 204 408
cat 0.0020 187 0 265 94
cat 0.0015 14 21 232 370
cat 0.0012 51 141 231 446
cat 0.0011 38 0 253 103
dog 0.3152 14 133 236 448
dog 0.1243 25 42 220 344
dog 0.0371 35 37 198 214
dog 0.0213 187 0 265 94
dog 0.0176 46 272 179 454
dog 0.0074 19 197 149 453
dog 0.0040 35 52 137 183
dog 0.0036 117 -3 256 90
dog 0.0036 150 274 204 408
dog 0.0034 53 299 120 444
dog 0.0029 130 0 246 48
dog 0.0020 167 0 275 55
dog 0.0018 202 -1 298 196
dog 0.0016 8 -16 292 267
dog 0.0014 -3 306 70 449
dog 0.0013 196 0 257 45
dog 0.0010 107 -4 262 194
horse 0.0019 38 0 253 103
horse 0.0017 14 133 236 448
cow 0.0019 22 133 268 448
cow 0.0015 48 4 200 80
bottle 0.0039 182 0 235 45
bottle 0.0021 227 5 252 39
bottle 0.0018 206 0 255 88
bottle 0.0017 205 159 223 203
chair 0.0623 34 29 255 218
chair 0.0618 0 326 52 454
chair 0.0568 267 367 293 448
chair 0.0252 0 236 79 342
chair 0.0177 48 4 200 80
chair 0.0148 22 21 270 371
chair 0.0148 172 5 289 215
chair 0.0126 -3 216 86 447
chair 0.0123 271 294 298 451
chair 0.0081 139 78 223 173
chair 0.0078 118 33 244 268
chair 0.0060 282 276 300 437
chair 0.0057 51 141 231 446
chair 0.0056 204 19 296 359
chair 0.0054 270 384 289 436
chair 0.0029 -1 404 44 451
chair 0.0028 2 214 98 286
chair 0.0024 268 403 290 445
chair 0.0017 210 155 293 228
chair 0.0015 58 51 82 79
chair 0.0014 210 359 294 453
chair 0.0013 1 337 41 410
chair 0.0013 0 264 69 387
chair 0.0013 59 397 171 453
chair 0.0013 286 296 299 348
chair 0.0011 0 412 28 450
chair 0.0010 4 322 158 455
sofa 0.0197 22 133 268 448
sofa 0.0083 41 -6 255 196
sofa 0.0047 19 11 271 317
sofa 0.0046 48 4 200 80
sofa 0.0017 0 209 91 311
diningtable 0.0147 -2 333 55 451
diningtable 0.0013 1 203 98 273
diningtable 0.0010 -3 216 86 447
