person 0.0502 185 217 211 291
person 0.0208 168 127 192 155
person 0.0081 203 220 227 261
person 0.0074 248 144 270 187
person 0.0067 179 128 210 157
person 0.0045 198 243 221 276
person 0.0044 185 252 203 294
person 0.0036 217 99 251 121
person 0.0031 244 0 275 22
person 0.0029 256 279 280 305
person 0.0024 254 0 287 20
person 0.0021 222 258 249 291
person 0.0017 220 104 255 132
person 0.0016 189 213 231 269
person 0.0013 173 55 195 80
person 0.0012 256 145 284 186
person 0.0010 231 113 282 180
bicycle 0.0010 174 60 217 85
car 0.0799 135 37 175 59
car 0.0031 217 99 251 121
car 0.0030 174 71 227 88
car 0.0019 104 40 321 233
car 0.0018 339 31 368 52
car 0.0017 174 60 217 85
car 0.0014 244 0 275 22
car 0.0013 179 102 325 323
car 0.0011 254 0 287 20
bus 0.0010 135 37 175 59
train 0.5696 94 32 296 245
train 0.0799 37 9 350 336
train 0.0700 179 102 325 323
train 0.0024 124 41 239 138
train 0.0021 160 83 285 194
boat 0.0021 135 37 175 59
dog 0.0021 256 279 280 305
bottle 0.0022 189 220 209 269
