person 0.1811 81 34 102 62
person 0.0353 110 31 139 56
person 0.0227 84 34 117 64
person 0.0088 14 24 40 49
person 0.0040 109 41 137 73
person 0.0021 0 25 23 51
person 0.0021 31 30 53 51
person 0.0015 99 25 141 73
person 0.0014 58 31 86 52
bicycle 0.0024 81 34 102 62
bicycle 0.0020 110 31 139 56
car 0.0107 14 24 40 49
car 0.0052 0 25 23 51
car 0.0036 110 31 139 56
car 0.0016 81 34 102 62
motorbike 0.0998 81 34 102 62
motorbike 0.0490 110 31 139 56
motorbike 0.0054 84 34 117 64
motorbike 0.0023 58 31 86 52
motorbike 0.0020 99 25 141 73
bird 0.0037 136 135 180 159
bird 0.0015 81 34 102 62
dog 0.0025 136 135 180 159
horse 0.0047 82 37 104 71
horse 0.0045 85 39 117 72
horse 0.0042 109 41 137 73
horse 0.0019 110 31 139 56
horse 0.0010 79 34 136 75
sheep 0.9934 86 138 198 262
sheep 0.9913 328 172 426 248
sheep 0.1970 131 139 187 164
sheep 0.0070 131 132 170 158
sheep 0.0048 135 145 192 248
sheep 0.0031 157 147 195 171
sheep 0.0029 117 130 184 175
sheep 0.0021 383 184 430 240
sheep 0.0017 88 170 122 253
sheep 0.0013 399 197 428 238
sheep 0.0012 87 133 197 188
cow 0.0062 136 135 180 159
cow 0.0046 327 164 426 244
pottedplant 0.0010 81 34 102 62
