person 0.0088 480 31 500 249
person 0.0044 6 -1 356 385
person 0.0010 59 0 226 155
car 0.0016 42 228 531 377
car 0.0014 50 -2 235 207
car 0.0010 -48 291 482 371
cat 0.7853 54 80 455 362
cat 0.0183 457 206 497 266
cat 0.0020 -1 -8 294 386
cat 0.0015 77 94 292 344
cat 0.0014 42 228 531 377
dog 0.1432 55 25 456 368
dog 0.0194 457 206 497 266
dog 0.0011 362 108 504 322
sheep 0.0017 59 0 226 155
cow 0.0095 59 0 226 155
bottle 0.0025 480 31 500 249
chair 0.0757 59 0 226 155
chair 0.0192 55 25 456 368
chair 0.0024 1 219 43 368
chair 0.0018 411 114 491 238
chair 0.0016 480 31 500 249
sofa 0.0322 56 25 509 358
sofa 0.0043 42 228 531 377
sofa 0.0032 0 220 54 370
sofa 0.0013 0 170 127 370
diningtable 0.0148 10 229 496 375
tvmonitor 0.0137 478 54 500 260
tvmonitor 0.0040 416 112 490 214
tvmonitor 0.0015 490 5 500 79
