person 0.8008 53 97 283 375
person 0.5355 241 44 502 390
person 0.0277 388 156 501 374
person 0.0083 409 61 456 115
person 0.0068 436 67 500 388
person 0.0042 52 54 441 395
person 0.0026 266 43 483 242
person 0.0026 216 153 269 230
person 0.0025 192 158 311 373
person 0.0021 293 151 495 368
person 0.0014 409 208 497 344
person 0.0012 222 155 300 293
person 0.0011 45 325 219 375
person 0.0011 454 203 500 309
person 0.0011 474 98 499 296
bicycle 0.0016 54 310 286 374
motorbike 0.0088 44 142 296 365
boat 0.0020 79 224 337 376
bird 0.0012 53 97 283 375
dog 0.0046 274 49 506 383
dog 0.0017 53 97 283 375
horse 0.0033 241 44 502 390
horse 0.0011 44 334 206 375
bottle 0.0024 159 336 181 373
bottle 0.0012 275 291 296 331
chair 0.0016 285 61 497 375
sofa 0.0010 241 44 502 390
