person 0.0540 457 213 498 374
person 0.0362 441 57 502 389
person 0.0080 474 186 499 364
person 0.0056 354 4 469 110
person 0.0035 441 173 500 336
person 0.0025 466 280 499 375
person 0.0023 474 91 500 306
person 0.0019 389 153 500 376
person 0.0012 32 16 171 60
person 0.0010 33 48 62 82
car 0.0054 79 -23 494 311
car 0.0024 353 -4 503 158
motorbike 0.0010 354 4 469 110
bird 0.0085 33 48 62 82
cat 0.0136 116 -9 328 257
cat 0.0017 47 -29 528 398
dog 0.4327 129 -10 344 254
dog 0.0360 79 -23 494 311
dog 0.0040 190 -2 460 137
sheep 0.0018 187 246 366 372
bottle 0.0071 354 4 469 110
chair 0.0168 457 213 498 374
chair 0.0065 443 2 499 162
chair 0.0061 47 -29 528 398
chair 0.0050 349 2 467 116
chair 0.0048 25 8 165 59
chair 0.0044 446 -8 501 382
chair 0.0033 478 141 500 333
chair 0.0015 453 151 501 320
chair 0.0014 478 0 500 165
chair 0.0012 486 225 499 291
chair 0.0012 466 280 499 375
sofa 0.0219 47 -29 528 398
sofa 0.0099 457 213 498 374
sofa 0.0055 478 141 500 333
sofa 0.0016 441 57 502 389
diningtable 0.1446 4 198 490 401
diningtable 0.0386 51 62 524 380
diningtable 0.0234 167 240 360 375
diningtable 0.0049 347 295 470 378
diningtable 0.0040 316 221 498 382
diningtable 0.0030 88 -28 403 311
diningtable 0.0027 38 270 392 381
diningtable 0.0026 457 258 498 373
diningtable 0.0015 181 183 470 352
diningtable 0.0012 180 320 379 372
tvmonitor 0.0066 354 4 469 110
