person 0.6793 190 141 462 367
person 0.6085 86 129 209 232
person 0.0836 108 133 212 191
person 0.0806 390 168 494 275
person 0.0580 332 137 459 247
person 0.0410 454 161 500 272
person 0.0290 294 136 497 317
person 0.0238 427 158 483 209
person 0.0159 201 119 452 272
person 0.0114 469 182 499 279
person 0.0053 172 181 348 367
person 0.0046 72 67 436 386
person 0.0040 476 180 499 216
person 0.0034 86 157 162 203
person 0.0033 473 126 499 234
person 0.0033 373 144 487 214
person 0.0032 397 193 501 324
person 0.0026 423 168 479 262
person 0.0025 435 136 500 254
person 0.0023 80 146 171 247
person 0.0021 479 184 499 244
person 0.0019 412 250 500 370
person 0.0019 383 137 436 209
person 0.0013 481 161 499 204
person 0.0011 433 172 468 208
person 0.0011 133 133 198 218
person 0.0010 472 185 499 362
person 0.0010 113 166 215 251
boat 0.0017 39 186 168 257
cat 0.0014 387 199 482 270
bottle 0.0071 116 130 140 157
bottle 0.0060 127 128 156 155
bottle 0.0039 104 179 135 207
bottle 0.0033 117 98 137 140
bottle 0.0015 80 183 116 208
bottle 0.0015 126 101 153 140
bottle 0.0010 72 150 90 194
chair 0.6515 94 139 222 230
chair 0.3365 412 250 500 370
chair 0.2369 220 136 487 366
chair 0.1630 198 189 329 249
chair 0.1286 0 150 29 244
chair 0.1023 390 162 500 367
chair 0.0927 0 202 31 239
chair 0.0723 104 126 217 184
chair 0.0359 469 182 499 279
chair 0.0266 290 222 511 367
chair 0.0240 113 166 215 251
chair 0.0203 332 137 459 247
chair 0.0196 6 149 42 214
chair 0.0170 72 150 90 194
chair 0.0161 0 150 13 207
chair 0.0153 0 247 214 374
chair 0.0145 40 190 165 260
chair 0.0142 6 144 91 229
chair 0.0128 177 175 221 244
chair 0.0108 320 142 385 214
chair 0.0108 390 168 494 275
chair 0.0099 477 233 499 274
chair 0.0090 26 151 80 213
chair 0.0088 0 185 40 246
chair 0.0081 162 146 206 176
chair 0.0068 454 161 500 272
chair 0.0063 190 203 214 235
chair 0.0061 172 181 348 367
chair 0.0060 16 308 228 371
chair 0.0055 231 168 417 270
chair 0.0053 330 160 422 273
chair 0.0048 0 175 20 218
chair 0.0046 9 148 39 167
chair 0.0046 184 146 214 177
chair 0.0046 80 146 171 247
chair 0.0045 479 184 499 244
chair 0.0044 208 170 228 199
chair 0.0044 218 152 345 241
chair 0.0040 454 209 499 287
chair 0.0038 0 182 110 269
chair 0.0038 184 244 253 374
chair 0.0038 86 157 162 203
chair 0.0036 472 185 499 362
chair 0.0035 359 204 474 269
chair 0.0034 484 203 501 265
chair 0.0033 188 113 384 261
chair 0.0033 312 297 428 368
chair 0.0031 163 127 205 154
chair 0.0029 -3 241 116 282
chair 0.0028 53 153 83 199
chair 0.0026 85 162 124 193
chair 0.0025 0 205 31 302
chair 0.0025 192 172 235 232
chair 0.0024 -1 92 15 227
chair 0.0022 476 180 499 216
chair 0.0022 256 91 342 192
chair 0.0020 455 207 481 252
chair 0.0020 159 167 211 241
chair 0.0020 118 156 168 239
chair 0.0019 178 287 199 328
chair 0.0019 0 242 49 259
chair 0.0018 259 135 401 241
chair 0.0017 142 128 183 155
chair 0.0015 312 224 440 283
chair 0.0015 141 126 219 168
chair 0.0015 369 217 498 327
chair 0.0015 433 188 501 313
chair 0.0015 183 219 327 313
chair 0.0015 34 156 66 201
chair 0.0013 43 147 78 168
chair 0.0013 177 130 224 181
chair 0.0013 0 134 11 188
chair 0.0013 477 252 499 291
chair 0.0013 458 237 488 273
chair 0.0013 13 180 38 214
chair 0.0012 201 317 247 374
chair 0.0012 134 158 190 240
chair 0.0012 188 175 217 217
chair 0.0012 212 338 243 375
chair 0.0012 162 297 260 369
chair 0.0011 294 200 422 269
chair 0.0010 33 74 65 94
sofa 0.5539 220 136 487 366
sofa 0.2859 104 146 217 242
sofa 0.1195 412 250 500 370
sofa 0.0966 0 247 214 374
sofa 0.0536 390 162 500 367
sofa 0.0337 39 186 168 257
sofa 0.0201 320 137 423 246
sofa 0.0171 210 195 336 244
sofa 0.0167 290 222 511 367
sofa 0.0131 162 225 426 377
sofa 0.0107 320 142 385 214
sofa 0.0106 351 161 463 272
sofa 0.0100 80 146 171 247
sofa 0.0081 470 176 499 264
sofa 0.0078 -10 201 436 389
sofa 0.0068 104 126 217 184
sofa 0.0060 6 144 91 229
sofa 0.0055 231 168 417 270
sofa 0.0044 0 182 110 269
sofa 0.0044 201 119 452 272
sofa 0.0042 0 150 29 244
sofa 0.0031 390 168 494 275
sofa 0.0029 259 135 401 241
sofa 0.0028 -3 149 195 288
sofa 0.0027 0 202 31 239
sofa 0.0026 -3 241 116 282
sofa 0.0021 0 205 31 302
sofa 0.0018 312 297 428 368
sofa 0.0017 218 152 345 241
sofa 0.0017 256 91 342 192
sofa 0.0015 320 201 432 269
sofa 0.0014 454 192 500 273
sofa 0.0012 177 175 221 244
sofa 0.0012 227 285 409 373
sofa 0.0010 0 259 22 291
pottedplant 0.3253 12 18 69 73
pottedplant 0.2103 278 133 315 193
pottedplant 0.0119 273 129 320 149
pottedplant 0.0113 255 75 340 197
pottedplant 0.0053 24 24 63 60
pottedplant 0.0047 4 13 82 102
pottedplant 0.0014 0 202 31 239
pottedplant 0.0014 33 74 65 94
diningtable 0.2391 40 190 165 260
diningtable 0.2317 0 247 214 374
diningtable 0.0102 0 202 31 239
diningtable 0.0095 9 215 177 285
diningtable 0.0058 -3 241 116 282
diningtable 0.0034 3 150 88 239
diningtable 0.0025 0 182 110 269
diningtable 0.0016 36 152 168 237
diningtable 0.0016 -6 248 178 294
diningtable 0.0014 0 185 40 246
diningtable 0.0013 198 189 329 249
diningtable 0.0013 417 262 500 366
tvmonitor 0.0043 72 150 90 194
tvmonitor 0.0029 208 170 228 199
tvmonitor 0.0010 116 130 140 157
