person 0.0032 421 194 432 244
car 0.8828 269 206 375 242
car 0.8153 85 207 120 223
car 0.4454 208 192 242 214
car 0.0713 245 201 271 216
car 0.0189 332 208 376 238
car 0.0135 284 193 314 209
car 0.0102 283 202 352 230
car 0.0085 259 197 301 212
car 0.0067 256 201 306 219
car 0.0061 147 197 185 212
car 0.0055 278 202 317 231
car 0.0025 323 191 352 212
car 0.0022 375 224 418 240
car 0.0019 386 206 419 231
car 0.0011 275 215 313 241
car 0.0010 293 192 340 213
bus 0.0553 208 192 242 214
bus 0.0038 85 207 120 223
bus 0.0035 147 197 185 212
bus 0.0029 184 189 224 210
bus 0.0010 279 202 377 243
pottedplant 0.0057 386 200 427 230
tvmonitor 0.0308 466 3 500 82
tvmonitor 0.0073 475 1 499 46
tvmonitor 0.0015 473 15 499 62
