person 0.9911 177 178 346 478
person 0.0223 171 247 194 270
person 0.0053 0 93 62 477
person 0.0047 295 255 327 277
person 0.0029 12 257 50 340
person 0.0023 227 221 247 262
person 0.0023 319 259 347 291
person 0.0022 336 281 358 313
person 0.0022 9 110 28 150
person 0.0015 282 249 311 272
person 0.0015 16 246 42 269
person 0.0013 22 309 188 504
person 0.0012 298 259 333 287
person 0.0010 334 270 357 297
person 0.0010 0 278 18 313
car 0.3282 336 281 358 313
car 0.0071 334 270 357 297
car 0.0061 298 259 333 287
car 0.0058 338 288 357 335
car 0.0022 180 262 341 326
car 0.0016 319 259 347 291
car 0.0016 335 277 358 361
car 0.0013 295 255 327 277
car 0.0013 307 261 353 331
car 0.0012 325 275 351 314
car 0.0010 172 249 226 268
aeroplane 0.0011 -40 6 418 417
bus 0.0147 -5 66 243 434
bus 0.0048 0 93 62 477
bus 0.0048 -40 6 418 417
bus 0.0014 185 -1 357 196
bus 0.0013 -2 157 382 498
bus 0.0012 336 281 358 313
bus 0.0010 198 0 315 112
train 0.0141 -40 6 418 417
train 0.0134 -5 66 243 434
train 0.0018 -2 157 382 498
boat 0.0015 336 281 358 313
boat 0.0013 -42 54 417 450
bottle 0.0042 182 403 212 500
bottle 0.0012 147 311 164 369
bottle 0.0010 8 394 37 500
chair 0.0777 29 239 185 493
chair 0.0694 0 295 40 499
chair 0.0521 47 268 161 384
chair 0.0438 175 201 346 501
chair 0.0360 24 299 67 491
chair 0.0353 161 267 198 331
chair 0.0328 182 403 212 500
chair 0.0305 144 309 171 404
chair 0.0264 140 257 229 495
chair 0.0183 336 406 375 502
chair 0.0134 32 304 60 404
chair 0.0123 4 259 59 480
chair 0.0114 23 256 57 415
chair 0.0113 147 257 207 417
chair 0.0111 17 231 53 363
chair 0.0092 17 372 194 497
chair 0.0071 171 268 217 289
chair 0.0066 123 307 332 501
chair 0.0061 147 311 164 369
chair 0.0060 148 367 216 496
chair 0.0059 142 376 179 492
chair 0.0059 49 264 102 325
chair 0.0053 97 263 151 325
chair 0.0053 232 297 356 499
chair 0.0047 164 366 369 497
chair 0.0046 153 268 170 327
chair 0.0037 161 380 201 488
chair 0.0037 40 311 69 399
chair 0.0035 55 259 179 337
chair 0.0033 4 281 35 431
chair 0.0029 0 93 62 477
chair 0.0025 24 269 49 325
chair 0.0025 172 249 226 268
chair 0.0022 12 177 205 405
chair 0.0022 0 278 18 313
chair 0.0020 173 274 208 311
chair 0.0019 109 262 190 395
chair 0.0019 145 263 173 375
chair 0.0017 6 304 31 336
chair 0.0016 15 273 43 317
chair 0.0016 167 263 198 295
chair 0.0014 154 327 192 418
chair 0.0014 337 336 370 495
chair 0.0014 43 324 165 418
chair 0.0013 8 394 37 500
chair 0.0013 -8 235 388 503
chair 0.0013 124 327 201 500
chair 0.0012 254 398 343 492
chair 0.0011 291 286 375 504
chair 0.0010 40 319 58 383
chair 0.0010 357 439 374 499
chair 0.0010 310 329 351 461
sofa 0.0119 25 209 191 453
sofa 0.0077 -8 235 388 503
sofa 0.0064 22 309 188 504
sofa 0.0053 162 294 361 500
sofa 0.0028 47 268 161 384
sofa 0.0018 0 295 40 499
sofa 0.0015 336 406 375 502
diningtable 0.0094 336 406 375 502
diningtable 0.0037 22 309 188 504
diningtable 0.0033 2 287 34 466
diningtable 0.0024 171 268 217 289
diningtable 0.0015 32 383 171 499
diningtable 0.0011 165 267 219 326
tvmonitor 0.0062 185 -1 357 196
tvmonitor 0.0032 32 383 171 499
tvmonitor 0.0028 1 317 41 500
tvmonitor 0.0026 241 36 344 141
tvmonitor 0.0025 22 309 188 504
tvmonitor 0.0016 198 0 315 112
tvmonitor 0.0014 8 394 37 500
tvmonitor 0.0011 336 406 375 502
