person 0.0686 -62 -19 458 435
person 0.0274 -30 0 426 210
person 0.0081 -21 169 416 478
person 0.0035 -4 31 170 238
person 0.0021 122 65 397 432
person 0.0020 5 75 102 181
person 0.0016 0 160 96 269
person 0.0015 245 9 391 329
person 0.0012 -1 72 115 270
person 0.0011 4 0 245 197
person 0.0010 289 98 392 331
person 0.0010 0 247 154 476
car 0.0039 -62 -19 458 435
motorbike 0.0013 -62 -19 458 435
cat 0.1476 -24 109 421 473
cat 0.0199 114 180 353 389
cat 0.0066 2 175 234 389
cat 0.0063 -1 246 318 474
cat 0.0020 2 246 135 348
dog 0.0922 -40 66 436 437
dog 0.0602 0 167 335 477
dog 0.0342 2 175 234 389
dog 0.0307 2 246 135 348
dog 0.0160 -1 192 149 456
dog 0.0029 -50 314 445 493
dog 0.0014 -30 0 426 210
dog 0.0012 -6 149 126 346
sheep 0.0013 -62 -19 458 435
chair 0.0329 -62 -19 458 435
chair 0.0062 0 167 335 477
sofa 0.0925 -40 66 436 437
sofa 0.0080 0 167 335 477
sofa 0.0037 0 247 154 476
sofa 0.0031 -30 0 426 210
sofa 0.0014 -50 314 445 493
diningtable 0.0058 -62 -19 458 435
