person 0.0015 0 117 16 163
bicycle 0.0074 0 105 19 212
bicycle 0.0034 0 121 14 190
bicycle 0.0012 0 44 23 229
car 0.9422 8 83 501 265
car 0.7801 0 34 44 134
car 0.0131 0 44 44 226
car 0.0081 0 45 28 80
car 0.0070 -3 15 108 101
car 0.0058 0 41 102 129
car 0.0032 0 117 16 163
car 0.0030 0 56 27 96
car 0.0024 0 105 19 212
car 0.0021 0 5 30 84
car 0.0019 0 1 116 179
car 0.0013 0 19 20 69
motorbike 0.0048 0 105 19 212
motorbike 0.0022 0 44 44 226
motorbike 0.0013 0 121 14 190
pottedplant 0.0203 0 105 19 212
pottedplant 0.0069 0 121 14 190
pottedplant 0.0012 0 44 23 229
