person 0.0018 451 2 494 32
person 0.0015 0 236 22 266
person 0.0013 288 104 317 142
person 0.0013 0 219 20 256
car 0.0023 45 199 80 222
car 0.0018 74 204 105 221
car 0.0016 22 203 77 226
car 0.0011 14 202 46 226
car 0.0011 2 200 20 237
boat 0.0011 13 188 121 251
bird 0.0022 451 2 494 32
cat 0.0065 451 2 494 32
cat 0.0058 341 333 404 373
cat 0.0022 287 215 318 247
cat 0.0012 166 126 207 148
cat 0.0011 402 259 429 284
dog 0.0021 341 333 404 373
dog 0.0013 287 215 318 247
bottle 0.0078 425 237 446 273
bottle 0.0049 402 259 429 284
bottle 0.0047 422 254 444 285
bottle 0.0038 11 130 40 160
bottle 0.0036 354 334 401 362
bottle 0.0024 0 139 18 174
bottle 0.0011 476 332 499 374
bottle 0.0011 479 313 498 353
bottle 0.0010 447 318 493 340
chair 0.3884 0 244 222 374
chair 0.0728 14 209 115 263
chair 0.0368 0 228 117 292
chair 0.0292 14 202 46 226
chair 0.0241 22 203 77 226
chair 0.0119 444 194 498 269
chair 0.0102 6 207 55 262
chair 0.0093 45 199 80 222
chair 0.0083 80 203 134 265
chair 0.0080 48 162 130 267
chair 0.0078 -4 250 123 358
chair 0.0076 18 219 78 251
chair 0.0074 179 181 341 302
chair 0.0055 74 204 105 221
chair 0.0054 2 200 20 237
chair 0.0046 468 233 500 263
chair 0.0041 138 250 241 306
chair 0.0041 12 198 83 241
chair 0.0041 14 215 49 253
chair 0.0038 0 236 22 266
chair 0.0038 7 190 49 246
chair 0.0031 0 283 17 374
chair 0.0028 0 219 20 256
chair 0.0025 13 186 49 213
chair 0.0022 48 194 86 214
chair 0.0020 59 213 116 260
chair 0.0020 0 191 26 277
chair 0.0020 472 183 499 287
chair 0.0019 84 219 118 254
chair 0.0017 18 245 74 265
chair 0.0016 434 217 465 262
chair 0.0015 31 260 251 331
chair 0.0015 27 238 245 303
chair 0.0013 341 333 404 373
chair 0.0013 480 194 500 233
chair 0.0013 88 201 126 230
chair 0.0012 29 258 112 280
chair 0.0012 105 198 137 265
chair 0.0012 3 242 54 267
chair 0.0010 449 307 492 330
chair 0.0010 0 166 13 229
chair 0.0010 475 218 501 364
sofa 0.8972 185 190 341 294
sofa 0.7976 0 244 222 374
sofa 0.0562 14 209 115 263
sofa 0.0294 0 228 117 292
sofa 0.0055 141 250 256 307
sofa 0.0053 444 194 498 269
sofa 0.0033 468 233 500 263
sofa 0.0032 -4 250 123 358
sofa 0.0028 6 207 55 262
sofa 0.0024 27 238 245 303
sofa 0.0023 469 195 499 313
sofa 0.0022 48 162 130 267
sofa 0.0020 31 260 251 331
sofa 0.0015 80 203 134 265
sofa 0.0011 0 236 22 266
sofa 0.0010 111 288 246 373
pottedplant 0.4017 81 161 131 232
pottedplant 0.2379 166 126 207 148
pottedplant 0.2325 80 157 102 200
pottedplant 0.1343 105 198 137 265
pottedplant 0.0620 68 146 138 252
pottedplant 0.0598 84 158 117 201
pottedplant 0.0330 88 171 118 213
pottedplant 0.0163 112 188 135 238
pottedplant 0.0131 85 143 181 251
pottedplant 0.0119 77 178 102 213
pottedplant 0.0108 80 203 134 265
pottedplant 0.0104 74 204 105 221
pottedplant 0.0088 109 233 131 262
pottedplant 0.0084 73 162 112 221
pottedplant 0.0083 45 199 80 222
pottedplant 0.0072 7 203 119 264
pottedplant 0.0066 2 139 97 250
pottedplant 0.0046 99 157 139 243
pottedplant 0.0033 88 201 126 230
pottedplant 0.0032 79 147 97 185
pottedplant 0.0030 119 121 214 174
pottedplant 0.0030 154 121 212 156
pottedplant 0.0025 31 169 139 262
pottedplant 0.0025 80 137 126 195
pottedplant 0.0021 451 2 494 32
pottedplant 0.0018 402 259 429 284
pottedplant 0.0018 425 237 446 273
pottedplant 0.0017 14 202 46 226
pottedplant 0.0014 209 145 240 164
pottedplant 0.0013 111 161 131 198
pottedplant 0.0012 84 219 118 254
pottedplant 0.0012 48 194 86 214
pottedplant 0.0010 447 318 493 340
pottedplant 0.0010 124 141 204 250
diningtable 0.0235 366 243 496 313
diningtable 0.0232 14 209 115 263
diningtable 0.0065 45 199 80 222
diningtable 0.0046 14 202 46 226
diningtable 0.0043 132 257 259 304
diningtable 0.0042 0 228 117 292
diningtable 0.0042 22 203 77 226
diningtable 0.0026 12 198 83 241
diningtable 0.0025 74 204 105 221
diningtable 0.0024 36 220 94 249
diningtable 0.0024 475 226 500 256
diningtable 0.0021 365 217 501 380
diningtable 0.0020 436 262 500 318
diningtable 0.0017 29 251 103 273
diningtable 0.0013 404 315 495 376
diningtable 0.0011 2 200 20 237
tvmonitor 0.0046 434 217 465 262
tvmonitor 0.0033 438 22 498 186
tvmonitor 0.0023 282 92 336 148
tvmonitor 0.0017 74 204 105 221
tvmonitor 0.0010 425 220 452 257
