person 0.2591 445 202 460 240
person 0.0757 459 209 487 254
person 0.0418 256 139 279 178
person 0.0285 255 118 277 156
person 0.0155 1 273 20 309
person 0.0155 255 106 275 144
person 0.0105 249 110 278 178
person 0.0098 448 168 466 221
person 0.0054 96 173 116 220
person 0.0032 0 268 21 361
person 0.0031 257 130 286 161
person 0.0026 456 178 488 214
person 0.0025 187 104 217 141
person 0.0020 456 216 488 372
person 0.0020 398 184 414 219
person 0.0014 0 285 17 336
person 0.0013 312 209 332 249
person 0.0011 458 206 488 296
person 0.0010 183 162 212 191
person 0.0010 320 234 361 315
bicycle 0.0063 373 202 410 276
bicycle 0.0029 445 202 460 240
bicycle 0.0011 398 184 414 219
bicycle 0.0011 368 182 413 246
bicycle 0.0010 182 183 230 243
car 0.0106 34 182 63 205
car 0.0099 42 180 93 203
car 0.0057 48 174 92 195
car 0.0055 36 220 219 366
car 0.0050 63 180 105 205
car 0.0042 67 173 97 194
car 0.0036 459 209 487 254
car 0.0027 456 178 488 214
car 0.0022 12 178 40 209
car 0.0012 1 273 20 309
motorbike 0.0018 34 203 225 349
bus 0.0070 36 220 219 366
bus 0.0020 85 228 207 317
bus 0.0013 112 247 213 365
bus 0.0010 41 215 216 292
train 0.0251 34 203 225 349
train 0.0158 41 215 216 292
train 0.0013 409 234 486 365
boat 0.0053 34 203 225 349
boat 0.0037 409 234 486 365
boat 0.0023 456 178 488 214
boat 0.0010 447 167 488 187
bottle 0.0140 115 253 175 303
bottle 0.0111 312 209 332 249
bottle 0.0031 138 262 184 310
bottle 0.0020 333 278 354 311
bottle 0.0018 143 260 177 295
bottle 0.0018 142 248 181 268
bottle 0.0017 135 268 163 305
bottle 0.0016 317 217 343 249
bottle 0.0011 104 260 146 294
bottle 0.0010 132 240 164 272
chair 0.4579 295 184 338 213
chair 0.3320 290 188 338 247
chair 0.2938 325 207 397 320
chair 0.2544 251 192 297 241
chair 0.2413 280 162 308 189
chair 0.1945 376 215 407 289
chair 0.1543 257 160 302 187
chair 0.1338 290 185 373 273
chair 0.1154 302 159 327 190
chair 0.1100 310 183 350 211
chair 0.1098 229 171 289 190
chair 0.1086 185 175 215 222
chair 0.1084 346 216 396 290
chair 0.1080 192 176 248 229
chair 0.0915 305 197 333 240
chair 0.0882 287 193 314 241
chair 0.0743 343 183 371 211
chair 0.0635 205 191 234 232
chair 0.0569 182 183 230 243
chair 0.0525 374 201 412 224
chair 0.0495 203 173 305 222
chair 0.0443 256 139 279 178
chair 0.0416 212 177 267 227
chair 0.0378 161 187 259 259
chair 0.0377 351 168 409 218
chair 0.0335 229 186 254 231
chair 0.0319 112 247 213 365
chair 0.0281 34 203 225 349
chair 0.0271 284 184 321 211
chair 0.0251 459 209 487 254
chair 0.0243 199 145 233 174
chair 0.0242 358 175 389 212
chair 0.0234 183 162 212 191
chair 0.0230 310 189 353 282
chair 0.0227 232 180 339 250
chair 0.0226 379 217 407 256
chair 0.0222 125 210 224 264
chair 0.0221 317 217 343 249
chair 0.0218 368 182 413 246
chair 0.0209 198 320 255 374
chair 0.0198 227 179 289 210
chair 0.0193 382 178 410 216
chair 0.0192 181 144 225 172
chair 0.0192 166 174 189 221
chair 0.0182 322 205 395 224
chair 0.0176 152 210 266 318
chair 0.0169 324 210 393 265
chair 0.0166 189 189 221 229
chair 0.0165 277 228 378 314
chair 0.0164 100 213 225 314
chair 0.0157 96 193 313 354
chair 0.0156 176 157 201 195
chair 0.0148 164 236 258 367
chair 0.0145 204 165 237 185
chair 0.0145 397 194 416 231
chair 0.0130 350 217 391 250
chair 0.0124 163 162 203 222
chair 0.0119 312 209 332 249
chair 0.0115 329 252 379 327
chair 0.0112 318 202 352 234
chair 0.0108 256 185 295 209
chair 0.0106 248 295 344 371
chair 0.0104 398 184 414 219
chair 0.0102 279 169 323 230
chair 0.0096 290 210 315 251
chair 0.0095 169 160 252 225
chair 0.0095 180 147 223 214
chair 0.0095 195 201 248 261
chair 0.0088 331 223 385 249
chair 0.0086 347 222 393 357
chair 0.0084 281 198 320 258
chair 0.0083 456 178 488 214
chair 0.0083 445 202 460 240
chair 0.0080 347 165 369 203
chair 0.0079 209 217 239 252
chair 0.0076 325 197 389 244
chair 0.0057 240 246 351 310
chair 0.0056 172 207 228 264
chair 0.0053 359 231 389 281
chair 0.0043 61 207 211 274
chair 0.0043 302 176 362 219
chair 0.0033 302 150 328 180
chair 0.0032 283 247 345 297
chair 0.0032 173 137 198 178
chair 0.0030 249 154 310 196
chair 0.0030 409 200 486 353
chair 0.0028 90 204 119 232
chair 0.0028 417 200 455 242
chair 0.0028 237 188 405 360
chair 0.0025 333 174 411 264
chair 0.0024 333 234 386 267
chair 0.0023 384 243 405 296
chair 0.0023 60 228 120 278
chair 0.0022 205 162 277 202
chair 0.0021 330 172 385 218
chair 0.0021 195 148 240 210
chair 0.0021 337 292 361 323
chair 0.0021 334 279 361 317
chair 0.0021 386 275 410 307
chair 0.0020 282 152 314 179
sofa 0.0401 102 217 312 371
sofa 0.0099 409 234 486 365
sofa 0.0092 243 241 351 356
sofa 0.0092 164 236 258 367
sofa 0.0045 36 220 219 366
sofa 0.0040 224 226 418 376
sofa 0.0040 459 209 487 254
sofa 0.0034 112 247 213 365
sofa 0.0026 198 320 255 374
sofa 0.0017 217 166 331 236
sofa 0.0016 290 185 373 273
sofa 0.0015 290 188 338 247
sofa 0.0014 188 246 290 354
sofa 0.0013 152 210 266 318
sofa 0.0013 248 295 344 371
sofa 0.0012 203 164 313 199
pottedplant 0.5358 199 145 233 174
pottedplant 0.0816 181 144 225 172
pottedplant 0.0465 163 70 192 138
pottedplant 0.0405 162 124 197 197
pottedplant 0.0388 176 135 232 181
pottedplant 0.0385 166 174 189 221
pottedplant 0.0360 167 69 192 98
pottedplant 0.0345 448 168 466 221
pottedplant 0.0270 445 202 460 240
pottedplant 0.0246 125 210 224 264
pottedplant 0.0240 456 178 488 214
pottedplant 0.0229 256 139 279 178
pottedplant 0.0227 182 183 230 243
pottedplant 0.0217 173 137 198 178
pottedplant 0.0192 183 162 212 191
pottedplant 0.0189 180 147 223 214
pottedplant 0.0175 185 175 215 222
pottedplant 0.0174 140 98 222 202
pottedplant 0.0157 163 162 203 222
pottedplant 0.0152 96 193 313 354
pottedplant 0.0152 176 157 201 195
pottedplant 0.0149 302 150 328 180
pottedplant 0.0135 158 137 183 218
pottedplant 0.0133 2 248 115 372
pottedplant 0.0122 115 167 138 218
pottedplant 0.0121 164 120 185 166
pottedplant 0.0112 302 159 327 190
pottedplant 0.0111 248 295 344 371
pottedplant 0.0109 359 165 387 202
pottedplant 0.0106 398 184 414 219
pottedplant 0.0099 156 82 184 200
pottedplant 0.0094 204 165 237 185
pottedplant 0.0087 293 103 330 176
pottedplant 0.0087 382 178 410 216
pottedplant 0.0085 161 187 259 259
pottedplant 0.0080 195 148 240 210
pottedplant 0.0079 135 152 225 220
pottedplant 0.0076 166 106 249 192
pottedplant 0.0076 360 167 415 222
pottedplant 0.0066 358 44 425 191
pottedplant 0.0065 159 249 204 267
pottedplant 0.0062 34 203 225 349
pottedplant 0.0062 179 104 230 171
pottedplant 0.0052 189 189 221 229
pottedplant 0.0052 61 207 211 274
pottedplant 0.0049 187 104 217 141
pottedplant 0.0047 160 136 180 184
pottedplant 0.0047 267 88 327 156
pottedplant 0.0044 133 77 225 163
pottedplant 0.0044 312 209 332 249
pottedplant 0.0043 352 35 456 257
pottedplant 0.0041 300 117 329 158
pottedplant 0.0039 449 102 492 169
pottedplant 0.0038 373 166 411 197
pottedplant 0.0037 455 182 488 254
pottedplant 0.0037 202 128 231 159
pottedplant 0.0035 255 106 275 144
pottedplant 0.0035 172 207 228 264
pottedplant 0.0034 0 268 21 361
pottedplant 0.0031 243 241 351 356
pottedplant 0.0031 255 118 277 156
pottedplant 0.0030 100 213 225 314
pottedplant 0.0030 397 194 416 231
pottedplant 0.0030 152 210 266 318
pottedplant 0.0030 257 87 302 154
pottedplant 0.0029 67 173 97 194
pottedplant 0.0029 62 158 214 223
pottedplant 0.0027 6 135 55 226
pottedplant 0.0027 48 174 92 195
pottedplant 0.0024 347 165 369 203
pottedplant 0.0022 171 93 197 143
pottedplant 0.0022 1 273 20 309
pottedplant 0.0021 259 102 284 142
pottedplant 0.0021 185 125 224 153
pottedplant 0.0021 149 224 216 273
pottedplant 0.0020 142 248 181 268
pottedplant 0.0019 0 285 17 336
pottedplant 0.0019 96 173 116 220
pottedplant 0.0019 249 110 278 178
pottedplant 0.0018 447 167 488 187
pottedplant 0.0018 160 62 198 114
pottedplant 0.0018 169 160 252 225
pottedplant 0.0018 10 154 109 236
pottedplant 0.0017 171 76 255 165
pottedplant 0.0017 193 128 296 187
pottedplant 0.0017 31 165 59 201
pottedplant 0.0016 155 182 213 247
pottedplant 0.0015 163 76 180 132
pottedplant 0.0015 12 162 45 196
pottedplant 0.0014 257 130 286 161
pottedplant 0.0014 169 192 205 225
pottedplant 0.0014 280 162 308 189
pottedplant 0.0012 24 109 233 278
pottedplant 0.0011 195 201 248 261
pottedplant 0.0011 112 247 213 365
pottedplant 0.0010 283 102 316 141
pottedplant 0.0010 288 158 339 204
pottedplant 0.0010 365 104 415 210
pottedplant 0.0010 17 259 48 293
pottedplant 0.0010 7 225 115 304
diningtable 0.2892 202 173 281 189
diningtable 0.1386 203 173 305 222
diningtable 0.1115 409 234 486 365
diningtable 0.0800 204 165 237 185
diningtable 0.0683 240 246 351 310
diningtable 0.0636 295 184 338 213
diningtable 0.0592 280 162 308 189
diningtable 0.0521 257 160 302 187
diningtable 0.0491 374 201 412 224
diningtable 0.0471 331 221 391 291
diningtable 0.0469 346 204 402 223
diningtable 0.0431 212 177 267 227
diningtable 0.0377 227 179 289 210
diningtable 0.0327 284 184 321 211
diningtable 0.0305 302 159 327 190
diningtable 0.0290 192 176 248 229
diningtable 0.0276 235 188 292 240
diningtable 0.0274 203 164 313 199
diningtable 0.0233 277 228 378 314
diningtable 0.0197 183 162 212 191
diningtable 0.0168 382 178 410 216
diningtable 0.0168 331 223 385 249
diningtable 0.0160 358 175 389 212
diningtable 0.0148 305 197 333 240
diningtable 0.0137 343 183 371 211
diningtable 0.0121 256 139 279 178
diningtable 0.0121 204 181 236 222
diningtable 0.0117 256 185 295 209
diningtable 0.0103 232 180 339 250
diningtable 0.0101 185 175 215 222
diningtable 0.0092 351 168 409 218
diningtable 0.0085 310 183 350 211
diningtable 0.0078 342 208 400 273
diningtable 0.0075 333 234 386 267
diningtable 0.0069 224 226 418 376
diningtable 0.0057 287 193 314 241
diningtable 0.0055 326 221 402 363
diningtable 0.0054 350 217 391 250
diningtable 0.0052 290 188 338 247
diningtable 0.0044 112 247 213 365
diningtable 0.0042 344 194 407 243
diningtable 0.0041 36 220 219 366
diningtable 0.0040 195 179 294 249
diningtable 0.0038 290 185 373 273
diningtable 0.0036 229 186 254 231
diningtable 0.0030 195 148 240 210
diningtable 0.0030 248 295 344 371
diningtable 0.0026 379 217 407 256
diningtable 0.0024 318 202 352 234
diningtable 0.0024 181 144 225 172
diningtable 0.0023 397 194 416 231
diningtable 0.0021 249 154 310 196
diningtable 0.0021 376 215 407 289
diningtable 0.0020 359 231 389 281
diningtable 0.0020 274 172 368 219
diningtable 0.0020 250 170 301 236
diningtable 0.0020 169 160 252 225
diningtable 0.0019 312 209 332 249
diningtable 0.0017 459 209 487 254
diningtable 0.0014 176 157 201 195
diningtable 0.0013 60 216 214 297
diningtable 0.0013 279 169 323 230
diningtable 0.0012 125 210 224 264
diningtable 0.0011 317 217 343 249
diningtable 0.0011 373 166 411 197
diningtable 0.0011 180 147 223 214
diningtable 0.0010 307 180 404 259
diningtable 0.0010 288 158 339 204
diningtable 0.0010 445 202 460 240
diningtable 0.0010 191 135 291 188
tvmonitor 0.0016 247 293 346 372
