person 0.0394 344 328 363 375
person 0.0374 478 32 499 210
person 0.0169 82 98 159 214
person 0.0100 194 113 449 256
person 0.0095 0 118 20 353
person 0.0062 99 120 152 188
person 0.0056 322 329 343 372
person 0.0050 361 325 379 374
person 0.0049 296 341 335 372
person 0.0048 448 0 501 293
person 0.0044 278 351 321 375
person 0.0043 393 0 498 213
person 0.0043 478 105 499 286
person 0.0037 480 -5 500 133
person 0.0033 481 94 499 137
person 0.0025 485 100 499 176
person 0.0025 0 221 15 365
person 0.0023 117 139 143 180
person 0.0022 208 212 234 243
person 0.0021 82 13 495 361
person 0.0018 407 294 455 371
person 0.0017 0 -5 52 377
person 0.0016 313 74 501 304
person 0.0016 147 196 175 233
person 0.0015 441 73 500 207
person 0.0015 484 204 500 263
person 0.0014 337 317 371 375
person 0.0013 177 328 396 373
person 0.0013 94 109 187 242
person 0.0013 320 181 418 276
person 0.0011 236 361 266 376
person 0.0011 487 120 500 195
person 0.0011 0 258 10 331
person 0.0010 393 313 439 374
person 0.0010 369 319 417 374
person 0.0010 406 329 428 373
person 0.0010 416 46 494 183
person 0.0010 1 325 32 367
car 0.0330 59 324 354 378
car 0.0329 418 293 447 323
car 0.0181 196 338 366 374
car 0.0098 50 291 444 376
car 0.0054 185 309 468 370
car 0.0052 350 144 403 174
car 0.0033 186 115 390 196
car 0.0030 152 207 214 255
car 0.0029 29 92 470 358
car 0.0028 177 195 322 252
car 0.0028 478 32 499 210
car 0.0021 416 328 445 373
car 0.0017 42 234 298 364
car 0.0017 236 361 266 376
car 0.0017 79 198 178 262
car 0.0015 276 343 331 372
car 0.0015 162 31 425 188
car 0.0013 48 347 307 381
car 0.0012 96 201 241 264
car 0.0012 98 115 397 248
motorbike 0.0015 481 81 499 200
aeroplane 0.0482 15 30 483 341
aeroplane 0.0126 142 62 447 227
aeroplane 0.0098 194 113 449 256
aeroplane 0.0081 66 100 357 258
aeroplane 0.0049 66 92 207 261
aeroplane 0.0016 186 115 390 196
aeroplane 0.0013 48 111 285 330
bus 0.0014 177 328 396 373
bus 0.0010 59 324 354 378
bottle 0.0019 344 328 363 375
chair 0.0089 77 115 168 247
chair 0.0032 481 81 499 200
chair 0.0031 84 97 167 194
chair 0.0017 241 176 486 354
chair 0.0015 322 223 424 286
chair 0.0012 444 191 499 272
chair 0.0012 34 85 169 272
chair 0.0010 298 274 436 336
sofa 0.0013 481 81 499 200
tvmonitor 0.0040 142 12 498 366
tvmonitor 0.0034 194 113 449 256
