person 0.0407 158 201 199 239
person 0.0193 476 249 499 293
person 0.0191 0 46 10 126
person 0.0121 464 249 500 336
person 0.0077 148 158 209 238
person 0.0047 203 138 232 180
person 0.0038 148 205 190 231
person 0.0031 29 85 469 358
person 0.0031 254 123 473 310
person 0.0024 383 249 500 352
person 0.0016 434 231 501 357
person 0.0015 0 29 11 98
person 0.0013 204 156 235 184
person 0.0013 308 18 493 280
person 0.0011 416 208 498 311
person 0.0010 436 232 459 275
bicycle 0.0996 186 105 378 288
bicycle 0.0435 29 85 469 358
bicycle 0.0170 74 102 344 275
bicycle 0.0061 110 73 389 227
bicycle 0.0041 150 199 204 243
bicycle 0.0023 119 6 523 303
bicycle 0.0021 121 137 224 245
bicycle 0.0017 126 111 367 186
bicycle 0.0012 230 121 346 248
bicycle 0.0011 233 110 349 191
car 0.0033 80 41 265 113
car 0.0022 179 36 254 55
car 0.0017 229 24 505 185
car 0.0011 68 15 511 224
car 0.0010 0 46 10 126
motorbike 0.0312 29 85 469 358
motorbike 0.0172 62 105 290 272
motorbike 0.0048 186 105 378 288
motorbike 0.0012 150 199 204 243
aeroplane 0.0085 62 105 290 272
aeroplane 0.0028 38 10 466 297
boat 0.0044 29 85 469 358
boat 0.0034 116 109 302 179
boat 0.0015 85 78 333 229
bird 0.0077 200 128 231 150
bird 0.0014 255 98 479 293
bottle 0.0026 0 46 10 126
chair 0.0127 116 109 302 179
chair 0.0091 200 128 231 150
chair 0.0090 159 18 266 62
chair 0.0079 179 36 254 55
chair 0.0046 85 78 333 229
chair 0.0035 203 138 232 180
chair 0.0029 96 118 271 161
chair 0.0029 430 182 501 295
chair 0.0025 0 61 12 131
chair 0.0020 116 98 319 145
chair 0.0019 65 36 352 181
chair 0.0015 480 192 499 240
chair 0.0014 184 2 256 48
chair 0.0014 145 33 274 115
chair 0.0014 434 188 499 239
chair 0.0013 130 82 291 136
chair 0.0013 121 137 224 245
chair 0.0012 102 24 397 132
chair 0.0010 301 16 491 192
chair 0.0010 234 3 370 58
pottedplant 0.0221 145 33 274 115
pottedplant 0.0054 246 16 496 133
pottedplant 0.0035 95 38 404 178
pottedplant 0.0035 69 43 256 118
pottedplant 0.0029 78 23 340 130
pottedplant 0.0016 29 85 469 358
pottedplant 0.0014 130 82 291 136
diningtable 0.0046 98 114 303 168
diningtable 0.0041 116 98 319 145
diningtable 0.0040 38 10 466 297
diningtable 0.0020 65 36 352 181
diningtable 0.0012 434 188 499 239
diningtable 0.0011 85 78 333 229
tvmonitor 0.0019 429 193 500 309
