person 0.9697 313 260 347 368
person 0.7331 21 251 68 393
person 0.4879 0 271 38 400
person 0.2791 188 228 248 287
person 0.2244 335 261 352 369
person 0.1524 0 252 20 298
person 0.1193 156 231 204 288
person 0.1112 197 257 230 290
person 0.0925 160 241 191 285
person 0.0662 80 249 109 385
person 0.0633 50 258 74 305
person 0.0610 117 239 137 283
person 0.0581 302 268 318 324
person 0.0565 0 273 20 318
person 0.0465 13 261 36 292
person 0.0402 28 258 60 296
person 0.0337 333 262 353 292
person 0.0309 48 254 74 380
person 0.0306 140 242 169 282
person 0.0279 136 231 185 287
person 0.0267 215 258 247 289
person 0.0250 88 240 109 277
person 0.0249 291 263 309 291
person 0.0247 28 246 57 279
person 0.0229 23 248 68 304
person 0.0222 305 265 332 365
person 0.0219 124 240 147 282
person 0.0217 337 264 350 327
person 0.0215 0 258 23 384
person 0.0206 0 304 17 405
person 0.0201 214 237 248 285
person 0.0198 6 277 35 316
person 0.0183 76 267 96 366
person 0.0172 67 260 85 302
person 0.0167 187 256 218 290
person 0.0164 72 268 88 326
person 0.0146 131 223 235 293
person 0.0143 319 259 349 290
person 0.0134 0 268 38 332
person 0.0133 298 263 321 287
person 0.0117 291 267 311 324
person 0.0116 13 247 37 280
person 0.0106 240 138 279 199
person 0.0097 118 227 160 287
person 0.0095 48 243 69 278
person 0.0084 179 240 218 282
person 0.0081 78 280 92 347
person 0.0079 315 273 343 315
person 0.0066 87 252 108 300
person 0.0063 309 317 326 364
person 0.0053 239 91 256 124
person 0.0053 106 229 142 290
person 0.0049 223 89 247 119
person 0.0047 256 144 277 187
person 0.0040 359 148 375 186
person 0.0035 0 287 19 337
person 0.0033 77 131 112 165
person 0.0032 289 244 306 283
person 0.0029 201 86 235 119
person 0.0026 324 286 346 341
person 0.0025 7 294 37 337
person 0.0019 298 250 324 280
person 0.0019 81 227 114 295
person 0.0018 319 318 341 365
person 0.0018 59 289 75 350
person 0.0017 327 208 350 258
person 0.0016 122 88 156 116
person 0.0015 70 244 97 315
person 0.0014 301 294 317 333
person 0.0014 92 227 111 261
person 0.0014 167 247 227 293
person 0.0013 82 315 111 396
person 0.0013 216 226 248 260
person 0.0013 105 242 137 311
person 0.0013 74 243 127 398
person 0.0013 6 313 36 353
person 0.0012 71 239 90 287
person 0.0011 92 264 110 328
person 0.0011 338 302 350 371
person 0.0010 190 228 242 261
person 0.0010 0 334 38 405
bicycle 0.0028 291 263 309 291
bicycle 0.0013 291 267 311 324
car 0.2887 319 259 349 290
car 0.0348 333 262 353 292
car 0.0285 315 273 343 315
car 0.0230 298 263 321 287
car 0.0205 318 257 348 276
car 0.0073 313 265 348 339
car 0.0048 291 263 309 291
car 0.0047 302 268 318 324
car 0.0036 0 304 38 404
car 0.0027 291 267 311 324
car 0.0022 72 268 88 326
car 0.0022 50 258 74 305
car 0.0021 301 294 317 333
car 0.0020 329 250 361 274
car 0.0017 67 260 85 302
car 0.0015 337 264 350 327
car 0.0014 335 261 352 369
car 0.0014 85 353 109 396
car 0.0013 298 250 324 280
car 0.0013 6 277 35 316
car 0.0011 332 242 363 318
motorbike 0.0020 291 263 309 291
bus 0.7633 67 34 300 418
bus 0.0132 293 163 372 263
bus 0.0083 69 217 294 413
bus 0.0076 8 207 75 268
bus 0.0066 319 259 349 290
bus 0.0042 318 257 348 276
bus 0.0016 298 250 324 280
bus 0.0014 291 201 328 274
bus 0.0013 18 242 70 290
bus 0.0010 319 225 351 291
bus 0.0010 285 77 383 353
train 0.0020 248 -3 378 278
train 0.0016 65 33 308 441
train 0.0013 293 163 372 263
sheep 0.0011 0 304 38 404
