person 0.0016 286 121 306 170
person 0.0016 301 117 321 167
person 0.0014 38 409 200 497
person 0.0012 273 108 311 184
bird 0.0012 265 221 293 255
bottle 0.0058 236 221 265 257
bottle 0.0035 219 222 246 259
bottle 0.0023 208 239 229 268
bottle 0.0020 265 221 293 255
bottle 0.0010 252 246 292 274
chair 0.8245 5 160 199 433
chair 0.5089 35 289 208 495
chair 0.0833 0 166 142 349
chair 0.0149 38 409 200 497
chair 0.0134 163 264 205 327
chair 0.0106 0 170 94 478
chair 0.0051 149 258 238 411
chair 0.0022 160 246 208 386
chair 0.0021 9 164 357 481
chair 0.0018 185 92 340 400
chair 0.0015 167 271 190 321
chair 0.0011 109 256 239 475
chair 0.0011 0 182 34 372
chair 0.0010 4 165 125 245
chair 0.0010 151 187 222 313
pottedplant 0.0020 179 165 200 244
diningtable 0.0022 -2 160 221 481
diningtable 0.0011 185 92 340 400
tvmonitor 0.8684 208 90 335 224
tvmonitor 0.0012 185 92 340 400
