person 0.0634 107 38 126 83
person 0.0052 103 22 122 74
person 0.0012 101 23 134 91
bicycle 0.0035 107 164 145 199
bird 0.0028 183 208 209 230
bird 0.0016 107 38 126 83
cat 0.0014 107 38 126 83
dog 0.0049 107 38 126 83
horse 0.0055 107 38 126 83
bottle 0.0035 285 125 308 154
bottle 0.0020 189 274 208 320
bottle 0.0018 268 202 298 226
bottle 0.0011 165 242 195 267
chair 0.9398 292 214 440 373
chair 0.7511 122 232 274 372
chair 0.4027 83 173 179 364
chair 0.1673 103 227 165 369
chair 0.1661 380 213 437 368
chair 0.1095 265 162 333 219
chair 0.0987 277 200 383 324
chair 0.0923 297 263 387 368
chair 0.0838 155 189 187 216
chair 0.0773 91 167 147 225
chair 0.0484 268 195 366 267
chair 0.0426 215 225 358 298
chair 0.0326 132 207 198 230
chair 0.0293 192 248 294 369
chair 0.0272 88 186 203 243
chair 0.0225 232 150 345 232
chair 0.0192 220 251 359 365
chair 0.0182 268 202 298 226
chair 0.0162 114 192 226 259
chair 0.0147 183 180 387 355
chair 0.0124 107 164 145 199
chair 0.0120 81 167 160 263
chair 0.0120 122 225 308 299
chair 0.0113 276 102 456 359
chair 0.0106 266 285 296 374
chair 0.0103 158 201 198 229
chair 0.0103 107 200 137 230
chair 0.0096 147 192 208 233
chair 0.0092 137 179 194 226
chair 0.0092 269 189 301 214
chair 0.0091 104 175 141 210
chair 0.0083 78 170 140 192
chair 0.0075 113 223 181 241
chair 0.0074 128 160 148 202
chair 0.0071 79 170 124 342
chair 0.0068 313 162 348 221
chair 0.0067 184 237 217 261
chair 0.0067 90 174 125 211
chair 0.0066 108 212 213 291
chair 0.0063 183 208 209 230
chair 0.0056 273 150 320 166
chair 0.0051 386 218 435 293
chair 0.0047 93 214 130 369
chair 0.0044 306 174 334 215
chair 0.0044 226 106 254 144
chair 0.0041 87 207 341 258
chair 0.0039 165 242 195 267
chair 0.0037 277 202 353 244
chair 0.0035 285 125 308 154
chair 0.0035 189 189 221 213
chair 0.0034 251 126 393 336
chair 0.0032 230 199 263 236
chair 0.0031 96 173 147 300
chair 0.0031 125 163 210 230
chair 0.0027 270 282 318 373
chair 0.0024 273 161 322 193
chair 0.0021 299 163 339 194
chair 0.0020 189 274 208 320
chair 0.0020 314 209 348 235
chair 0.0020 210 99 296 232
chair 0.0019 400 222 433 254
chair 0.0017 117 165 167 225
chair 0.0017 138 308 265 378
chair 0.0016 174 229 225 278
chair 0.0016 78 176 134 244
chair 0.0016 398 228 426 271
chair 0.0016 262 115 286 151
chair 0.0014 125 208 197 260
chair 0.0014 264 258 327 276
chair 0.0013 199 106 361 277
chair 0.0012 159 224 202 242
chair 0.0012 255 192 304 240
chair 0.0012 243 109 278 143
chair 0.0011 236 291 284 375
chair 0.0011 388 197 467 328
sofa 0.0019 260 157 344 231
pottedplant 0.9489 203 119 289 237
pottedplant 0.5918 337 0 446 56
pottedplant 0.0484 344 3 411 50
pottedplant 0.0290 327 28 355 51
pottedplant 0.0257 182 108 335 271
pottedplant 0.0194 285 125 308 154
pottedplant 0.0165 266 156 333 213
pottedplant 0.0152 416 21 442 54
pottedplant 0.0133 160 189 189 215
pottedplant 0.0132 337 26 367 53
pottedplant 0.0119 232 150 345 232
pottedplant 0.0074 274 187 312 213
pottedplant 0.0072 224 152 280 235
pottedplant 0.0067 358 7 403 41
pottedplant 0.0067 158 201 198 229
pottedplant 0.0057 395 25 436 52
pottedplant 0.0036 199 100 289 183
pottedplant 0.0036 201 142 238 208
pottedplant 0.0030 183 208 209 230
pottedplant 0.0029 369 29 421 54
pottedplant 0.0024 354 33 400 52
pottedplant 0.0023 225 110 287 159
pottedplant 0.0022 268 202 298 226
pottedplant 0.0022 229 193 278 243
pottedplant 0.0021 263 111 287 143
pottedplant 0.0020 216 103 237 145
pottedplant 0.0018 379 10 441 63
pottedplant 0.0017 306 174 334 215
pottedplant 0.0016 273 150 320 166
pottedplant 0.0015 231 110 336 204
pottedplant 0.0012 147 192 208 233
pottedplant 0.0011 128 160 148 202
pottedplant 0.0011 332 13 444 104
pottedplant 0.0010 261 134 307 223
pottedplant 0.0010 107 38 126 83
pottedplant 0.0010 191 144 225 207
diningtable 0.3379 117 178 373 355
diningtable 0.2728 191 227 391 375
diningtable 0.1457 132 207 198 230
diningtable 0.1364 122 232 274 372
diningtable 0.0752 263 203 368 262
diningtable 0.0646 87 207 341 258
diningtable 0.0288 215 225 358 298
diningtable 0.0205 209 263 347 365
diningtable 0.0189 150 226 333 277
diningtable 0.0184 114 192 226 259
diningtable 0.0120 127 220 195 238
diningtable 0.0096 261 181 393 362
diningtable 0.0088 192 248 294 369
diningtable 0.0077 88 186 203 243
diningtable 0.0071 121 220 236 284
diningtable 0.0056 146 134 353 306
diningtable 0.0049 277 202 353 244
diningtable 0.0048 83 173 179 364
diningtable 0.0031 273 150 320 166
diningtable 0.0028 243 179 362 251
diningtable 0.0021 137 179 194 226
diningtable 0.0021 115 167 211 234
diningtable 0.0018 158 201 198 229
diningtable 0.0015 260 157 344 231
diningtable 0.0015 159 224 202 242
diningtable 0.0013 155 189 187 216
diningtable 0.0013 147 192 208 233
diningtable 0.0010 78 170 140 192
diningtable 0.0010 290 210 346 236
