person 0.9597 186 70 304 375
person 0.8532 20 51 193 379
person 0.7054 275 10 431 389
person 0.0080 149 51 439 378
person 0.0068 104 80 232 358
person 0.0041 280 247 373 368
person 0.0024 0 266 20 314
person 0.0019 31 27 317 368
person 0.0017 13 212 100 331
person 0.0013 309 237 419 371
person 0.0012 276 237 307 339
person 0.0011 1 274 29 349
bottle 0.0092 41 307 63 344
bottle 0.0073 49 305 69 345
bottle 0.0051 23 315 46 342
bottle 0.0040 278 272 295 317
chair 0.0373 0 266 20 314
chair 0.0131 0 302 90 371
chair 0.0126 1 274 29 349
chair 0.0053 170 217 201 369
chair 0.0046 3 258 99 364
chair 0.0045 13 212 100 331
chair 0.0029 10 300 44 332
chair 0.0028 23 315 46 342
chair 0.0024 -1 323 16 373
chair 0.0023 1 255 44 335
chair 0.0022 0 318 22 347
chair 0.0022 280 247 373 368
chair 0.0021 0 306 24 388
chair 0.0018 39 303 68 333
chair 0.0017 24 244 68 311
chair 0.0015 196 242 296 365
chair 0.0014 17 253 41 297
chair 0.0010 3 358 57 375
chair 0.0010 14 276 43 307
sofa 0.0576 3 258 99 364
sofa 0.0321 0 266 20 314
sofa 0.0166 1 274 29 349
sofa 0.0162 1 308 89 370
sofa 0.0100 16 48 329 382
sofa 0.0077 239 151 437 374
sofa 0.0076 1 255 44 335
sofa 0.0075 13 212 100 331
sofa 0.0058 82 167 254 371
sofa 0.0052 -3 170 430 362
sofa 0.0045 280 247 373 368
sofa 0.0036 149 51 439 378
sofa 0.0030 18 230 314 367
sofa 0.0030 204 167 355 371
sofa 0.0025 10 300 44 332
sofa 0.0020 14 276 43 307
sofa 0.0019 163 233 405 365
sofa 0.0015 234 302 346 364
sofa 0.0010 196 242 296 365
sofa 0.0010 248 247 329 363
diningtable 0.0858 0 302 90 371
diningtable 0.0133 3 258 99 364
diningtable 0.0025 8 338 80 367
diningtable 0.0014 -3 170 430 362
diningtable 0.0012 0 287 28 368
diningtable 0.0012 -10 307 200 368
diningtable 0.0012 18 230 314 367
diningtable 0.0012 0 318 22 347
tvmonitor 0.0041 0 266 20 314
