person 0.0082 128 101 154 137
person 0.0023 69 221 95 247
person 0.0021 179 128 220 156
person 0.0019 43 57 226 245
person 0.0014 63 221 85 248
person 0.0012 128 43 147 78
person 0.0010 68 126 198 238
car 0.0017 -18 160 443 362
car 0.0014 69 221 95 247
car 0.0010 63 221 85 248
aeroplane 0.0037 37 27 304 207
aeroplane 0.0014 45 109 235 248
train 0.0014 37 27 304 207
bird 0.8240 178 132 270 221
bird 0.0206 179 131 222 222
bird 0.0139 36 69 300 235
bird 0.0115 76 126 266 230
bird 0.0024 154 77 332 227
bird 0.0022 179 128 220 156
bird 0.0015 -9 23 360 274
bird 0.0011 73 115 193 200
bird 0.0010 8 92 419 359
cat 0.0129 182 129 287 220
dog 0.0346 182 129 287 220
horse 0.0011 43 57 226 245
sheep 0.0034 68 126 198 238
sheep 0.0017 178 132 270 221
cow 0.0167 182 129 287 220
cow 0.0010 68 126 198 238
sofa 0.0024 34 29 464 347
tvmonitor 0.0024 34 29 464 347
