person 0.3192 358 166 398 217
person 0.3139 66 167 95 201
person 0.2066 153 178 180 213
person 0.1854 170 179 200 211
person 0.0999 375 173 407 212
person 0.0697 184 181 203 214
person 0.0333 275 306 307 370
person 0.0240 29 163 58 196
person 0.0233 54 165 84 199
person 0.0113 418 162 442 201
person 0.0101 415 183 446 215
person 0.0097 168 167 197 200
person 0.0088 154 165 179 203
person 0.0069 157 170 202 214
person 0.0063 62 159 106 203
person 0.0061 342 176 371 214
person 0.0059 337 152 380 216
person 0.0055 132 178 151 217
person 0.0053 209 184 236 212
person 0.0050 390 201 443 223
person 0.0041 303 176 322 214
person 0.0040 481 132 500 293
person 0.0035 486 184 499 244
person 0.0032 345 160 372 205
person 0.0031 400 163 431 199
person 0.0031 126 158 153 244
person 0.0029 384 171 445 222
person 0.0029 113 155 142 247
person 0.0027 299 169 326 263
person 0.0027 395 183 436 213
person 0.0026 223 183 247 212
person 0.0023 302 193 322 232
person 0.0022 0 240 12 308
person 0.0021 351 128 459 239
person 0.0019 132 188 148 238
person 0.0019 133 159 154 198
person 0.0019 2 157 13 234
person 0.0016 331 176 352 216
person 0.0015 116 191 135 243
person 0.0015 250 171 270 211
person 0.0015 92 174 111 210
person 0.0014 278 170 317 260
person 0.0014 116 178 137 216
person 0.0013 346 199 375 221
person 0.0013 350 196 391 221
person 0.0012 350 191 460 261
person 0.0012 272 172 293 209
person 0.0011 149 157 190 211
person 0.0010 322 161 358 235
person 0.0010 185 164 204 203
bicycle 0.0011 181 310 313 366
car 0.0069 390 201 443 223
car 0.0025 0 221 15 259
car 0.0019 350 191 460 261
car 0.0017 196 300 358 369
car 0.0013 -1 213 16 304
car 0.0010 343 218 465 297
car 0.0010 486 184 499 244
bus 0.9473 9 94 486 300
bus 0.0110 15 114 278 305
bus 0.0022 483 147 499 245
bus 0.0013 0 138 17 258
train 0.0036 -19 87 447 305
chair 0.0032 -1 213 16 304
chair 0.0010 390 201 443 223
