person 0.9679 0 44 173 386
person 0.0336 -18 -4 285 386
person 0.0052 51 184 132 288
person 0.0043 -5 221 177 376
person 0.0015 95 197 118 236
car 0.0026 -18 -4 285 386
car 0.0016 265 334 521 375
car 0.0016 101 -21 474 393
aeroplane 0.0028 108 -15 467 320
train 0.0012 101 -21 474 393
boat 0.0015 -17 -21 367 397
chair 0.0110 -5 221 177 376
chair 0.0100 82 292 170 372
chair 0.0070 265 334 521 375
chair 0.0050 77 206 132 291
chair 0.0018 44 205 141 303
sofa 0.0102 -5 221 177 376
sofa 0.0092 280 329 510 375
diningtable 0.0202 280 329 510 375
tvmonitor 0.0368 101 -21 474 393
tvmonitor 0.0035 -18 -4 285 386
tvmonitor 0.0010 0 0 175 242
