person 0.8794 70 92 273 440
person 0.8371 256 80 448 419
person 0.2312 263 142 304 207
person 0.0074 278 142 308 172
person 0.0067 251 143 321 303
person 0.0059 104 84 264 290
person 0.0054 268 66 449 243
person 0.0031 235 107 333 413
person 0.0025 252 136 326 223
person 0.0021 208 15 510 373
person 0.0013 346 129 446 253
person 0.0013 52 291 226 433
person 0.0013 77 49 424 404
person 0.0012 157 88 263 200
person 0.0012 92 327 204 431
dog 0.0011 306 161 411 283
bottle 0.0027 263 142 304 207
bottle 0.0027 132 276 160 304
bottle 0.0022 358 192 381 219
bottle 0.0010 263 172 293 205
chair 0.1828 55 128 276 433
chair 0.0867 256 80 448 419
chair 0.0370 415 203 448 294
chair 0.0365 297 336 417 433
chair 0.0052 391 197 441 264
chair 0.0050 201 233 357 428
chair 0.0048 243 213 312 353
chair 0.0041 399 206 427 250
chair 0.0039 350 91 453 421
chair 0.0039 61 286 272 435
chair 0.0038 80 315 205 431
chair 0.0027 402 232 429 263
chair 0.0026 163 298 260 430
chair 0.0025 347 148 443 274
chair 0.0022 415 209 445 253
chair 0.0022 415 224 440 276
chair 0.0021 246 297 464 432
chair 0.0020 416 236 437 294
chair 0.0019 384 37 501 404
chair 0.0015 403 246 430 287
chair 0.0014 344 204 447 310
chair 0.0013 394 233 439 297
chair 0.0012 117 288 227 402
chair 0.0010 14 230 411 432
sofa 0.1595 34 148 305 417
sofa 0.0239 33 223 465 435
sofa 0.0182 253 153 451 427
sofa 0.0051 157 195 339 413
sofa 0.0021 52 291 226 433
sofa 0.0019 236 295 445 437
sofa 0.0016 297 336 417 433
sofa 0.0015 163 298 260 430
sofa 0.0013 113 285 306 438
tvmonitor 0.0088 297 336 417 433
