person 0.0466 269 100 288 134
person 0.0040 283 105 315 134
person 0.0031 233 104 257 132
person 0.0017 248 100 276 132
person 0.0012 101 266 133 295
person 0.0010 382 107 408 133
person 0.0010 135 275 186 319
car 0.0171 0 95 32 115
car 0.0101 428 182 500 286
car 0.0074 415 108 452 128
car 0.0066 430 192 499 243
car 0.0062 176 279 218 305
car 0.0060 336 110 371 131
car 0.0058 359 111 388 132
car 0.0046 97 266 129 295
car 0.0035 131 112 162 129
car 0.0033 233 104 257 132
car 0.0028 -45 215 468 365
car 0.0027 94 110 126 129
car 0.0027 -42 300 465 371
car 0.0026 420 111 482 129
car 0.0016 30 15 550 362
car 0.0016 0 103 28 122
car 0.0016 208 110 240 131
car 0.0010 450 109 482 130
motorbike 0.0649 30 15 550 362
aeroplane 0.7005 -30 18 453 364
aeroplane 0.0607 46 30 293 63
aeroplane 0.0322 137 57 501 333
aeroplane 0.0120 0 95 32 115
aeroplane 0.0062 51 28 300 95
aeroplane 0.0047 -45 215 468 365
aeroplane 0.0027 84 31 267 276
aeroplane 0.0013 0 103 28 122
bus 0.0286 0 95 32 115
bus 0.0017 453 90 477 120
train 0.0086 435 178 500 282
train 0.0018 0 95 32 115
train 0.0013 430 192 499 243
train 0.0013 22 137 555 371
boat 0.0027 435 178 500 282
boat 0.0018 440 126 500 258
boat 0.0016 137 57 501 333
boat 0.0016 0 95 32 115
boat 0.0015 479 98 500 218
boat 0.0011 430 192 499 243
