person 0.9717 33 34 101 190
person 0.3886 256 218 325 360
person 0.2645 81 37 116 181
person 0.2100 88 98 247 470
person 0.1774 290 165 331 242
person 0.1435 265 91 308 149
person 0.1078 114 83 276 340
person 0.0379 261 164 333 320
person 0.0375 103 33 132 182
person 0.0366 255 79 327 200
person 0.0360 276 93 305 129
person 0.0300 131 296 219 437
person 0.0294 258 103 294 186
person 0.0286 295 96 331 233
person 0.0198 265 142 311 230
person 0.0172 0 145 78 282
person 0.0168 257 105 280 151
person 0.0161 260 228 326 292
person 0.0158 0 1 44 21
person 0.0150 85 34 112 60
person 0.0123 134 49 168 84
person 0.0121 100 266 239 474
person 0.0120 115 111 210 227
person 0.0120 304 139 329 180
person 0.0112 104 26 175 174
person 0.0111 63 164 184 474
person 0.0109 293 320 330 384
person 0.0104 296 77 333 165
person 0.0100 299 175 326 228
person 0.0098 0 197 118 464
person 0.0098 288 182 331 297
person 0.0098 111 31 165 94
person 0.0095 292 330 331 459
person 0.0094 106 31 135 108
person 0.0082 2 10 43 43
person 0.0075 22 93 143 412
person 0.0074 209 0 258 56
person 0.0074 35 21 306 407
person 0.0069 301 124 325 166
person 0.0066 293 267 331 360
person 0.0062 301 202 328 242
person 0.0058 285 212 329 342
person 0.0056 85 47 112 84
person 0.0055 242 98 312 227
person 0.0047 277 128 336 239
person 0.0046 -1 12 50 79
person 0.0046 312 177 332 224
person 0.0044 271 177 321 252
person 0.0044 302 103 325 147
person 0.0042 126 42 188 93
person 0.0041 253 66 330 366
person 0.0039 298 164 326 206
person 0.0037 110 40 129 90
person 0.0036 6 48 104 287
person 0.0036 269 146 306 181
person 0.0036 98 8 178 106
person 0.0034 4 28 40 61
person 0.0033 172 139 321 434
person 0.0033 80 35 116 103
person 0.0032 255 93 285 121
person 0.0031 309 176 334 254
person 0.0030 315 121 331 170
person 0.0027 199 270 304 386
person 0.0027 256 142 278 188
person 0.0027 313 75 332 168
person 0.0023 310 138 333 227
person 0.0022 160 29 198 103
person 0.0020 65 85 214 349
person 0.0020 47 34 79 66
person 0.0020 253 270 296 363
person 0.0019 25 29 51 67
person 0.0018 246 122 267 170
person 0.0018 234 89 274 162
person 0.0018 206 119 284 236
person 0.0018 115 0 158 53
person 0.0017 1 19 17 75
person 0.0016 313 159 332 207
person 0.0016 23 16 51 45
person 0.0015 124 8 154 48
person 0.0014 111 300 160 363
person 0.0014 189 87 286 344
person 0.0014 249 102 272 151
person 0.0014 272 128 305 155
person 0.0014 156 276 242 397
person 0.0014 273 226 311 250
person 0.0014 66 11 195 186
person 0.0014 286 175 309 232
person 0.0013 17 0 60 17
person 0.0013 166 43 190 87
person 0.0013 236 196 318 328
person 0.0012 44 52 72 86
person 0.0012 265 246 303 275
person 0.0011 18 18 61 80
person 0.0011 181 293 215 331
person 0.0011 232 276 273 353
person 0.0010 305 80 327 130
person 0.0010 244 143 264 185
bicycle 0.1075 0 394 43 502
bicycle 0.0136 3 370 84 501
bicycle 0.0083 0 297 110 503
bicycle 0.0039 100 266 239 474
bicycle 0.0029 260 127 312 202
bicycle 0.0025 258 103 294 186
bicycle 0.0023 255 79 327 200
bicycle 0.0019 0 371 45 462
bicycle 0.0016 114 114 292 455
bicycle 0.0016 131 296 219 437
bicycle 0.0014 205 82 281 179
bicycle 0.0012 256 142 278 188
bicycle 0.0011 256 142 299 226
car 0.1857 292 330 331 459
car 0.1115 117 42 201 163
car 0.0427 187 315 325 427
car 0.0207 293 320 330 384
car 0.0115 159 294 236 431
car 0.0109 113 18 197 116
car 0.0089 126 42 188 93
car 0.0086 100 266 239 474
car 0.0073 114 174 301 471
car 0.0050 126 86 216 167
car 0.0045 168 220 328 433
car 0.0043 111 31 165 94
car 0.0030 298 389 331 459
car 0.0025 160 29 198 103
car 0.0022 0 1 44 21
car 0.0022 105 10 227 184
car 0.0012 260 127 312 202
car 0.0011 109 39 162 171
car 0.0011 134 49 168 84
car 0.0011 206 119 284 236
motorbike 0.4848 292 330 331 459
motorbike 0.3400 256 218 325 360
motorbike 0.1282 293 320 330 384
motorbike 0.1154 258 111 325 236
motorbike 0.1091 216 320 326 425
motorbike 0.0818 265 142 311 230
motorbike 0.0529 293 267 331 360
motorbike 0.0519 168 220 328 433
motorbike 0.0293 256 119 298 205
motorbike 0.0218 114 174 301 471
motorbike 0.0153 159 294 236 431
motorbike 0.0143 100 266 239 474
motorbike 0.0131 260 228 326 292
motorbike 0.0127 -1 374 54 504
motorbike 0.0126 257 157 296 236
motorbike 0.0096 258 153 280 199
motorbike 0.0090 205 145 292 259
motorbike 0.0078 199 270 304 386
motorbike 0.0071 262 102 308 183
motorbike 0.0064 297 298 325 341
motorbike 0.0059 280 159 309 199
motorbike 0.0054 262 182 285 229
motorbike 0.0053 300 309 329 356
motorbike 0.0048 286 175 309 232
motorbike 0.0047 261 164 333 320
motorbike 0.0042 271 177 321 252
motorbike 0.0041 290 165 331 242
motorbike 0.0038 256 275 324 388
motorbike 0.0036 240 82 314 207
motorbike 0.0033 253 270 296 363
motorbike 0.0032 265 246 303 275
motorbike 0.0029 236 196 318 328
motorbike 0.0028 273 226 311 250
motorbike 0.0028 255 241 301 308
motorbike 0.0024 207 100 300 227
motorbike 0.0024 247 157 270 198
motorbike 0.0024 205 82 281 179
motorbike 0.0024 269 146 306 181
motorbike 0.0022 256 275 277 310
motorbike 0.0022 231 145 274 219
motorbike 0.0022 0 356 90 473
motorbike 0.0022 296 351 332 386
motorbike 0.0021 6 214 330 515
motorbike 0.0019 295 96 331 233
motorbike 0.0018 236 148 313 249
motorbike 0.0018 275 195 304 240
motorbike 0.0016 244 143 264 185
motorbike 0.0016 0 297 110 503
motorbike 0.0016 298 389 331 459
motorbike 0.0016 114 83 276 340
motorbike 0.0014 256 94 296 156
motorbike 0.0011 257 113 276 164
motorbike 0.0011 253 208 302 275
motorbike 0.0011 189 355 230 422
motorbike 0.0011 189 87 286 344
motorbike 0.0010 254 338 286 370
motorbike 0.0010 285 212 329 342
motorbike 0.0010 273 315 339 443
motorbike 0.0010 253 66 330 366
bus 0.0014 70 14 325 413
boat 0.0015 113 18 197 116
horse 0.0397 88 98 247 470
horse 0.0022 23 143 314 497
horse 0.0017 255 233 329 362
horse 0.0014 100 266 239 474
bottle 0.0016 221 136 249 160
bottle 0.0016 -1 147 79 282
bottle 0.0011 221 141 254 173
chair 0.0835 57 355 104 423
chair 0.0712 3 367 84 502
chair 0.0571 0 297 110 503
chair 0.0462 0 373 45 500
chair 0.0402 0 125 116 448
chair 0.0400 117 89 210 171
chair 0.0353 -3 263 118 410
chair 0.0170 3 354 111 434
chair 0.0136 125 115 195 163
chair 0.0089 296 77 333 165
chair 0.0084 0 1 44 21
chair 0.0080 273 97 302 143
chair 0.0072 33 309 119 421
chair 0.0066 262 102 308 183
chair 0.0061 35 363 94 430
chair 0.0060 206 86 257 154
chair 0.0044 136 103 209 154
chair 0.0037 265 142 311 230
chair 0.0033 126 42 188 93
chair 0.0032 111 31 165 94
chair 0.0027 302 103 325 147
chair 0.0027 -1 147 79 282
chair 0.0027 113 18 197 116
chair 0.0026 272 128 305 155
chair 0.0025 257 113 276 164
chair 0.0023 110 90 160 167
chair 0.0021 269 146 306 181
chair 0.0019 280 159 309 199
chair 0.0019 256 119 298 205
chair 0.0017 313 75 332 168
chair 0.0017 305 80 327 130
chair 0.0015 102 67 187 183
chair 0.0015 254 78 329 174
chair 0.0014 256 142 278 188
chair 0.0013 286 175 309 232
chair 0.0011 2 369 75 428
chair 0.0010 41 0 124 18
sofa 0.0568 0 125 116 448
sofa 0.0072 0 145 78 282
pottedplant 0.0012 207 83 257 141
diningtable 0.0887 -3 263 118 410
diningtable 0.0063 0 125 116 448
diningtable 0.0012 3 354 111 434
tvmonitor 0.0012 41 0 124 18
tvmonitor 0.0010 0 1 44 21
