person 0.0224 356 141 388 169
person 0.0110 338 138 378 169
person 0.0059 455 90 489 121
person 0.0043 171 125 193 156
person 0.0022 412 142 454 168
person 0.0022 159 170 242 256
person 0.0022 321 141 351 169
person 0.0018 476 88 496 122
person 0.0012 100 164 320 326
person 0.0012 442 89 462 121
person 0.0010 172 170 412 231
car 0.2633 465 140 501 165
car 0.1840 166 162 235 181
car 0.1205 110 160 171 180
car 0.0542 467 129 501 158
car 0.0513 146 144 183 169
car 0.0499 113 151 172 173
car 0.0411 163 145 200 174
car 0.0401 177 149 225 175
car 0.0211 108 136 179 178
car 0.0192 139 161 182 181
car 0.0122 107 154 175 189
car 0.0102 28 152 68 170
car 0.0092 450 130 501 174
car 0.0066 225 146 257 171
car 0.0058 194 145 245 169
car 0.0058 465 109 500 168
car 0.0056 144 151 260 194
car 0.0053 133 127 186 152
car 0.0049 75 150 139 167
car 0.0048 426 164 483 181
car 0.0046 387 148 440 167
car 0.0043 130 131 272 182
car 0.0041 165 135 234 180
car 0.0037 127 123 163 149
car 0.0036 71 162 141 179
car 0.0035 85 127 206 183
car 0.0033 149 137 332 175
car 0.0031 249 148 308 171
car 0.0026 321 141 351 169
car 0.0025 223 163 266 179
car 0.0025 242 243 355 330
car 0.0025 231 145 288 168
car 0.0024 312 163 394 177
car 0.0023 226 167 291 182
car 0.0023 132 129 193 176
car 0.0023 46 151 85 171
car 0.0021 237 164 319 178
car 0.0019 33 162 102 178
car 0.0018 428 135 471 171
car 0.0017 338 138 378 169
car 0.0015 61 152 107 170
car 0.0015 159 170 242 256
car 0.0014 4 150 49 170
car 0.0013 356 141 388 169
car 0.0010 472 161 500 184
car 0.0010 399 131 497 175
bus 0.0086 190 137 372 176
bus 0.0030 465 140 501 165
bus 0.0012 133 127 186 152
bus 0.0010 467 129 501 158
train 0.0062 62 147 516 333
train 0.0028 465 140 501 165
train 0.0016 190 137 372 176
boat 0.0626 33 162 102 178
boat 0.0571 97 160 161 180
boat 0.0407 166 162 235 181
boat 0.0333 465 140 501 165
boat 0.0259 96 151 159 172
boat 0.0205 387 148 440 167
boat 0.0123 28 152 68 170
boat 0.0119 426 164 483 181
boat 0.0114 335 129 491 173
boat 0.0113 71 162 141 179
boat 0.0110 61 152 107 170
boat 0.0097 46 151 85 171
boat 0.0080 450 130 501 174
boat 0.0069 91 138 166 179
boat 0.0067 420 130 481 175
boat 0.0066 379 104 501 167
boat 0.0066 75 150 139 167
boat 0.0048 412 142 454 168
boat 0.0047 321 132 390 173
boat 0.0046 305 164 368 177
boat 0.0046 338 138 378 169
boat 0.0037 26 143 166 181
boat 0.0033 275 130 433 175
boat 0.0031 356 141 388 169
boat 0.0027 367 143 422 165
boat 0.0026 9 155 121 193
boat 0.0025 467 129 501 158
boat 0.0020 139 161 182 181
boat 0.0018 200 157 429 189
boat 0.0016 237 164 319 178
boat 0.0015 3 161 50 177
boat 0.0015 4 150 49 170
boat 0.0014 177 149 225 175
boat 0.0014 261 167 377 178
boat 0.0013 190 135 404 176
boat 0.0010 321 141 351 169
boat 0.0010 119 106 233 170
boat 0.0010 383 133 445 173
boat 0.0010 0 171 107 233
bottle 0.0107 301 245 344 313
bottle 0.0014 321 141 351 169
bottle 0.0010 338 138 378 169
chair 0.0016 159 170 242 256
pottedplant 0.0030 455 90 489 121
diningtable 0.0020 52 164 301 325
diningtable 0.0019 185 159 462 327
diningtable 0.0012 2 158 179 330
