person 0.1316 410 304 445 344
person 0.0305 0 85 11 156
person 0.0254 452 98 499 221
person 0.0238 456 124 483 159
person 0.0204 406 299 432 340
person 0.0197 0 56 19 300
person 0.0102 480 84 501 162
person 0.0075 440 100 492 171
person 0.0072 340 89 396 160
person 0.0066 363 111 386 156
person 0.0059 455 153 500 234
person 0.0057 443 127 472 161
person 0.0052 345 145 375 169
person 0.0045 454 140 492 174
person 0.0045 470 135 499 296
person 0.0030 441 137 467 169
person 0.0027 240 100 269 134
person 0.0023 188 103 248 133
person 0.0022 445 150 501 310
person 0.0019 447 104 483 135
person 0.0018 0 17 16 155
person 0.0018 341 116 364 161
person 0.0013 417 77 496 220
person 0.0012 105 83 265 194
person 0.0011 352 150 388 169
person 0.0010 345 102 372 144
person 0.0010 0 49 9 118
person 0.0010 296 272 441 340
bicycle 0.0133 296 272 441 340
bicycle 0.0032 139 168 503 341
bicycle 0.0021 268 274 386 338
bicycle 0.0012 7 84 495 349
car 0.0129 139 168 503 341
car 0.0048 455 153 500 234
car 0.0034 7 84 495 349
car 0.0021 296 272 441 340
motorbike 0.0627 7 84 495 349
motorbike 0.0121 139 168 503 341
bus 0.1155 6 21 499 353
bus 0.0104 440 87 498 234
bus 0.0016 126 13 501 227
bus 0.0013 311 48 502 248
bus 0.0012 440 100 492 171
bus 0.0012 -6 5 297 310
bus 0.0011 397 44 496 323
bus 0.0010 0 49 14 154
train 0.3952 6 21 499 353
train 0.0017 157 150 489 319
train 0.0016 0 49 14 154
bird 0.0195 405 305 433 344
bird 0.0070 418 298 444 341
bird 0.0012 296 272 441 340
cat 0.0049 405 305 433 344
cat 0.0024 296 272 441 340
dog 0.0126 405 305 433 344
dog 0.0053 307 273 482 343
cow 0.0012 405 302 448 345
chair 0.0036 296 272 441 340
chair 0.0028 455 153 500 234
chair 0.0016 474 143 500 326
chair 0.0016 445 150 501 310
chair 0.0015 408 175 495 280
tvmonitor 0.0367 0 85 11 156
tvmonitor 0.0027 0 17 16 155
tvmonitor 0.0021 0 49 9 118
tvmonitor 0.0011 483 89 500 154
