person 0.7201 245 37 310 92
person 0.2445 485 139 499 182
person 0.1081 281 34 311 81
person 0.0361 92 187 112 242
person 0.0293 280 32 307 61
person 0.0261 481 146 498 199
person 0.0249 37 200 62 237
person 0.0210 89 182 112 217
person 0.0189 254 42 293 85
person 0.0179 184 186 213 209
person 0.0175 242 41 280 86
person 0.0160 47 196 76 231
person 0.0135 87 181 116 259
person 0.0121 241 41 290 112
person 0.0114 94 210 114 260
person 0.0100 0 200 14 241
person 0.0098 261 34 296 58
person 0.0098 143 184 184 210
person 0.0096 160 185 201 208
person 0.0095 136 186 163 210
person 0.0090 73 196 104 227
person 0.0082 461 158 487 193
person 0.0055 109 181 139 213
person 0.0052 233 45 423 107
person 0.0052 385 180 412 202
person 0.0036 65 184 112 251
person 0.0034 5 209 45 235
person 0.0033 425 152 445 193
person 0.0033 386 169 410 198
person 0.0029 107 190 135 233
person 0.0028 31 203 113 297
person 0.0027 146 259 176 287
person 0.0026 124 257 158 285
person 0.0026 486 117 500 172
person 0.0025 239 45 314 152
person 0.0025 451 145 498 214
person 0.0024 459 142 478 186
person 0.0023 0 159 10 234
person 0.0022 249 35 275 61
person 0.0017 147 271 170 313
person 0.0014 129 196 157 232
person 0.0014 72 187 107 215
person 0.0013 475 122 499 265
person 0.0013 40 190 91 244
person 0.0011 240 59 285 141
person 0.0011 224 277 254 309
person 0.0011 166 274 200 314
person 0.0010 400 156 423 197
person 0.0010 456 125 496 192
person 0.0010 473 151 499 360
bicycle 0.0776 453 211 498 378
bicycle 0.0159 470 197 500 354
bicycle 0.0088 318 177 494 355
bicycle 0.0033 399 231 494 359
bicycle 0.0029 319 256 419 333
bicycle 0.0017 481 246 500 303
bicycle 0.0016 348 266 406 329
bicycle 0.0013 323 246 504 336
bicycle 0.0011 225 189 430 348
bicycle 0.0011 470 287 499 373
bicycle 0.0010 478 262 499 319
car 0.0126 5 209 45 235
car 0.0067 461 158 487 193
car 0.0064 37 200 62 237
car 0.0060 451 145 498 214
car 0.0045 0 212 17 244
car 0.0042 481 146 498 199
car 0.0033 446 137 497 323
car 0.0026 374 111 497 346
car 0.0020 485 139 499 182
car 0.0019 136 186 163 210
car 0.0018 446 177 500 213
car 0.0017 47 196 76 231
car 0.0013 261 34 296 58
motorbike 0.0036 37 200 62 237
motorbike 0.0025 75 14 506 365
motorbike 0.0010 446 160 500 371
bus 0.0041 242 61 481 316
bus 0.0031 374 111 497 346
bus 0.0023 75 14 506 365
bus 0.0019 445 113 500 358
train 0.0172 75 14 506 365
train 0.0042 242 61 481 316
train 0.0033 445 113 500 358
train 0.0029 374 111 497 346
boat 0.0187 221 15 487 368
boat 0.0041 374 111 497 346
boat 0.0022 220 80 438 285
horse 0.8254 99 182 255 321
horse 0.6299 47 203 116 298
horse 0.1500 143 184 184 210
horse 0.1472 37 200 62 237
horse 0.1156 160 185 201 208
horse 0.1122 152 186 269 285
horse 0.0960 95 185 182 294
horse 0.0905 136 186 163 210
horse 0.0883 89 182 112 217
horse 0.0818 47 196 76 231
horse 0.0727 5 209 45 235
horse 0.0636 184 186 213 209
horse 0.0600 109 181 139 213
horse 0.0490 72 187 107 215
horse 0.0395 87 181 116 259
horse 0.0382 92 187 112 242
horse 0.0380 65 184 112 251
horse 0.0342 40 190 91 244
horse 0.0337 73 196 104 227
horse 0.0144 94 210 114 260
horse 0.0113 0 194 50 243
horse 0.0107 0 200 14 241
horse 0.0102 34 208 53 246
horse 0.0082 3 196 96 281
horse 0.0075 46 191 92 214
horse 0.0067 61 178 147 303
horse 0.0066 107 190 135 233
horse 0.0065 35 190 73 280
horse 0.0064 82 206 121 294
horse 0.0063 186 199 217 231
horse 0.0052 32 173 107 265
horse 0.0047 102 177 148 223
horse 0.0040 134 177 197 213
horse 0.0034 149 197 177 228
horse 0.0034 163 196 197 228
horse 0.0031 129 178 241 262
horse 0.0031 190 203 254 264
horse 0.0028 103 190 153 312
horse 0.0028 177 186 230 248
horse 0.0026 36 144 133 229
horse 0.0025 0 159 46 237
horse 0.0025 140 182 189 254
horse 0.0024 74 209 101 259
horse 0.0021 114 173 173 216
horse 0.0021 85 177 127 226
horse 0.0020 115 183 164 254
horse 0.0019 129 196 157 232
horse 0.0018 51 207 78 255
horse 0.0017 0 159 10 234
horse 0.0017 124 257 158 285
horse 0.0016 0 220 51 286
horse 0.0016 158 183 206 248
horse 0.0016 149 256 270 325
horse 0.0015 164 163 267 234
horse 0.0014 214 206 268 261
horse 0.0013 129 183 357 342
horse 0.0013 38 179 100 224
horse 0.0013 117 173 235 225
horse 0.0012 36 191 61 217
horse 0.0011 93 229 115 274
horse 0.0011 88 172 161 267
horse 0.0011 29 141 155 313
horse 0.0011 79 171 188 226
horse 0.0010 15 184 43 217
sheep 0.0010 4 213 47 242
cow 0.0622 47 203 116 298
cow 0.0060 5 209 45 235
cow 0.0059 0 200 14 241
cow 0.0020 37 200 62 237
chair 0.0030 5 209 45 235
chair 0.0027 0 200 14 241
chair 0.0015 37 200 62 237
chair 0.0012 467 236 499 381
pottedplant 0.0084 0 200 14 241
pottedplant 0.0066 0 149 14 242
pottedplant 0.0033 0 159 46 237
pottedplant 0.0018 5 209 45 235
pottedplant 0.0010 15 184 43 217
tvmonitor 0.0024 276 125 323 193
tvmonitor 0.0011 264 134 369 231
