person 0.4002 1 184 128 366
person 0.0640 393 306 505 370
person 0.0265 272 316 468 374
person 0.0154 170 134 204 171
person 0.0055 202 124 249 186
person 0.0055 428 244 502 369
person 0.0052 151 134 173 175
person 0.0043 160 127 207 181
person 0.0031 246 121 273 163
person 0.0028 -3 43 128 338
person 0.0025 143 97 267 218
person 0.0023 371 228 503 375
person 0.0021 207 112 262 169
person 0.0021 143 119 190 199
person 0.0020 1 191 60 350
person 0.0019 171 116 218 175
person 0.0017 319 234 343 271
person 0.0016 206 113 246 134
person 0.0015 34 242 137 368
person 0.0013 287 94 314 119
person 0.0012 -3 324 143 374
person 0.0010 -4 79 75 372
person 0.0010 264 50 299 71
bicycle 0.0012 216 113 254 135
car 0.0197 287 94 314 119
car 0.0028 246 121 273 163
car 0.0011 216 113 254 135
bird 0.0018 319 234 343 271
bird 0.0018 287 94 314 119
cat 0.0057 319 234 343 271
dog 0.0050 319 234 343 271
horse 0.0031 319 234 343 271
bottle 0.0312 319 234 343 271
bottle 0.0082 103 115 122 154
bottle 0.0033 287 94 314 119
bottle 0.0019 225 38 248 74
bottle 0.0015 264 50 299 71
bottle 0.0011 314 233 334 272
chair 0.2753 -2 205 138 374
chair 0.1260 -3 324 143 374
chair 0.0530 272 316 468 374
chair 0.0051 27 243 135 348
chair 0.0041 393 306 505 370
chair 0.0040 325 208 393 325
chair 0.0036 254 229 482 378
chair 0.0023 293 254 433 361
chair 0.0018 0 184 95 258
chair 0.0017 353 254 383 320
chair 0.0014 106 12 154 88
chair 0.0013 1 40 20 94
chair 0.0013 54 219 140 301
chair 0.0011 17 344 148 380
chair 0.0011 226 11 255 36
chair 0.0011 2 38 42 125
sofa 0.1875 -2 205 138 374
sofa 0.0713 272 316 468 374
sofa 0.0533 393 306 505 370
sofa 0.0197 254 229 482 378
sofa 0.0079 0 327 137 373
sofa 0.0044 429 250 501 372
sofa 0.0032 1 191 60 350
sofa 0.0025 27 243 135 348
sofa 0.0024 149 202 408 377
sofa 0.0023 359 265 509 366
pottedplant 0.0157 248 -4 277 18
pottedplant 0.0077 319 234 343 271
pottedplant 0.0042 238 -6 280 61
pottedplant 0.0016 226 -2 258 18
pottedplant 0.0013 103 115 122 154
pottedplant 0.0011 312 229 357 275
pottedplant 0.0010 195 -4 296 70
diningtable 0.2049 160 199 388 337
diningtable 0.0054 0 327 137 373
diningtable 0.0019 183 224 453 372
diningtable 0.0015 434 305 499 367
tvmonitor 0.8942 135 86 288 229
tvmonitor 0.0787 180 0 226 47
tvmonitor 0.0564 53 133 130 237
tvmonitor 0.0172 186 1 224 22
tvmonitor 0.0122 160 127 207 181
tvmonitor 0.0077 0 42 29 119
tvmonitor 0.0062 128 103 209 217
tvmonitor 0.0056 143 119 190 199
tvmonitor 0.0048 59 113 116 160
tvmonitor 0.0038 170 134 204 171
tvmonitor 0.0012 202 124 249 186
tvmonitor 0.0012 158 0 249 85
tvmonitor 0.0012 1 40 20 94
tvmonitor 0.0010 1 116 43 174
